Wavelength	rt0711a300007.asd
350	 0.123648556789417 
351	 0.125076956637832 
352	 0.126398499086476 
353	 0.127793782930095 
354	 0.129282126329503 
355	 0.130632986420223 
356	 0.132237781346202 
357	 0.133745019265117 
358	 0.134827820948521 
359	 0.136271673693849 
360	 0.137602818966088 
361	 0.139154621508838 
362	 0.14150949860944 
363	 0.141760550927349 
364	 0.142123796790793 
365	 0.143713981371689 
366	 0.145072331781907 
367	 0.146435416469177 
368	 0.147527677985696 
369	 0.148297134934786 
370	 0.14981217132982 
371	 0.151124494475054 
372	 0.1522132079999 
373	 0.153531544515379 
374	 0.154369995172346 
375	 0.155425473050939 
376	 0.156838498993428 
377	 0.157827397136195 
378	 0.158507870880652 
379	 0.159200900176687 
380	 0.160119877265657 
381	 0.160968883439018 
382	 0.161822901061904 
383	 0.162438016048758 
384	 0.162606256645049 
385	 0.1633481276078 
386	 0.163951870076945 
387	 0.164266106677466 
388	 0.164891874115835 
389	 0.165245699118202 
390	 0.165469520398491 
391	 0.165753380828341 
392	 0.16609536748799 
393	 0.165927289247442 
394	 0.16581660781874 
395	 0.166356542906164 
396	 0.166010337647715 
397	 0.165489734708679 
398	 0.165087951500437 
399	 0.16462052025906 
400	 0.164225001103388 
401	 0.163726562041791 
402	 0.163155023129617 
403	 0.163124492439411 
404	 0.16302714526336 
405	 0.16279364388173 
406	 0.162508708887876 
407	 0.161898409074534 
408	 0.161279775659522 
409	 0.160716798531861 
410	 0.160004139266884 
411	 0.159341157210652 
412	 0.15882901565791 
413	 0.158415415051591 
414	 0.157732983836807 
415	 0.157107636339854 
416	 0.156543847253958 
417	 0.155934985988141 
418	 0.155345704589301 
419	 0.154854997672299 
420	 0.154451365295331 
421	 0.154030368440938 
422	 0.153671209614542 
423	 0.153349188827671 
424	 0.153109820391931 
425	 0.153259265483922 
426	 0.153504333914178 
427	 0.153714009060962 
428	 0.153872856961896 
429	 0.154163104662041 
430	 0.15444944602359 
431	 0.15471776841627 
432	 0.155128442670513 
433	 0.155374192863679 
434	 0.155529440169094 
435	 0.1557258595697 
436	 0.156008675929971 
437	 0.156179977222824 
438	 0.156210317172436 
439	 0.15616574885057 
440	 0.156047879286997 
441	 0.155783428521457 
442	 0.155406036148816 
443	 0.155115599486537 
444	 0.154746532954341 
445	 0.154301399616291 
446	 0.153825128854234 
447	 0.153326418996481 
448	 0.152872184741675 
449	 0.152391337279011 
450	 0.151740253250801 
451	 0.151228148158143 
452	 0.150813782221322 
453	 0.150377203236432 
454	 0.14974272680357 
455	 0.149186609021237 
456	 0.148670822481486 
457	 0.148080186638032 
458	 0.147550705382563 
459	 0.14700559117328 
460	 0.146432265803492 
461	 0.145893256975887 
462	 0.145349524659022 
463	 0.144868010884145 
464	 0.144445284306102 
465	 0.14381703068025 
466	 0.143336231647032 
467	 0.142919338164564 
468	 0.142318007191071 
469	 0.141821052431915 
470	 0.141360540016027 
471	 0.140866499138222 
472	 0.140312377334899 
473	 0.139802374024235 
474	 0.139434604380157 
475	 0.139195272497936 
476	 0.13870610692501 
477	 0.138275084510175 
478	 0.137993748347126 
479	 0.137785665282492 
480	 0.137547973413557 
481	 0.137406597807892 
482	 0.137408651862301 
483	 0.137377748637727 
484	 0.137414972350665 
485	 0.137435930323483 
486	 0.137340755589497 
487	 0.137307284834772 
488	 0.137241832596566 
489	 0.137233748352634 
490	 0.137535446238806 
491	 0.137724918814847 
492	 0.137929340673319 
493	 0.138231274793641 
494	 0.138270948382154 
495	 0.13839255729731 
496	 0.138685440718921 
497	 0.139082118348332 
498	 0.139421498213593 
499	 0.139615264625272 
500	 0.139699410650549 
501	 0.139874351857451 
502	 0.140099769317339 
503	 0.140237825711133 
504	 0.140225155552849 
505	 0.140401322290833 
506	 0.140631769224288 
507	 0.140850747331869 
508	 0.14105472855004 
509	 0.141164685633522 
510	 0.141356438620177 
511	 0.141714597280174 
512	 0.142023687039 
513	 0.142378529987358 
514	 0.142827060012758 
515	 0.143369615761979 
516	 0.143818503591466 
517	 0.144355087485537 
518	 0.144996364473399 
519	 0.145522883891477 
520	 0.146272234816137 
521	 0.147201168079796 
522	 0.148208566742789 
523	 0.149293571253667 
524	 0.150516755098225 
525	 0.151936594459023 
526	 0.15357276376235 
527	 0.155013267457737 
528	 0.156480383707659 
529	 0.158182649853238 
530	 0.160144530528227 
531	 0.16220169111193 
532	 0.164370885098385 
533	 0.166693928130183 
534	 0.168969827300982 
535	 0.171426139203974 
536	 0.174107423876735 
537	 0.176812667631554 
538	 0.17958374101377 
539	 0.182415578148215 
540	 0.185272262152218 
541	 0.188047254340165 
542	 0.190861109722166 
543	 0.193657130775778 
544	 0.196298861250391 
545	 0.198950518079889 
546	 0.201499835751954 
547	 0.203891778699113 
548	 0.206252660959219 
549	 0.208511451736456 
550	 0.210646762258388 
551	 0.212671442615618 
552	 0.214660565472834 
553	 0.216532603891402 
554	 0.218347116281839 
555	 0.220315017194038 
556	 0.222308383110272 
557	 0.22429326274929 
558	 0.22623881658243 
559	 0.228138075044153 
560	 0.229951413929808 
561	 0.2317607116761 
562	 0.233711577702573 
563	 0.235639588753152 
564	 0.237524381687698 
565	 0.239374968033606 
566	 0.241226422239591 
567	 0.24306830612696 
568	 0.244830735843222 
569	 0.246453344126228 
570	 0.248087249432746 
571	 0.249621548464238 
572	 0.251027689011267 
573	 0.252382726659847 
574	 0.253763338868691 
575	 0.255086796306641 
576	 0.256279314185453 
577	 0.257483582382816 
578	 0.258413229890449 
579	 0.259168053239505 
580	 0.260065190961778 
581	 0.260959519824035 
582	 0.26184716885741 
583	 0.262757291456872 
584	 0.263764544606445 
585	 0.2645935420854 
586	 0.265263279977718 
587	 0.265904685267182 
588	 0.266567227435346 
589	 0.267016026969364 
590	 0.267247350238455 
591	 0.267539145387948 
592	 0.267946520661886 
593	 0.268282068579783 
594	 0.268404837895269 
595	 0.268506705873899 
596	 0.268598921857569 
597	 0.268693395122769 
598	 0.268797082819016 
599	 0.268914528646952 
600	 0.26905603666163 
601	 0.269238090990841 
602	 0.269491338050983 
603	 0.269723557618408 
604	 0.270000283316645 
605	 0.270387602720759 
606	 0.270674928999202 
607	 0.271011558335411 
608	 0.271355741206702 
609	 0.271469830739735 
610	 0.271759208846785 
611	 0.27213370314361 
612	 0.272435277207054 
613	 0.272627349135748 
614	 0.272840983993189 
615	 0.273070929789435 
616	 0.273243035438996 
617	 0.273447079022215 
618	 0.273687263243941 
619	 0.273963529024074 
620	 0.274286746539952 
621	 0.274542116008129 
622	 0.274729598113406 
623	 0.274902145223772 
624	 0.275155976762509 
625	 0.275341195750478 
626	 0.275482879662751 
627	 0.275765084706013 
628	 0.2759532489097 
629	 0.276194821682202 
630	 0.276561465598788 
631	 0.276733658017538 
632	 0.27683940392529 
633	 0.277001207393134 
634	 0.277314614902977 
635	 0.27766096097791 
636	 0.277865839148457 
637	 0.27795195212771 
638	 0.27822432622842 
639	 0.278489091109692 
640	 0.278672851537817 
641	 0.278784099426454 
642	 0.27903618640709 
643	 0.27917227799317 
644	 0.27923125199493 
645	 0.279466137688073 
646	 0.27940783425892 
647	 0.279401333396728 
648	 0.279670227328569 
649	 0.279836349816393 
650	 0.279865579371425 
651	 0.279874152985262 
652	 0.279988518851519 
653	 0.279910446963525 
654	 0.279782875628014 
655	 0.279611191587233 
656	 0.279215288994932 
657	 0.278999729478694 
658	 0.278840154476981 
659	 0.278577004211254 
660	 0.278300418323666 
661	 0.278161690620699 
662	 0.278050789129036 
663	 0.277738825945164 
664	 0.277605966331746 
665	 0.277484340151424 
666	 0.277279324879178 
667	 0.27715634629785 
668	 0.277027856194216 
669	 0.276973290199155 
670	 0.277062340112844 
671	 0.27704636107641 
672	 0.27708578307964 
673	 0.277208906832062 
674	 0.277308406071181 
675	 0.277442863877863 
676	 0.277592291062058 
677	 0.277766203976939 
678	 0.278097893132439 
679	 0.27835651757631 
680	 0.278590361337676 
681	 0.278955951741063 
682	 0.279368364652819 
683	 0.279821079417014 
684	 0.280267135359933 
685	 0.28063390964404 
686	 0.280993469365437 
687	 0.28135713167984 
688	 0.281709954925987 
689	 0.282087473857778 
690	 0.2823834512793 
691	 0.28255803213789 
692	 0.282625805510511 
693	 0.282710447291594 
694	 0.282908010233023 
695	 0.283134934135357 
696	 0.283071454670579 
697	 0.282902404155982 
698	 0.282661548584862 
699	 0.282374757505951 
700	 0.28215786474413 
701	 0.281950314855922 
702	 0.28170965239626 
703	 0.281406876692799 
704	 0.28093873650166 
705	 0.280395987663015 
706	 0.279866029017436 
707	 0.279337069592885 
708	 0.27874275802882 
709	 0.278066187023369 
710	 0.277295449648141 
711	 0.276350534791322 
712	 0.275235809245464 
713	 0.274003930423654 
714	 0.272716885200346 
715	 0.271328727570261 
716	 0.269805069302909 
717	 0.26824653650996 
718	 0.266790060688882 
719	 0.265386431401499 
720	 0.264082940297681 
721	 0.262726434220822 
722	 0.261347423451197 
723	 0.259677169523581 
724	 0.257845376164696 
725	 0.256119659726681 
726	 0.254315934040288 
727	 0.252225423015607 
728	 0.249829215372483 
729	 0.247563917264164 
730	 0.245100568973735 
731	 0.242636187050105 
732	 0.240472192697417 
733	 0.238658716423806 
734	 0.236886898470588 
735	 0.235221261956081 
736	 0.234216824475318 
737	 0.233299135021695 
738	 0.232531865904618 
739	 0.232056490213581 
740	 0.231718453791875 
741	 0.231490690434791 
742	 0.231334150470758 
743	 0.231213908770624 
744	 0.231188937505137 
745	 0.231118762895485 
746	 0.231004124065923 
747	 0.23105621301315 
748	 0.231011724488502 
749	 0.230932536300291 
750	 0.230925388897988 
751	 0.230957037065589 
752	 0.230984527078996 
753	 0.230980619726108 
754	 0.230940588277592 
755	 0.230975152171437 
756	 0.230747337908567 
757	 0.230264132360787 
758	 0.230058490049465 
759	 0.230673368339639 
760	 0.231449697728352 
761	 0.230955115378147 
762	 0.231239057574145 
763	 0.231482849422924 
764	 0.231705843413563 
765	 0.232079528290982 
766	 0.232138532092784 
767	 0.232131976588543 
768	 0.232184399574434 
769	 0.23230368084822 
770	 0.232558168826853 
771	 0.232846217497722 
772	 0.23309121518109 
773	 0.233381155915586 
774	 0.233704767494295 
775	 0.234034393252859 
776	 0.234346690346187 
777	 0.234678887001253 
778	 0.235019494279351 
779	 0.235361714911037 
780	 0.235711980252515 
781	 0.236132846951272 
782	 0.236540705293427 
783	 0.236907749751624 
784	 0.237402373503769 
785	 0.237809681932095 
786	 0.238237436806829 
787	 0.238818940283214 
788	 0.23919243232527 
789	 0.239629449644422 
790	 0.240209274842884 
791	 0.240814663563047 
792	 0.241224262170635 
793	 0.241625865256066 
794	 0.242148053329407 
795	 0.242719897276302 
796	 0.243060584933321 
797	 0.243365824287415 
798	 0.243835493596741 
799	 0.244147619788766 
800	 0.244455243140069 
801	 0.244786521210304 
802	 0.24510430888512 
803	 0.24544573733163 
804	 0.245617749183252 
805	 0.245601944121011 
806	 0.245585524336977 
807	 0.245595475706266 
808	 0.245486495956272 
809	 0.245136019221377 
810	 0.244533685779978 
811	 0.244175858689597 
812	 0.243952217699633 
813	 0.243530496982895 
814	 0.243020604727408 
815	 0.242516262787752 
816	 0.242023775401863 
817	 0.241448907724858 
818	 0.240663687943972 
819	 0.239559925405497 
820	 0.238355287083712 
821	 0.237725865016465 
822	 0.236453568290796 
823	 0.234620806466403 
824	 0.232661516585477 
825	 0.230624808266057 
826	 0.228484292682825 
827	 0.226177515830441 
828	 0.223774628598688 
829	 0.221314600868159 
830	 0.21917440784471 
831	 0.217403633952861 
832	 0.215828794294705 
833	 0.214350712275474 
834	 0.213119536642824 
835	 0.212182560853121 
836	 0.211428504834964 
837	 0.210610748410438 
838	 0.209900808434157 
839	 0.209424189839229 
840	 0.208932543528434 
841	 0.208535316291941 
842	 0.208136899080289 
843	 0.207613308045337 
844	 0.20703749811587 
845	 0.206556984214258 
846	 0.206126236458753 
847	 0.205607067824125 
848	 0.205374334395405 
849	 0.204970566405553 
850	 0.20428134360784 
851	 0.203743093790747 
852	 0.203714537218341 
853	 0.203583409198542 
854	 0.202977879698264 
855	 0.202491373463469 
856	 0.202012389192482 
857	 0.201534380413591 
858	 0.201106515506191 
859	 0.200948385605124 
860	 0.200619603093614 
861	 0.200062862075558 
862	 0.199494637319966 
863	 0.199391607521032 
864	 0.199314762228216 
865	 0.199002057139789 
866	 0.198466295886716 
867	 0.197985669665134 
868	 0.19746794742139 
869	 0.196883352065652 
870	 0.196356582040791 
871	 0.196065131236329 
872	 0.195498672605943 
873	 0.194524045389974 
874	 0.194162178202716 
875	 0.193872239411431 
876	 0.193208497917675 
877	 0.192128775832438 
878	 0.191871964876752 
879	 0.191599052680106 
880	 0.191100958974914 
881	 0.19047024569338 
882	 0.189495939863534 
883	 0.188950591840833 
884	 0.188523441567216 
885	 0.187305867365425 
886	 0.186938785183663 
887	 0.186596997791836 
888	 0.185879079344099 
889	 0.185180278894246 
890	 0.184538546710491 
891	 0.183966226333749 
892	 0.183485381321355 
893	 0.183158387016257 
894	 0.182645578862507 
895	 0.182307536816954 
896	 0.182254662392152 
897	 0.181184198603292 
898	 0.180886509506149 
899	 0.180673940461924 
900	 0.179541862732557 
901	 0.178581174737649 
902	 0.177974808138598 
903	 0.177390070762953 
904	 0.176505151469585 
905	 0.176112591433996 
906	 0.176173328112973 
907	 0.176051501393536 
908	 0.174936235465907 
909	 0.174013090242786 
910	 0.173217954953493 
911	 0.172457373982223 
912	 0.171729288730004 
913	 0.171173977230969 
914	 0.170315894227442 
915	 0.169167308471159 
916	 0.168281401477653 
917	 0.166796499525582 
918	 0.16532093675448 
919	 0.164255142334588 
920	 0.163427827530434 
921	 0.162153156758445 
922	 0.160934266844144 
923	 0.159949931435443 
924	 0.158225871072332 
925	 0.156400571136415 
926	 0.15523087097223 
927	 0.155008749112461 
928	 0.154132900262937 
929	 0.152809821678155 
930	 0.151889001229907 
931	 0.152522096214258 
932	 0.153995429211828 
933	 0.151991840034132 
934	 0.148325172371658 
935	 0.146792728264065 
936	 0.142080866697121 
937	 0.140454185129958 
938	 0.139605161954405 
939	 0.136629053510663 
940	 0.137684239035685 
941	 0.136752350935035 
942	 0.135260779140495 
943	 0.13704560603454 
944	 0.135988832288683 
945	 0.133732953598452 
946	 0.131818066088121 
947	 0.131062931527748 
948	 0.131131288113948 
949	 0.129465084428864 
950	 0.126791660002853 
951	 0.125723712412872 
952	 0.125943508801346 
953	 0.124570023631944 
954	 0.122140822318607 
955	 0.121388846964449 
956	 0.121727758521427 
957	 0.122082981157477 
958	 0.11994379010601 
959	 0.113981612895372 
960	 0.116876965532823 
961	 0.116771795188292 
962	 0.113865523964303 
963	 0.116695867950539 
964	 0.116235037283495 
965	 0.114423366502111 
966	 0.113005624749994 
967	 0.112596920776505 
968	 0.112180454094894 
969	 0.113051534534342 
970	 0.113947995918072 
971	 0.112108163500414 
972	 0.112919995488076 
973	 0.11359358233148 
974	 0.113373443845978 
975	 0.11403901189473 
976	 0.113089944427547 
977	 0.113256709450625 
978	 0.114068741604887 
979	 0.112594857322161 
980	 0.113393470870769 
981	 0.11449842094461 
982	 0.114418545200672 
983	 0.113209983541808 
984	 0.114556038852676 
985	 0.114171789483308 
986	 0.112921179467144 
987	 0.115161036895337 
988	 0.115041230852855 
989	 0.114602342936549 
990	 0.114963804354912 
991	 0.115560956312225 
992	 0.113548484014996 
993	 0.114138370325541 
994	 0.115898959994537 
995	 0.113792142976579 
996	 0.113649010349047 
997	 0.11542654468341 
998	 0.117130889339581 
999	 0.116664569652718 
1000	 0.116799829518479 
1001	 0.122130981646549 
1002	 0.122972483274286 
1003	 0.123376968776836 
1004	 0.123709703477543 
1005	 0.123893313527231 
1006	 0.123691426614074 
1007	 0.12366305306362 
1008	 0.123687011940588 
1009	 0.124010263598336 
1010	 0.12503200410669 
1011	 0.125791889942077 
1012	 0.126288138751656 
1013	 0.126994241188536 
1014	 0.127290690230563 
1015	 0.126919230230754 
1016	 0.127031908700123 
1017	 0.127185823261724 
1018	 0.127382780343298 
1019	 0.127753987767137 
1020	 0.128031988092586 
1021	 0.128219886623229 
1022	 0.128698311830275 
1023	 0.128907761999436 
1024	 0.129039975217283 
1025	 0.129237584609087 
1026	 0.129596815751436 
1027	 0.130294149982029 
1028	 0.131521284165742 
1029	 0.132098513975297 
1030	 0.132649366453538 
1031	 0.133136268649645 
1032	 0.13325574185222 
1033	 0.133448149955248 
1034	 0.133831949951577 
1035	 0.134108855549147 
1036	 0.133928158615323 
1037	 0.134184773977408 
1038	 0.135061673564361 
1039	 0.135196532077794 
1040	 0.135551442441516 
1041	 0.136057885395567 
1042	 0.136323165114314 
1043	 0.136267556696307 
1044	 0.136610057527291 
1045	 0.137091242277586 
1046	 0.137481701174462 
1047	 0.138239408358354 
1048	 0.138441633787327 
1049	 0.1381364782205 
1050	 0.138210738827334 
1051	 0.137979736027955 
1052	 0.138148438526979 
1053	 0.139150488226402 
1054	 0.139445780575277 
1055	 0.139469296886675 
1056	 0.139537879903995 
1057	 0.139446234743179 
1058	 0.138621401083656 
1059	 0.138957592678416 
1060	 0.140061929445752 
1061	 0.140408020942941 
1062	 0.141196803982423 
1063	 0.141223784676137 
1064	 0.140119630723864 
1065	 0.139906254823931 
1066	 0.139887873100067 
1067	 0.139864889798479 
1068	 0.140387611631543 
1069	 0.140453814716454 
1070	 0.140162200268501 
1071	 0.139978727375914 
1072	 0.139747504061886 
1073	 0.139354909502037 
1074	 0.139147964492838 
1075	 0.139055298696136 
1076	 0.138958432618882 
1077	 0.139005619040654 
1078	 0.138740424128189 
1079	 0.138308550119307 
1080	 0.137956008814719 
1081	 0.137389304427201 
1082	 0.137020941265728 
1083	 0.136988171154386 
1084	 0.13663527620909 
1085	 0.135994095289327 
1086	 0.13554117140157 
1087	 0.135166252121723 
1088	 0.134613398770801 
1089	 0.133692358930782 
1090	 0.133411802912188 
1091	 0.133253440967335 
1092	 0.133228758242331 
1093	 0.132839702820623 
1094	 0.13277951834121 
1095	 0.132333918448088 
1096	 0.1310647889942 
1097	 0.130519879713281 
1098	 0.13044165555586 
1099	 0.130164011607059 
1100	 0.130041108286962 
1101	 0.129726336401916 
1102	 0.129243940187626 
1103	 0.128827553498305 
1104	 0.128299662433372 
1105	 0.127911699702772 
1106	 0.127335880695023 
1107	 0.126957837048045 
1108	 0.126658465018181 
1109	 0.126287562110775 
1110	 0.126037311594066 
1111	 0.125977249619971 
1112	 0.125839414952716 
1113	 0.125889573863888 
1114	 0.125568815955618 
1115	 0.124655659627788 
1116	 0.124637243560976 
1117	 0.125019163470974 
1118	 0.125061161999636 
1119	 0.126528025445391 
1120	 0.127220067279643 
1121	 0.126566700782186 
1122	 0.126262026445739 
1123	 0.125597408862972 
1124	 0.123058473626476 
1125	 0.122289849731482 
1126	 0.121480547690406 
1127	 0.121234836376076 
1128	 0.121948248723663 
1129	 0.119698466058282 
1130	 0.114865471072562 
1131	 0.112204016608395 
1132	 0.108939577909032 
1133	 0.108135317482957 
1134	 0.110160381732534 
1135	 0.109677981339706 
1136	 0.108233161732004 
1137	 0.106918027339841 
1138	 0.104584321948723 
1139	 0.103531504943931 
1140	 0.101859278095094 
1141	 0.101041632129633 
1142	 0.100221525437973 
1143	 9.73192272396872E-02 
1144	 0.095182043675562 
1145	 9.56075782326308E-02 
1146	 9.63096525845054E-02 
1147	 0.094818100118161 
1148	 9.30068761512795E-02 
1149	 9.17528732476645E-02 
1150	 8.99263543675105E-02 
1151	 8.65033665935989E-02 
1152	 8.62305270059637E-02 
1153	 0.08822850757128 
1154	 8.72171648627515E-02 
1155	 8.58464769170618E-02 
1156	 8.53001355772412E-02 
1157	 8.38714901048594E-02 
1158	 8.28677013399132E-02 
1159	 0.083310176347721 
1160	 8.39314248611407E-02 
1161	 8.36973816469184E-02 
1162	 8.33560572918703E-02 
1163	 8.33808084994366E-02 
1164	 0.083120798720031 
1165	 8.26780252951512E-02 
1166	 8.21479584471888E-02 
1167	 8.17324347321937E-02 
1168	 8.18915845120148E-02 
1169	 8.20552705233573E-02 
1170	 8.20015831720687E-02 
1171	 8.19232630180759E-02 
1172	 0.081515664815061 
1173	 8.13208569404976E-02 
1174	 8.11245946155334E-02 
1175	 8.12440326980893E-02 
1176	 8.12094057310006E-02 
1177	 8.10172714414761E-02 
1178	 8.08485269442787E-02 
1179	 8.07786686658983E-02 
1180	 8.07778491594826E-02 
1181	 8.07976024766088E-02 
1182	 8.08249882993852E-02 
1183	 8.08730331878053E-02 
1184	 8.09397755109383E-02 
1185	 8.07864963194358E-02 
1186	 8.05356557761995E-02 
1187	 8.05245753964375E-02 
1188	 8.03890218287831E-02 
1189	 8.00780404923357E-02 
1190	 8.01008089969541E-02 
1191	 7.99870479598008E-02 
1192	 7.97634138376267E-02 
1193	 7.93708021726005E-02 
1194	 7.95369247720337E-02 
1195	 7.97500352297373E-02 
1196	 7.96061191595767E-02 
1197	 0.079541354977413 
1198	 7.95748284416839E-02 
1199	 7.93365976247969E-02 
1200	 7.92102211490172E-02 
1201	 7.96147264931239E-02 
1202	 0.079904047531832 
1203	 7.96842345583475E-02 
1204	 7.95595416516225E-02 
1205	 7.96283307725174E-02 
1206	 7.95878447310762E-02 
1207	 7.96666253473312E-02 
1208	 7.97575498209929E-02 
1209	 7.96917261785952E-02 
1210	 7.96417638539832E-02 
1211	 7.96594511225355E-02 
1212	 7.96697784609591E-02 
1213	 7.97499487307901E-02 
1214	 7.99068111750201E-02 
1215	 8.01608583942283E-02 
1216	 0.080255692055153 
1217	 8.02414827696865E-02 
1218	 8.00604934540269E-02 
1219	 7.96402908202466E-02 
1220	 7.96373035558255E-02 
1221	 7.98820799415851E-02 
1222	 8.00327829960598E-02 
1223	 8.03783661768202E-02 
1224	 0.080548455301171 
1225	 8.03676860548148E-02 
1226	 8.04842138422565E-02 
1227	 8.05407484082128E-02 
1228	 8.02545882989295E-02 
1229	 8.04213271522535E-02 
1230	 8.06881504018459E-02 
1231	 8.04531778167033E-02 
1232	 8.03294247900383E-02 
1233	 8.04745709053599E-02 
1234	 0.08051628293977 
1235	 8.05579837498736E-02 
1236	 8.09645168422419E-02 
1237	 8.10766804889171E-02 
1238	 8.09985067895876E-02 
1239	 8.06303937850765E-02 
1240	 8.06034915643231E-02 
1241	 8.08561786926262E-02 
1242	 8.09657745003405E-02 
1243	 8.10898672612935E-02 
1244	 8.12109728875271E-02 
1245	 8.10377113761051E-02 
1246	 8.10663277539489E-02 
1247	 8.14212412316727E-02 
1248	 8.14437052325453E-02 
1249	 8.13643010124366E-02 
1250	 8.14168692996484E-02 
1251	 8.13955582149344E-02 
1252	 8.13952706775084E-02 
1253	 8.13768277968991E-02 
1254	 8.14109364757394E-02 
1255	 8.15007485335401E-02 
1256	 8.14368319311494E-02 
1257	 8.14317774383005E-02 
1258	 8.14608439766916E-02 
1259	 8.11899954007184E-02 
1260	 8.11640184664472E-02 
1261	 8.16107949290215E-02 
1262	 8.17547719751275E-02 
1263	 8.18809165869279E-02 
1264	 8.16511668536722E-02 
1265	 8.12617237063724E-02 
1266	 8.11190487433408E-02 
1267	 8.12568745578033E-02 
1268	 8.14310671837689E-02 
1269	 8.16516562102801E-02 
1270	 8.15406494298277E-02 
1271	 8.11065180875251E-02 
1272	 0.080791340188753 
1273	 8.07614819786341E-02 
1274	 8.09746486873417E-02 
1275	 8.09027274284504E-02 
1276	 8.06753548444007E-02 
1277	 8.07244748779188E-02 
1278	 8.05050929313264E-02 
1279	 8.01550315765875E-02 
1280	 8.00547697972929E-02 
1281	 7.98860783409186E-02 
1282	 7.95246768234655E-02 
1283	 7.92904575097289E-02 
1284	 7.92658395372148E-02 
1285	 7.90668650373202E-02 
1286	 7.86432921388795E-02 
1287	 7.83703852777499E-02 
1288	 7.82891127180848E-02 
1289	 7.81014387408505E-02 
1290	 7.79221393862181E-02 
1291	 0.077572053290251 
1292	 7.73840009624514E-02 
1293	 7.69736477390569E-02 
1294	 7.64498146029086E-02 
1295	 7.62446242977755E-02 
1296	 7.62502181877787E-02 
1297	 7.59058629047392E-02 
1298	 0.07524165888621 
1299	 0.07488075459135 
1300	 7.45248019803285E-02 
1301	 7.39914965227491E-02 
1302	 7.37791076879627E-02 
1303	 7.36303488393011E-02 
1304	 7.31414515825599E-02 
1305	 7.24117143334846E-02 
1306	 7.18308679908637E-02 
1307	 7.12741402583039E-02 
1308	 7.07890046505372E-02 
1309	 7.03086650065515E-02 
1310	 6.99052031638178E-02 
1311	 6.97808630012392E-02 
1312	 6.93705094294596E-02 
1313	 6.87159762891813E-02 
1314	 6.81074493185816E-02 
1315	 6.74977089284654E-02 
1316	 6.69494237228696E-02 
1317	 6.62394769303351E-02 
1318	 6.58102526180152E-02 
1319	 0.065700735039448 
1320	 6.52496466911528E-02 
1321	 6.44595826668215E-02 
1322	 6.44376904875053E-02 
1323	 6.46982289572502E-02 
1324	 6.43104023663262E-02 
1325	 6.34393372581096E-02 
1326	 6.34386583510708E-02 
1327	 6.36049928967994E-02 
1328	 6.24590672306648E-02 
1329	 6.14104630978798E-02 
1330	 6.16465098339257E-02 
1331	 6.13630409594515E-02 
1332	 6.00168600593318E-02 
1333	 5.93581585661283E-02 
1334	 5.90550196822563E-02 
1335	 5.87222732276912E-02 
1336	 5.84858572350807E-02 
1337	 0.058141768571739 
1338	 5.78502091136445E-02 
1339	 0.057677429920725 
1340	 5.74027387800728E-02 
1341	 5.69485273109373E-02 
1342	 0.056208392799903 
1343	 0.056335547095931 
1344	 5.71603086812678E-02 
1345	 5.75079768043763E-02 
1346	 5.88259922261105E-02 
1347	 6.06702488229533E-02 
1348	 6.30010240937669E-02 
1349	 6.27317536359265E-02 
1350	 5.89930813928283E-02 
1351	 6.08995900232231E-02 
1352	 6.39586282391211E-02 
1353	 6.41513925005325E-02 
1354	 7.70042284872064E-02 
1355	 9.79247252209251E-02 
1356	 0.100485171254316 
1357	 0.111405640349556 
1358	 0.157084754279391 
1359	 0.202944810920106 
1360	 0.164438243812365 
1361	 7.17842320177314E-02 
1362	 0.106390021581578 
1363	 0.15320911921519 
1364	 0.120151220018116 
1365	 0.205722344369145 
1366	 0.241680466980421 
1367	 0.2240362098126 
1368	 0.219214155629127 
1369	 0.227851079687837 
1370	 0.206079468383256 
1371	 0.174208808219823 
1372	 0.17445009163329 
1373	 0.133912114252818 
1374	 0.182194542137495 
1375	 0.367092372784706 
1376	 0.422097764817096 
1377	 0.347456365505503 
1378	 0.410583418780895 
1379	 0.593505071046668 
1380	 0.633484114490524 
1381	 0.614512993632862 
1382	 0.719354167376882 
1383	 0.847123050252448 
1384	 0.80360282354477 
1385	 0.668260181173546 
1386	 0.626616437507825 
1387	 0.576968760804898 
1388	 0.502627386178558 
1389	 0.338675576825954 
1390	 0.344868374709773 
1391	 0.534512216364005 
1392	 0.378472063295008 
1393	 0.141467691203317 
1394	 0.545639612383832 
1395	 1.02282065950552 
1396	 0.669675698536348 
1397	 0.568771415514499 
1398	 0.76065072191304 
1399	 0.806246578243765 
1400	 0.702821675251271 
1401	 0.494365821093823 
1402	 0.395715472712585 
1403	 0.232327164036354 
1404	 0.154112576060595 
1405	 0.222212274591634 
1406	 0.374303670916722 
1407	 0.294947141115166 
1408	 0.20602720337538 
1409	 0.245302573297246 
1410	 0.250675653235861 
1411	 0.160817011142663 
1412	 0.10822430706168 
1413	 0.140633691582177 
1414	 0.134386516573722 
1415	 9.64882164585034E-02 
1416	 0.136791429561185 
1417	 0.143724477754346 
1418	 7.83078528497677E-02 
1419	 5.62124949646233E-02 
1420	 8.18540808177061E-02 
1421	 8.28807696977685E-02 
1422	 5.96872101947265E-02 
1423	 5.23965663082872E-02 
1424	 5.77810156623381E-02 
1425	 5.65808403820156E-02 
1426	 5.08806700943585E-02 
1427	 4.87401810560726E-02 
1428	 5.19362853564987E-02 
1429	 4.97729247591097E-02 
1430	 4.02913130676487E-02 
1431	 3.81958856232307E-02 
1432	 3.75398570239849E-02 
1433	 3.71013020966194E-02 
1434	 4.36612615758157E-02 
1435	 4.57213109890773E-02 
1436	 4.65943232704668E-02 
1437	 4.37532364832576E-02 
1438	 3.65744868393568E-02 
1439	 3.51329992074857E-02 
1440	 4.36062469284724E-02 
1441	 4.45067293295971E-02 
1442	 0.041584222816749 
1443	 4.12052727022094E-02 
1444	 3.76188078003964E-02 
1445	 3.47858268679442E-02 
1446	 3.55740764750696E-02 
1447	 0.037581093489498 
1448	 3.68156631369241E-02 
1449	 3.40508557965687E-02 
1450	 3.27974242812265E-02 
1451	 3.15141871206862E-02 
1452	 3.04657185733245E-02 
1453	 3.07305811301595E-02 
1454	 3.08922268060912E-02 
1455	 3.18914368070242E-02 
1456	 0.031593341470735 
1457	 3.05716359841841E-02 
1458	 3.05892055602826E-02 
1459	 3.09001567919512E-02 
1460	 3.05934736965112E-02 
1461	 3.02048793630951E-02 
1462	 3.05846509956149E-02 
1463	 3.11353100552977E-02 
1464	 3.08498145747717E-02 
1465	 3.05033018149567E-02 
1466	 0.031009113334771 
1467	 3.13847473785191E-02 
1468	 3.10827209897973E-02 
1469	 3.16690689943927E-02 
1470	 3.21730951182253E-02 
1471	 3.10967566809674E-02 
1472	 3.08231897745816E-02 
1473	 3.20040821162943E-02 
1474	 3.19796404575229E-02 
1475	 3.10134633723604E-02 
1476	 3.07424760528301E-02 
1477	 3.09132001441389E-02 
1478	 3.06767195807561E-02 
1479	 3.00729278204672E-02 
1480	 2.98059507362496E-02 
1481	 2.94320693931573E-02 
1482	 2.92187948453532E-02 
1483	 2.97361331691221E-02 
1484	 2.95159212702868E-02 
1485	 2.84627379884504E-02 
1486	 2.84246676889609E-02 
1487	 2.87304131644664E-02 
1488	 2.87844368612219E-02 
1489	 2.93219506838167E-02 
1490	 2.93340905705763E-02 
1491	 2.87582213373664E-02 
1492	 2.86950745054503E-02 
1493	 2.89644924408891E-02 
1494	 2.87832722241349E-02 
1495	 2.82621843450818E-02 
1496	 2.83243242195349E-02 
1497	 2.86009859234244E-02 
1498	 2.85204048879012E-02 
1499	 2.85889506960738E-02 
1500	 2.87638100165706E-02 
1501	 2.86777378394129E-02 
1502	 2.85544555218895E-02 
1503	 2.86514064378762E-02 
1504	 2.87914280692503E-02 
1505	 2.87184751648062E-02 
1506	 2.86940827531116E-02 
1507	 2.90327949046133E-02 
1508	 2.93419486720858E-02 
1509	 0.029325867904423 
1510	 2.92610648656077E-02 
1511	 2.94492140695048E-02 
1512	 2.95069934194104E-02 
1513	 2.92277854088028E-02 
1514	 2.91129790192046E-02 
1515	 2.92971447969435E-02 
1516	 2.93138155336139E-02 
1517	 2.92435676668756E-02 
1518	 2.94815190712089E-02 
1519	 2.95785518328579E-02 
1520	 2.94836151467984E-02 
1521	 2.97219964529032E-02 
1522	 0.03001639581122 
1523	 0.030146003184922 
1524	 3.01299014509609E-02 
1525	 3.01775958067055E-02 
1526	 3.04420162833828E-02 
1527	 0.0304571135368 
1528	 3.04615984593382E-02 
1529	 3.07361939528097E-02 
1530	 3.06935401926407E-02 
1531	 3.04790568265492E-02 
1532	 3.05303213703778E-02 
1533	 3.07233952328934E-02 
1534	 3.08408695764307E-02 
1535	 0.031029524591015 
1536	 3.12167157315476E-02 
1537	 3.10450228466892E-02 
1538	 3.10124864919004E-02 
1539	 3.10360551018955E-02 
1540	 0.030916397889301 
1541	 3.12336584687857E-02 
1542	 0.031546541157295 
1543	 3.15261004009604E-02 
1544	 3.16816497871803E-02 
1545	 3.17800419226095E-02 
1546	 3.16148343754849E-02 
1547	 3.17914066095068E-02 
1548	 3.21364377449911E-02 
1549	 3.22244977366105E-02 
1550	 3.23953292293402E-02 
1551	 3.26373538467856E-02 
1552	 3.26732335059477E-02 
1553	 3.25700677221331E-02 
1554	 3.25722247959951E-02 
1555	 3.26266664716783E-02 
1556	 3.26339879092859E-02 
1557	 0.032810473215266 
1558	 3.29624806012452E-02 
1559	 3.30754989454762E-02 
1560	 3.32385396771116E-02 
1561	 3.30705728156173E-02 
1562	 3.31152211844284E-02 
1563	 3.35072873748874E-02 
1564	 3.34925268239352E-02 
1565	 3.35372131477905E-02 
1566	 0.033770360103868 
1567	 3.37573370716252E-02 
1568	 3.37927384987752E-02 
1569	 3.38411500797874E-02 
1570	 3.39885445872686E-02 
1571	 3.41104815597975E-02 
1572	 3.40350175423525E-02 
1573	 3.43199802759729E-02 
1574	 3.44342468334952E-02 
1575	 3.41695746586278E-02 
1576	 0.034329719173233 
1577	 3.46374564767043E-02 
1578	 3.47437721715201E-02 
1579	 3.47274439455676E-02 
1580	 3.46774359068598E-02 
1581	 3.49313509730693E-02 
1582	 3.51407079816334E-02 
1583	 3.49852980947054E-02 
1584	 3.51933188477893E-02 
1585	 3.55410817577769E-02 
1586	 3.52587026280216E-02 
1587	 3.50554433896436E-02 
1588	 3.52919114132666E-02 
1589	 3.53330504664357E-02 
1590	 3.52619709944548E-02 
1591	 3.52205283021596E-02 
1592	 3.52436255918745E-02 
1593	 3.55408174230946E-02 
1594	 3.57808640157384E-02 
1595	 3.60416005240381E-02 
1596	 3.64015432618859E-02 
1597	 3.62363515865235E-02 
1598	 3.60471919775667E-02 
1599	 0.036201350060351 
1600	 3.60436126000142E-02 
1601	 3.59868755336748E-02 
1602	 3.60037082845847E-02 
1603	 3.58752869322392E-02 
1604	 3.61330609705581E-02 
1605	 3.64165449704679E-02 
1606	 3.64824935589948E-02 
1607	 3.65365387003495E-02 
1608	 3.65978060725085E-02 
1609	 3.65105593572942E-02 
1610	 3.64211760447122E-02 
1611	 3.67526751212528E-02 
1612	 3.70459961884706E-02 
1613	 0.036854213363406 
1614	 3.66163181087772E-02 
1615	 3.66555655540958E-02 
1616	 3.68890779705634E-02 
1617	 0.037166832765879 
1618	 3.74177061311142E-02 
1619	 3.75978338569344E-02 
1620	 3.74036029268411E-02 
1621	 3.70431412631143E-02 
1622	 3.71547967351233E-02 
1623	 0.037356488456587 
1624	 3.73392633817934E-02 
1625	 3.75408740220199E-02 
1626	 3.78216159478021E-02 
1627	 3.76678941053881E-02 
1628	 3.73762932725968E-02 
1629	 3.76172451921679E-02 
1630	 3.78433101457901E-02 
1631	 3.74910604266163E-02 
1632	 3.74278475580067E-02 
1633	 3.77656861176821E-02 
1634	 3.77848108660172E-02 
1635	 3.78659836595833E-02 
1636	 3.82780467758699E-02 
1637	 3.85243625523162E-02 
1638	 3.82324680751094E-02 
1639	 3.78225278980647E-02 
1640	 3.78323282266018E-02 
1641	 3.77364130923416E-02 
1642	 3.76413489209798E-02 
1643	 3.81660828895944E-02 
1644	 3.84012252447965E-02 
1645	 3.79282426371491E-02 
1646	 3.76132280052117E-02 
1647	 3.76635534324429E-02 
1648	 0.038015846200215 
1649	 3.82508031796265E-02 
1650	 3.82263480963788E-02 
1651	 3.84569343959542E-02 
1652	 3.84451828975151E-02 
1653	 3.83011740893238E-02 
1654	 3.83710879447663E-02 
1655	 3.83989570094543E-02 
1656	 3.83283950993541E-02 
1657	 3.82209652639833E-02 
1658	 0.038287894507564 
1659	 0.038391635598744 
1660	 3.82057599138131E-02 
1661	 3.80563276368608E-02 
1662	 3.82419976413237E-02 
1663	 3.82435382198555E-02 
1664	 0.038194209703996 
1665	 3.85268620057205E-02 
1666	 3.87117579206799E-02 
1667	 3.86560625817914E-02 
1668	 3.87643741350574E-02 
1669	 3.87618625138035E-02 
1670	 3.85630223816658E-02 
1671	 3.83535107907152E-02 
1672	 3.84361901068261E-02 
1673	 3.87926888553516E-02 
1674	 3.90097103247505E-02 
1675	 3.89509318298983E-02 
1676	 3.88347676815132E-02 
1677	 3.85823044961609E-02 
1678	 0.038437204389729 
1679	 3.87475965301904E-02 
1680	 3.90559774626988E-02 
1681	 3.88218557532388E-02 
1682	 3.84880081726458E-02 
1683	 3.84268877044486E-02 
1684	 3.81480360142918E-02 
1685	 3.80289238794051E-02 
1686	 3.84533082442583E-02 
1687	 0.038548215449228 
1688	 3.82500252178936E-02 
1689	 3.82467661606295E-02 
1690	 3.84588213620092E-02 
1691	 3.84561861034447E-02 
1692	 3.87319375915049E-02 
1693	 3.91539789961561E-02 
1694	 3.86555207147009E-02 
1695	 3.83610422035562E-02 
1696	 3.86050826795467E-02 
1697	 3.84790037604223E-02 
1698	 0.03873986706767 
1699	 3.87365125518995E-02 
1700	 3.79238626195399E-02 
1701	 3.77698414369439E-02 
1702	 3.80121647978357E-02 
1703	 3.77890073427008E-02 
1704	 3.77963525129602E-02 
1705	 3.79493456005049E-02 
1706	 3.79601976395481E-02 
1707	 3.80880600273197E-02 
1708	 3.81000308876723E-02 
1709	 3.79693179765008E-02 
1710	 3.76151494756184E-02 
1711	 3.74814213098218E-02 
1712	 3.78719777322623E-02 
1713	 3.71802555040555E-02 
1714	 3.72153236565078E-02 
1715	 3.77109007339878E-02 
1716	 0.037843587378295 
1717	 3.79189898371417E-02 
1718	 3.75655521235873E-02 
1719	 0.037018812132821 
1720	 3.70873660831933E-02 
1721	 3.77957200711666E-02 
1722	 3.78787054204568E-02 
1723	 3.75278318753489E-02 
1724	 3.74543474624946E-02 
1725	 0.037002790696754 
1726	 3.72531559292014E-02 
1727	 3.79013011203717E-02 
1728	 3.70846765666955E-02 
1729	 3.64054887280443E-02 
1730	 0.036601536849131 
1731	 3.60072776924251E-02 
1732	 3.58506953121551E-02 
1733	 3.67313694395275E-02 
1734	 3.62284535202787E-02 
1735	 0.035813586279016 
1736	 3.64740122111802E-02 
1737	 3.57790829471747E-02 
1738	 3.50936446377616E-02 
1739	 3.55764719114026E-02 
1740	 3.56585653811721E-02 
1741	 3.57110596290618E-02 
1742	 3.59857334952012E-02 
1743	 3.52178806606691E-02 
1744	 3.41539907878998E-02 
1745	 3.44463292423062E-02 
1746	 3.49406812357047E-02 
1747	 3.49571737529183E-02 
1748	 3.51401168457791E-02 
1749	 0.035111661753486 
1750	 3.50797672865537E-02 
1751	 3.46666440224395E-02 
1752	 3.31906394106211E-02 
1753	 3.31238663958538E-02 
1754	 3.34406582051409E-02 
1755	 3.35915289970492E-02 
1756	 3.54360023626664E-02 
1757	 3.50269762956089E-02 
1758	 3.42247966868428E-02 
1759	 3.48327720402992E-02 
1760	 3.53870586349101E-02 
1761	 3.51978751325448E-02 
1762	 3.47187907245998E-02 
1763	 3.40830890679855E-02 
1764	 3.29541588032892E-02 
1765	 3.32648462453148E-02 
1766	 3.44394364576864E-02 
1767	 3.41598227775947E-02 
1768	 3.36757870962741E-02 
1769	 3.34414553077334E-02 
1770	 3.31208557322987E-02 
1771	 3.34473587127328E-02 
1772	 3.39300077816292E-02 
1773	 3.36755692542202E-02 
1774	 0.032969680390225 
1775	 3.21208364483533E-02 
1776	 3.22918090651453E-02 
1777	 3.37532243527623E-02 
1778	 3.42067469918705E-02 
1779	 3.53339034839428E-02 
1780	 3.50416253360231E-02 
1781	 3.20025781235501E-02 
1782	 3.15902833876556E-02 
1783	 3.24674226844138E-02 
1784	 3.19747957179427E-02 
1785	 0.032231742760755 
1786	 3.23524537891434E-02 
1787	 3.08576470302109E-02 
1788	 3.10580086094727E-02 
1789	 3.31063668760382E-02 
1790	 3.22237716527576E-02 
1791	 3.33136484351445E-02 
1792	 3.45171567062932E-02 
1793	 3.59377776943028E-02 
1794	 3.71400094595597E-02 
1795	 3.64730311140464E-02 
1796	 3.43365613889281E-02 
1797	 3.25474376638365E-02 
1798	 3.24301229176897E-02 
1799	 3.37092809416794E-02 
1800	 4.26739366516453E-02 
1801	 4.77987571612813E-02 
1802	 5.44504648035999E-02 
1803	 5.88747612777551E-02 
1804	 5.26594652033474E-02 
1805	 4.90009038237694E-02 
1806	 4.29068769049539E-02 
1807	 3.72914082870096E-02 
1808	 0.025314832584968 
1809	 2.80067542329509E-02 
1810	 5.60267683047934E-02 
1811	 6.49429136308689E-02 
1812	 7.76320224668158E-02 
1813	 9.10969631942868E-02 
1814	 7.01406946280099E-02 
1815	 9.37159027325057E-02 
1816	 0.184918163933683 
1817	 0.152910121154867 
1818	 0.196596136864459 
1819	 0.302330491559217 
1820	 0.255903197405292 
1821	 0.239087520407041 
1822	 0.24472713447988 
1823	-0.114342778830795 
1824	-4.54495172490367E-02 
1825	 0.728841568243726 
1826	 0.84686947372628 
1827	 0.754616804139716 
1828	 0.873155502835158 
1829	-1.24052783392094 
1830	-9.19426245605832 
1831	 6.31634387737909E-02 
1832	 5.19419823182482E-02 
1833	 0.165815259750319 
1834	 1.06992978561752 
1835	 1.32454850671284 
1836	 1.20049304365003 
1837	 3.02151933907376E-02 
1838	-0.52551596806922 
1839	 1.86626912273767 
1840	 0.933457631126325 
1841	 2.05879629033061 
1842	 16.2805645732517 
1843	 51.0944311329164 
1844	 3.4917300371881 
1845	 2.56758820537648 
1846	-5.30048415167199 
1847	-5.28203770509563 
1848	 2.44059204656605 
1849	 0.708386868863179 
1850	 2.2375127413963 
1851	 3.12566015863637 
1852	 4.28168479238231 
1853	 12.2768699583624 
1854	 6.25544384371728 
1855	 1.74191200023746 
1856	 1.37127653642744 
1857	 1.34926817927902 
1858	 1.29479153020557 
1859	 1.25999792883763 
1860	 1.01277892506701 
1861	 1.40986902601422 
1862	 1.95827873206292 
1863	-4.88360036313328E-02 
1864	 1.63738022062894E-02 
1865	 0.117756727747339 
1866	 0.500499309756608 
1867	 0.642925243030153 
1868	-17.2200914564192 
1869	-2.36505355114004 
1870	-2.42420916428505 
1871	-4.44727166390151 
1872	-1.31542291549641 
1873	-1.16455896953761 
1874	-2.240311833682 
1875	-1.18471544018484 
1876	-0.88142774338033 
1877	-0.767847730378857 
1878	-1.14472822704984 
1879	 71.4689595467744 
1880	 3.38384076433551 
1881	 0.638285048887056 
1882	 6.10488070893226 
1883	-5.82056680239356 
1884	-20.098193874457 
1885	 0.603490568841123 
1886	 0.548364859611803 
1887	 0.261304473805416 
1888	 0.919497364702949 
1889	 1.93284285397308 
1890	-9.12303091109633 
1891	-6.72191413715875 
1892	 7.65570381666955 
1893	 3.02803505642857 
1894	 2.62218654111876 
1895	 3.53764769083642 
1896	-7.60395560751665 
1897	-3.33553829327141 
1898	-28.3432385665825 
1899	 2.28788924713812 
1900	 1.49387195347717 
1901	 1.27758022338 
1902	 1.63216063279237 
1903	-26.4083326755401 
1904	-1.46431848187379 
1905	-1.82035690246213 
1906	-0.898449265165653 
1907	-1.07172626904901 
1908	-1.81502140207455 
1909	-0.675419118295576 
1910	-0.946286456815528 
1911	-1.516478672061 
1912	-7.53570194602426 
1913	 2.64020630749873 
1914	-0.473556298422661 
1915	-0.557586537854814 
1916	-3.18375476353203 
1917	-58.3919260787961 
1918	-0.998037082403565 
1919	-2.4313346715279 
1920	 72.4081587594446 
1921	-0.283546300878865 
1922	 0.194190870804451 
1923	 0.303056099491162 
1924	 4.60193891284097 
1925	-0.440125340662742 
1926	 0.555615940986215 
1927	 1.61852238907336 
1928	 10.622502569662 
1929	 1.702843722688 
1930	 0.36385876869227 
1931	-0.110815475700979 
1932	 3.33595433992374E-02 
1933	 0.245955818285094 
1934	 0.442695337791738 
1935	 0.512754102489697 
1936	 0.362960008901638 
1937	 0.236670582655938 
1938	 0.192338254085858 
1939	 0.171274835784721 
1940	 0.162794373970545 
1941	 0.14452723223232 
1942	 0.106186238632628 
1943	 6.94356939271751E-02 
1944	 4.44489905475376E-02 
1945	 3.82332931296695E-02 
1946	 4.29770603412527E-02 
1947	 3.54791596335575E-02 
1948	 2.29481924917718E-02 
1949	 0.025838385181041 
1950	 4.10466358722075E-02 
1951	 6.76513964529591E-02 
1952	 7.52236623630913E-02 
1953	 8.38917868962708E-02 
1954	 0.058085864408375 
1955	 3.78794454453963E-02 
1956	 3.62117082354275E-02 
1957	 3.52192833372939E-02 
1958	 3.62579818145741E-02 
1959	 4.08356048360374E-02 
1960	 4.19537053823714E-02 
1961	 3.54673198810865E-02 
1962	 3.33220083889101E-02 
1963	 3.36313081262119E-02 
1964	 2.71255859041749E-02 
1965	 2.47539188179859E-02 
1966	 2.41555182903912E-02 
1967	 2.55998373248442E-02 
1968	 2.33270515717416E-02 
1969	 2.32178436495416E-02 
1970	 2.31332014261683E-02 
1971	 2.19012308309575E-02 
1972	 2.53375970408607E-02 
1973	 2.69714328673986E-02 
1974	 2.52690035331987E-02 
1975	 2.57210809956356E-02 
1976	 2.49785473921674E-02 
1977	 2.39159415254414E-02 
1978	 2.35821807701285E-02 
1979	 2.36665258447909E-02 
1980	 2.37238990824012E-02 
1981	 2.42924573726594E-02 
1982	 2.44794237377401E-02 
1983	 2.46872746686055E-02 
1984	 2.47962746512216E-02 
1985	 2.23969877887086E-02 
1986	 2.06519364295759E-02 
1987	 2.16163930846424E-02 
1988	 2.20840867431264E-02 
1989	 2.36261937221559E-02 
1990	 2.51885784700313E-02 
1991	 2.51628847271659E-02 
1992	 2.49331081031845E-02 
1993	 2.44114456607333E-02 
1994	 0.024139460109503 
1995	 2.38629773980134E-02 
1996	 0.022510179309631 
1997	 2.20944398943023E-02 
1998	 2.36387532201983E-02 
1999	 2.37097878746061E-02 
2000	 2.59494127637496E-02 
2001	 2.97013689323164E-02 
2002	 2.77603384520244E-02 
2003	 2.36673123609581E-02 
2004	 0.020427019718515 
2005	 0.015345463525877 
2006	 1.35206083097087E-02 
2007	 1.52755442418591E-02 
2008	 0.016341491653226 
2009	 1.80319800140383E-02 
2010	 2.15968490087099E-02 
2011	 2.34688094096591E-02 
2012	 2.42977461824631E-02 
2013	 2.63285681215093E-02 
2014	 2.74757632651254E-02 
2015	 2.67616718515569E-02 
2016	 2.46792288307009E-02 
2017	 2.26368737896293E-02 
2018	 2.04023770432359E-02 
2019	 2.01675460707225E-02 
2020	 2.15620658787549E-02 
2021	 0.020987356998701 
2022	 2.10253712580055E-02 
2023	 2.20985117899944E-02 
2024	 2.19034481744987E-02 
2025	 2.04859133441288E-02 
2026	 2.06501860955423E-02 
2027	 2.16165383385631E-02 
2028	 2.10498142145805E-02 
2029	 2.12135783101651E-02 
2030	 2.15751873040643E-02 
2031	 2.02646862317559E-02 
2032	 2.00728718029428E-02 
2033	 2.01157687413452E-02 
2034	 2.02377908906928E-02 
2035	 2.10835071437716E-02 
2036	 2.13538512431817E-02 
2037	 2.06595368636954E-02 
2038	 2.03914053989168E-02 
2039	 2.04315045165625E-02 
2040	 2.04569287902809E-02 
2041	 2.04631766999443E-02 
2042	 2.07932766429144E-02 
2043	 2.12782372079505E-02 
2044	 2.18531747152739E-02 
2045	 2.24196774958544E-02 
2046	 2.32962010148263E-02 
2047	 2.34709450972461E-02 
2048	 0.02221741175202 
2049	 2.17547155215982E-02 
2050	 2.18163572633838E-02 
2051	 2.15959094734989E-02 
2052	 0.021436290518317 
2053	 2.13988902077426E-02 
2054	 2.19731720786271E-02 
2055	 2.25098428351318E-02 
2056	 2.30310854668198E-02 
2057	 2.52804333970929E-02 
2058	 2.54887273704458E-02 
2059	 2.37170917021231E-02 
2060	 2.26534676496163E-02 
2061	 2.09234269927192E-02 
2062	 1.99981931211785E-02 
2063	 2.05726520273172E-02 
2064	 2.20493835440503E-02 
2065	 2.30606752036145E-02 
2066	 2.26603463382445E-02 
2067	 2.17379593486619E-02 
2068	 2.13113180286295E-02 
2069	 2.06476303242482E-02 
2070	 2.09898389978125E-02 
2071	 2.24602270250298E-02 
2072	 2.26093060472887E-02 
2073	 2.28763408612192E-02 
2074	 2.43657759595132E-02 
2075	 2.43944849304031E-02 
2076	 0.022598642531048 
2077	 2.22162226737557E-02 
2078	 0.022359322601308 
2079	 2.21827614754225E-02 
2080	 0.02174270731457 
2081	 2.25394952328558E-02 
2082	 2.26692179967559E-02 
2083	 2.28952269799426E-02 
2084	 2.35434603603444E-02 
2085	 2.25042997409967E-02 
2086	 2.27307597336574E-02 
2087	 0.023020476575183 
2088	 2.22862003552661E-02 
2089	 2.32430498493392E-02 
2090	 2.40715406528326E-02 
2091	 2.37104954148425E-02 
2092	 2.40838726286378E-02 
2093	 2.57409945651596E-02 
2094	 2.57806208502093E-02 
2095	 2.50395801102714E-02 
2096	 2.46185829304088E-02 
2097	 2.32257966060439E-02 
2098	 2.23634835838191E-02 
2099	 2.15463296703629E-02 
2100	 2.14369994544641E-02 
2101	 2.19128100562824E-02 
2102	 2.25762232363663E-02 
2103	 2.27445094659474E-02 
2104	 2.24411732536481E-02 
2105	 2.20008899235366E-02 
2106	 2.18280130642616E-02 
2107	 2.23315325258962E-02 
2108	 2.28668954832447E-02 
2109	 2.33768179373279E-02 
2110	 2.34019144423925E-02 
2111	 2.42699131407629E-02 
2112	 2.62371933003521E-02 
2113	 0.026399816557792 
2114	 2.52789653726828E-02 
2115	 2.50489906027539E-02 
2116	 2.39635239053769E-02 
2117	 2.36439841342684E-02 
2118	 2.42839998620039E-02 
2119	 0.024773475331921 
2120	 2.56864354508862E-02 
2121	 2.56036006111055E-02 
2122	 2.52651581648384E-02 
2123	 2.55485788746577E-02 
2124	 2.51666471127041E-02 
2125	 2.46068001139147E-02 
2126	 2.45324375795806E-02 
2127	 2.49330351604379E-02 
2128	 2.62675806044167E-02 
2129	 2.72739112825903E-02 
2130	 2.62840375648619E-02 
2131	 2.56179838955776E-02 
2132	 0.025272667317391 
2133	 2.34401571325257E-02 
2134	 2.31571728364324E-02 
2135	 2.50559908740288E-02 
2136	 2.54067830034615E-02 
2137	 2.54354336386299E-02 
2138	 2.52608758714109E-02 
2139	 2.42113032522641E-02 
2140	 2.37832138628484E-02 
2141	 2.34578885039474E-02 
2142	 2.32204191704095E-02 
2143	 2.32907364719971E-02 
2144	 2.34352473980714E-02 
2145	 2.33253261081444E-02 
2146	 2.40588511048785E-02 
2147	 2.57447536548243E-02 
2148	 2.64113019956217E-02 
2149	 2.73689109944696E-02 
2150	 2.75473743863013E-02 
2151	 2.57910430218179E-02 
2152	 2.52963419421905E-02 
2153	 0.025679938755555 
2154	 2.58119927619828E-02 
2155	 2.69996322617404E-02 
2156	 2.80347570588294E-02 
2157	 2.79729977606566E-02 
2158	 2.68468147549528E-02 
2159	 2.62717397452789E-02 
2160	 2.47644472201977E-02 
2161	 2.43639227287949E-02 
2162	 2.40891639191495E-02 
2163	 2.43818613960406E-02 
2164	 2.67291210454124E-02 
2165	 0.026803129608654 
2166	 2.57714586413559E-02 
2167	 2.57298056839399E-02 
2168	 2.43454863289061E-02 
2169	 0.023744474436315 
2170	 0.024344582602299 
2171	 2.50851482223586E-02 
2172	 2.47561541503625E-02 
2173	 2.55097055974299E-02 
2174	 2.58174467154801E-02 
2175	 2.58390360709457E-02 
2176	 2.64998861966233E-02 
2177	 2.54410314325173E-02 
2178	 2.51133252631032E-02 
2179	 0.026792440514637 
2180	 2.73209426084733E-02 
2181	 2.66089749730829E-02 
2182	 0.026631471619815 
2183	 2.65782570483171E-02 
2184	 2.65977019334467E-02 
2185	 2.77866438753038E-02 
2186	 2.81899848978186E-02 
2187	 2.86884245337299E-02 
2188	 2.84901503028281E-02 
2189	 2.74299347893709E-02 
2190	 2.68418042874924E-02 
2191	 2.53851559052832E-02 
2192	 2.49537972158549E-02 
2193	 2.57488124576329E-02 
2194	 2.56235174332476E-02 
2195	 2.59940862210744E-02 
2196	 2.63139062788069E-02 
2197	 2.47989921024952E-02 
2198	 2.50607880464094E-02 
2199	 2.65960291854673E-02 
2200	 2.87278091133187E-02 
2201	 0.029948063651759 
2202	 2.99044639374252E-02 
2203	 2.87782552579357E-02 
2204	 2.59997941458588E-02 
2205	 2.63439219638561E-02 
2206	 2.71058191473997E-02 
2207	 2.65560683961633E-02 
2208	 2.72931391505249E-02 
2209	 2.47572587627212E-02 
2210	 2.37040010900269E-02 
2211	 0.025034812604591 
2212	 2.46158339763745E-02 
2213	 2.56255825511972E-02 
2214	 2.50229934582358E-02 
2215	 2.35707665242459E-02 
2216	 2.32511581354833E-02 
2217	 2.32537001582095E-02 
2218	 2.39322457966627E-02 
2219	 2.43761120523276E-02 
2220	 2.58320855640705E-02 
2221	 2.59937224885534E-02 
2222	 2.47008585693562E-02 
2223	 2.38749427716718E-02 
2224	 2.21325429983578E-02 
2225	 2.18973552839253E-02 
2226	 2.32883475133909E-02 
2227	 2.32972587764527E-02 
2228	 2.34489194840704E-02 
2229	 2.32408118374337E-02 
2230	 2.10566129287012E-02 
2231	 2.09962626628269E-02 
2232	 2.35862463624504E-02 
2233	 2.42466780282833E-02 
2234	 2.44453191419955E-02 
2235	 0.024486610599844 
2236	 2.48758193402372E-02 
2237	 2.34170726505165E-02 
2238	 2.42801643168701E-02 
2239	 2.56213696558475E-02 
2240	 2.61828618765137E-02 
2241	 0.027098745987222 
2242	 2.74786246097524E-02 
2243	 2.76958124804528E-02 
2244	 2.55303256067187E-02 
2245	 2.45629380653733E-02 
2246	 2.41387440609615E-02 
2247	 2.06264593222502E-02 
2248	 0.018772378882128 
2249	 1.79595417237709E-02 
2250	 1.71127814529024E-02 
2251	 2.03808927416401E-02 
2252	 2.40967446607346E-02 
2253	 2.37093096498532E-02 
2254	 2.19173162199825E-02 
2255	 2.11175498980438E-02 
2256	 0.021408656320808 
2257	 2.41142509284443E-02 
2258	 2.62660895324734E-02 
2259	 2.56711369537882E-02 
2260	 2.60618204048914E-02 
2261	 2.48908118428714E-02 
2262	 2.45809529247292E-02 
2263	 2.48584400060364E-02 
2264	 2.57107843953792E-02 
2265	 2.81097355645943E-02 
2266	 2.77503760800016E-02 
2267	 0.026755373805717 
2268	 2.65386242326992E-02 
2269	 2.38991127818804E-02 
2270	 2.14461177231161E-02 
2271	 1.92123089640285E-02 
2272	 1.90055275906851E-02 
2273	 0.020013025289106 
2274	 1.91469547534403E-02 
2275	 1.87092384559792E-02 
2276	 2.03495840779264E-02 
2277	 2.04833397241977E-02 
2278	 0.021087583062715 
2279	 2.73116342655255E-02 
2280	 2.80634639183729E-02 
2281	 2.32645761779734E-02 
2282	 2.24018091040888E-02 
2283	 2.28176350279621E-02 
2284	 1.93843525976473E-02 
2285	 2.08923337843049E-02 
2286	 2.26578258966336E-02 
2287	 1.89406381346296E-02 
2288	 0.019984716225158 
2289	 2.29867031348538E-02 
2290	 2.34831605630913E-02 
2291	 0.025810076263065 
2292	 2.52106604062858E-02 
2293	 0.02039199557969 
2294	 1.73241986651863E-02 
2295	 1.83010534985676E-02 
2296	 1.89948681929354E-02 
2297	 2.16406174227599E-02 
2298	 0.02520205840464 
2299	 2.51883383102371E-02 
2300	 2.67003344484429E-02 
2301	 2.62861464039157E-02 
2302	 2.09043271730882E-02 
2303	 1.61375290100138E-02 
2304	 1.58556487519604E-02 
2305	 1.79139636111143E-02 
2306	 2.03515117673245E-02 
2307	 2.34899950126179E-02 
2308	 2.41878045523019E-02 
2309	 0.024734775109659 
2310	 2.56838678325426E-02 
2311	 2.31617682963306E-02 
2312	 2.01851897846626E-02 
2313	 2.16573667277766E-02 
2314	 2.06508804292826E-02 
2315	 1.79151902011482E-02 
2316	 2.39326864700613E-02 
2317	 2.08720007797312E-02 
2318	 0.013217908939895 
2319	 1.89745626414632E-02 
2320	 2.37046475703265E-02 
2321	 2.93197838703712E-02 
2322	 3.64847671073304E-02 
2323	 3.79871168846967E-02 
2324	 3.36042263068066E-02 
2325	 2.65861882361449E-02 
2326	 2.35818620682552E-02 
2327	 2.40390777625681E-02 
2328	 2.30074159504985E-02 
2329	 2.45347257481505E-02 
2330	 2.92273340299541E-02 
2331	 2.78644890626202E-02 
2332	 3.10114239675236E-02 
2333	 3.45730933574177E-02 
2334	 2.79909847728168E-02 
2335	 0.027754549864339 
2336	 2.68999930696339E-02 
2337	 2.22380275324891E-02 
2338	 2.99089746851125E-02 
2339	 3.57126782546718E-02 
2340	 3.29285509941477E-02 
2341	 3.42806207921183E-02 
2342	 3.71678212524027E-02 
2343	 3.50297821753747E-02 
2344	 3.42148491296638E-02 
2345	 4.31764667370454E-02 
2346	 0.040021456875803 
2347	 2.22918508134839E-02 
2348	 2.13069196651631E-02 
2349	 1.91090384216877E-02 
2350	 7.62717618090759E-03 
2351	 9.89505528797209E-03 
2352	 1.21927521825978E-02 
2353	 1.37920137519313E-02 
2354	 0.021499957958418 
2355	 2.28253400124133E-02 
2356	 2.21103024309568E-02 
2357	 2.99332635709294E-02 
2358	 3.49549580423183E-02 
2359	 2.66789059341265E-02 
2360	 2.53407904137522E-02 
2361	 2.27389959383734E-02 
2362	 7.88661104626683E-03 
2363	 1.10881327818114E-02 
2364	 2.65877886303013E-02 
2365	 2.78625104672707E-02 
2366	 2.13994841401865E-02 
2367	 2.76711992536445E-02 
2368	 3.50958757449446E-02 
2369	 2.58979415389822E-02 
2370	 0.022909851945845 
2371	 2.86295102196876E-02 
2372	 2.09042433674292E-02 
2373	 8.62498681923619E-03 
2374	 8.31741129339088E-03 
2375	 5.92191279102132E-03 
2376	-3.41171409907085E-03 
2377	 4.89141091055886E-03 
2378	 1.49900647084004E-02 
2379	 1.20610045175723E-02 
2380	 1.05409405330232E-02 
2381	 3.14846506543822E-03 
2382	 9.21972391667705E-03 
2383	 2.88975707700775E-02 
2384	 1.84129106678629E-02 
2385	-1.59364520188288E-03 
2386	 8.0476934982631E-03 
2387	 1.29105942962666E-02 
2388	 2.98187075872421E-03 
2389	 1.53925582975066E-02 
2390	 7.71103896220026E-03 
2391	-1.14076887961172E-02 
2392	 8.73336899802177E-03 
2393	 0.031940224840454 
2394	 1.65368502714387E-02 
2395	 0.016837217107619 
2396	 4.42009814609691E-02 
2397	 4.12236332119985E-02 
2398	 3.54374229510279E-02 
2399	 2.54609109965892E-02 
2400	 1.04632783649517E-02 
2401	 7.24709577105489E-03 
2402	 0.015015370754495 
2403	 4.77563125218353E-02 
2404	 3.30027506587953E-02 
2405	-2.54713999275211E-02 
2406	-0.037288380091152 
2407	-3.36031499369865E-03 
2408	 5.04811067904169E-02 
2409	 9.96521959024944E-02 
2410	 0.110818722051535 
2411	 7.16037871256966E-02 
2412	-6.57211020903467E-03 
2413	-3.21910028509222E-02 
2414	 2.08543891575432E-02 
2415	 0.126512771422123 
2416	 0.240250581387163 
2417	 0.27809057945825 
2418	 0.309938410120022 
2419	 0.253035335306712 
2420	 0.103188714190278 
2421	 0.101384263660589 
2422	 0.160841939884474 
2423	 0.182362917070159 
2424	 0.201799555502153 
2425	 0.202282450453088 
2426	 0.109978448410704 
2427	-1.62614359409292E-03 
2428	-7.50759088945585E-03 
2429	 1.13007967122607E-02 
2430	-6.15196721209388E-03 
2431	 3.44468886347682E-02 
2432	 0.060849051750531 
2433	-3.93931452788674E-02 
2434	-2.36194579549934E-03 
2435	 0.094526269933155 
2436	-4.87925415598668E-03 
2437	-9.27946153686779E-02 
2438	-0.08112322818591 
2439	-3.63697679722627E-02 
2440	 0.104215032829738 
2441	 0.249378999635831 
2442	 0.295973440855254 
2443	 0.231337218743936 
2444	 0.248103205235053 
2445	 0.3006960781368 
2446	 0.22749452875446 
2447	 0.189790979790774 
2448	 0.149951799069055 
2449	 1.97421328337008E-02 
2450	 2.86151472511108E-02 
2451	 0.202844508287573 
2452	 8.21985383256969E-02 
2453	 4.67504777914347E-02 
2454	 0.12456052140039 
2455	 0.158590305283701 
2456	 0.190209971673045 
2457	 0.19204462437784 
2458	 0.226051713858987 
2459	 0.167579358429752 
2460	-0.016810196079668 
2461	 1.70381573297966E-04 
2462	-7.08334943802524E-02 
2463	-0.295024743739798 
2464	-0.285441005035176 
2465	-0.121294328884069 
2466	 0.11309124449632 
2467	 0.281670623950573 
2468	 0.418491834287351 
2469	 0.267421442504964 
2470	 0.100372350626019 
2471	 2.94050392958394E-02 
2472	-0.366058027825013 
2473	-0.672149922652917 
2474	-0.40228240877629 
2475	-0.190426817334128 
2476	 0.50451799667811 
2477	 0.607677503937077 
2478	 2.24022539651865E-02 
2479	-0.321866704026553 
2480	-0.65173738050019 
2481	-0.852002078063681 
2482	 0.299240578586234 
2483	 7.5416872943309 
2484	 1.11487823586848 
2485	-15.4849530107174 
2486	-1.22257119828426 
2487	-3.0886845700366 
2488	-0.583573865400023 
2489	-1.08496794124726 
2490	-0.876719709233555 
2491	-0.781834811809647 
2492	-0.319713259470632 
2493	 8.27595020984574E-02 
2494	-0.384710429226163 
2495	-0.506640292073087 
2496	-1.52118009034493 
2497	 2.60070976083911 
2498	-1.26575946495139 
2499	-1.1576940108505 
2500	 22.2752656596446 
