Wavelength	rt0712EAST100001.asd
350	 7.93143663083259E-02 
351	 8.08250105060284E-02 
352	 8.02858735367618E-02 
353	 0.080304887573024 
354	 0.081979292146963 
355	 0.081397875927569 
356	 8.11881253961786E-02 
357	 0.08121009719952 
358	 8.07400830223164E-02 
359	 8.03226822530295E-02 
360	 8.02918323581528E-02 
361	 8.05041204953254E-02 
362	 8.05113546854921E-02 
363	 8.01968365599694E-02 
364	 8.04118738683664E-02 
365	 8.10657920546365E-02 
366	 8.04970240563304E-02 
367	 7.98288196883426E-02 
368	 7.98178968166987E-02 
369	 8.05809209265858E-02 
370	 8.04032264377718E-02 
371	 8.03783671555519E-02 
372	 8.03827185004446E-02 
373	 7.97720516316168E-02 
374	 8.01095600902307E-02 
375	 8.05710090481174E-02 
376	 8.06357914178345E-02 
377	 8.05699637030298E-02 
378	 8.08190588436657E-02 
379	 8.06590706782261E-02 
380	 7.99062597928999E-02 
381	 8.10383157805092E-02 
382	 8.12196366802276E-02 
383	 0.080663537133251 
384	 8.07981418976105E-02 
385	 7.98331634438326E-02 
386	 7.96261021374284E-02 
387	 8.05696930102327E-02 
388	 0.08113547205552 
389	 8.16820562824685E-02 
390	 8.16350108214706E-02 
391	 8.09811999332812E-02 
392	 8.13496304951838E-02 
393	 8.19229313441924E-02 
394	 8.20951976561556E-02 
395	 0.081627234467788 
396	 8.15605508199992E-02 
397	 8.15343001907191E-02 
398	 8.14946727210523E-02 
399	 8.16967650353212E-02 
400	 8.15559012643086E-02 
401	 8.14142625903206E-02 
402	 8.14970567301036E-02 
403	 8.14252648239146E-02 
404	 8.16015454094257E-02 
405	 0.081804324288751 
406	 8.16702574263706E-02 
407	 8.14097358732628E-02 
408	 8.15302395227639E-02 
409	 8.18762523756039E-02 
410	 0.0816890500783 
411	 8.17650588595843E-02 
412	 8.18219370171255E-02 
413	 8.16349873781738E-02 
414	 0.081585453339574 
415	 0.081531864704678 
416	 8.15716305252286E-02 
417	 8.18132602422247E-02 
418	 8.19096097343439E-02 
419	 8.16916646427483E-02 
420	 8.13956807877176E-02 
421	 8.16334161004329E-02 
422	 0.081507720759183 
423	 0.081559097104893 
424	 0.082099842719025 
425	 8.19640331448846E-02 
426	 8.17423432191719E-02 
427	 8.17488134565789E-02 
428	 0.082067499641886 
429	 8.21900139132602E-02 
430	 8.20970277328429E-02 
431	 8.19524181179693E-02 
432	 8.20588459827777E-02 
433	 0.08198823264508 
434	 8.20500555801512E-02 
435	 8.24123100157586E-02 
436	 8.23445207849081E-02 
437	 8.21965052581274E-02 
438	 8.21979358215669E-02 
439	 8.24515134111179E-02 
440	 8.25947005145027E-02 
441	 8.27083319785541E-02 
442	 8.28305660834782E-02 
443	 8.28518374708446E-02 
444	 8.30940374649802E-02 
445	 8.32849515343855E-02 
446	 8.32086082202086E-02 
447	 8.35399866239721E-02 
448	 8.38542640876254E-02 
449	 8.39209117617011E-02 
450	 8.37308455823502E-02 
451	 8.38972874967809E-02 
452	 8.41315834230072E-02 
453	 8.41591915785159E-02 
454	 8.39899939574866E-02 
455	 8.40865965242026E-02 
456	 8.42703101239165E-02 
457	 0.08421633232538 
458	 8.42549808909296E-02 
459	 8.42797232166004E-02 
460	 8.42379035438797E-02 
461	 8.41631279184827E-02 
462	 8.43414047042102E-02 
463	 8.45623512577265E-02 
464	 8.46361417315783E-02 
465	 8.47230016384745E-02 
466	 8.47743530667833E-02 
467	 8.48266897217255E-02 
468	 8.49468680340418E-02 
469	 8.51245705945467E-02 
470	 8.51964726356695E-02 
471	 8.52077563717794E-02 
472	 8.54968187839304E-02 
473	 8.54399094136842E-02 
474	 8.53895510119044E-02 
475	 8.57365493600548E-02 
476	 8.60691346560596E-02 
477	 8.62572617570115E-02 
478	 8.63652641373277E-02 
479	 8.65765301100535E-02 
480	 8.67378466084278E-02 
481	 8.68528042336793E-02 
482	 8.69927133021979E-02 
483	 8.73427754252998E-02 
484	 8.74977317984033E-02 
485	 8.76416671330119E-02 
486	 8.80425227998663E-02 
487	 8.81418941385419E-02 
488	 8.81865749189172E-02 
489	 8.83916611121897E-02 
490	 8.88672832023085E-02 
491	 8.90354232311085E-02 
492	 8.91916732849334E-02 
493	 8.95832675338464E-02 
494	 8.98152807638982E-02 
495	 9.02675162227668E-02 
496	 9.06676771472998E-02 
497	 9.05641023489053E-02 
498	 9.10016749577925E-02 
499	 9.13942691738348E-02 
500	 9.14937593413609E-02 
501	 9.18467949517267E-02 
502	 9.20880878049334E-02 
503	 9.23766043445978E-02 
504	 9.28709152284462E-02 
505	 9.30967410579582E-02 
506	 9.34714767543654E-02 
507	 9.39971078340066E-02 
508	 9.43593655866324E-02 
509	 9.49193577008349E-02 
510	 9.54287282493935E-02 
511	 0.095718039364719 
512	 9.59987461502871E-02 
513	 9.63887307641658E-02 
514	 9.68027886045543E-02 
515	 9.71016433150431E-02 
516	 9.75420723983328E-02 
517	 9.81620931347845E-02 
518	 9.87734619062645E-02 
519	 9.89613381118003E-02 
520	 9.93490274755938E-02 
521	 9.98197610452285E-02 
522	 0.100193288482332 
523	 0.100710513705872 
524	 0.101166799229865 
525	 0.101584811761822 
526	 0.102128348582297 
527	 0.102526172405239 
528	 0.102951424554648 
529	 0.103506569337459 
530	 0.104057525587361 
531	 0.104437496744075 
532	 0.104752748497312 
533	 0.105207622752417 
534	 0.105851676985556 
535	 0.106482626182525 
536	 0.106972190041114 
537	 0.107295084755586 
538	 0.107790420149404 
539	 0.10834599633098 
540	 0.108825541545556 
541	 0.109458580908209 
542	 0.109843168950425 
543	 0.110113073126843 
544	 0.110697641921021 
545	 0.111291079390927 
546	 0.111838321177795 
547	 0.112316661530227 
548	 0.112688157203108 
549	 0.113114806501743 
550	 0.113652719917826 
551	 0.114260875387705 
552	 0.114618877127637 
553	 0.115037292693352 
554	 0.115573980242864 
555	 0.11596230095815 
556	 0.116386669021634 
557	 0.116810931832827 
558	 0.117166426943758 
559	 0.117454467804452 
560	 0.117818026465025 
561	 0.118116655943663 
562	 0.118104844795708 
563	 0.118427420689701 
564	 0.118778190731576 
565	 0.118859892406082 
566	 0.118605923226736 
567	 0.118568260982755 
568	 0.118670253757913 
569	 0.118647116741006 
570	 0.118768831985983 
571	 0.118733337335713 
572	 0.118569491549442 
573	 0.118681745929317 
574	 0.118721218952142 
575	 0.118612628747288 
576	 0.118389629556501 
577	 0.118204032586448 
578	 0.118094626351215 
579	 0.117924608463796 
580	 0.117512378603309 
581	 0.117382656030907 
582	 0.11722792247423 
583	 0.116800754009227 
584	 0.116134037718164 
585	 0.115371815399013 
586	 0.114618336289937 
587	 0.11390188165763 
588	 0.112890420274302 
589	 0.112153245089538 
590	 0.111771187073488 
591	 0.111152151452012 
592	 0.110771015342228 
593	 0.110349008722856 
594	 0.109673018684874 
595	 0.109137455808776 
596	 0.108383160315887 
597	 0.107547036206563 
598	 0.106974855527336 
599	 0.106208846220543 
600	 0.105369089872039 
601	 0.104677742094979 
602	 0.104435377958513 
603	 0.104100375935226 
604	 0.103707908663145 
605	 0.10346635314275 
606	 0.103444085656131 
607	 0.103241046900176 
608	 0.102881342415011 
609	 0.102829315726657 
610	 0.102629394348543 
611	 0.102270828721959 
612	 0.101877036240314 
613	 0.101672723653092 
614	 0.101519690170715 
615	 0.101297654373528 
616	 0.100943453323321 
617	 0.10080128884348 
618	 0.100540524064476 
619	 0.100153282352673 
620	 0.100308838491403 
621	 0.099904361096095 
622	 9.94089364398893E-02 
623	 9.95314914606071E-02 
624	 9.94506032590907E-02 
625	 9.92485349779282E-02 
626	 9.89430920851266E-02 
627	 9.84894597264497E-02 
628	 9.83534732768775E-02 
629	 9.83432153422943E-02 
630	 9.81954146992494E-02 
631	 9.78079243520365E-02 
632	 9.76321119013599E-02 
633	 9.76693713067546E-02 
634	 9.76713023131395E-02 
635	 9.73926340530031E-02 
636	 9.71498423394882E-02 
637	 9.71189278187173E-02 
638	 9.72095127342257E-02 
639	 9.69116302142657E-02 
640	 9.66447754319417E-02 
641	 0.096826045272836 
642	 9.66498398893875E-02 
643	 9.64467466255967E-02 
644	 0.096157120197566 
645	 9.54107358239782E-02 
646	 9.48098729759253E-02 
647	 9.46006292784093E-02 
648	 9.46894078251293E-02 
649	 9.44122100057726E-02 
650	 9.42286945506347E-02 
651	 9.39979363503126E-02 
652	 9.34592248786312E-02 
653	 9.29199271695935E-02 
654	 9.24174872705015E-02 
655	 9.18766704423098E-02 
656	 9.11635727016123E-02 
657	 9.05401215061133E-02 
658	 9.00716693734289E-02 
659	 8.96750379307441E-02 
660	 8.90096548532576E-02 
661	 8.83769041677204E-02 
662	 8.77979930004273E-02 
663	 8.71867123538248E-02 
664	 8.70805857760293E-02 
665	 0.086950796685652 
666	 8.65340813071294E-02 
667	 8.62634954429849E-02 
668	 0.086263406328194 
669	 8.64114853160045E-02 
670	 8.65118977516692E-02 
671	 0.086545853214503 
672	 8.66143215070459E-02 
673	 8.68325612721378E-02 
674	 8.72984927194739E-02 
675	 0.08766915613122 
676	 8.79306552039599E-02 
677	 8.81749472059172E-02 
678	 8.85949024397545E-02 
679	 8.88418074241698E-02 
680	 8.90503468676655E-02 
681	 8.95268192342813E-02 
682	 9.00763462309515E-02 
683	 9.05149451251692E-02 
684	 0.090785630936948 
685	 9.10206289539157E-02 
686	 9.15861456399159E-02 
687	 9.19894717266913E-02 
688	 9.17723211632283E-02 
689	 9.16981988749845E-02 
690	 9.16885923139964E-02 
691	 9.15959587740162E-02 
692	 9.12369553373802E-02 
693	 0.09090000461101 
694	 9.08821880237309E-02 
695	 9.10968306137477E-02 
696	 9.10211449965802E-02 
697	 9.04427723062484E-02 
698	 8.96154611029742E-02 
699	 8.90496334027086E-02 
700	 8.89918124459845E-02 
701	 8.87996710830747E-02 
702	 8.82676999166479E-02 
703	 8.75906814253111E-02 
704	 0.087173581943371 
705	 8.67620219878351E-02 
706	 8.61533052161399E-02 
707	 8.54495571938209E-02 
708	 8.43946737423888E-02 
709	 8.33892423468495E-02 
710	 8.28738099522857E-02 
711	 8.20370619785579E-02 
712	 8.08761264903202E-02 
713	 7.96101594024359E-02 
714	 7.86082912055072E-02 
715	 7.70244499800478E-02 
716	 7.52677604821071E-02 
717	 7.42879265913382E-02 
718	 7.31041868971003E-02 
719	 7.19851546813221E-02 
720	 7.12745739841855E-02 
721	 7.08357339725847E-02 
722	 0.070200583246308 
723	 6.93443621113583E-02 
724	 6.83405178329578E-02 
725	 6.70472106061706E-02 
726	 6.62171560898759E-02 
727	 6.57097687054413E-02 
728	 6.52511017149193E-02 
729	 6.47608882471035E-02 
730	 6.44839171589439E-02 
731	 6.43361713526795E-02 
732	 6.41062215210923E-02 
733	 6.39350777933823E-02 
734	 6.34947083234174E-02 
735	 6.29915208668635E-02 
736	 6.33573022285021E-02 
737	 6.32127587380318E-02 
738	 6.29382047040289E-02 
739	 6.30133862679984E-02 
740	 6.30041052524186E-02 
741	 6.31495343270328E-02 
742	 0.063331611280013 
743	 6.33010908196909E-02 
744	 6.32123067478705E-02 
745	 6.32830627766873E-02 
746	 6.34669167467945E-02 
747	 6.33688774739268E-02 
748	 6.33012028668205E-02 
749	 6.32356909948569E-02 
750	 0.063101645003498 
751	 6.29433358418641E-02 
752	 6.29910393423855E-02 
753	 6.31338983765457E-02 
754	 6.31008014512207E-02 
755	 6.30549536344431E-02 
756	 6.28422885251708E-02 
757	 6.24451265613495E-02 
758	 6.19943432827637E-02 
759	 0.061086589142386 
760	 6.01458481957445E-02 
761	 6.04338836471642E-02 
762	 6.04284903013102E-02 
763	 6.06557896533357E-02 
764	 6.10078694167899E-02 
765	 6.13042089020333E-02 
766	 6.18102640132495E-02 
767	 6.21204770558833E-02 
768	 6.22302832954925E-02 
769	 6.24394898889799E-02 
770	 6.24804231493477E-02 
771	 6.24663657919853E-02 
772	 6.25267473888433E-02 
773	 6.26550363565571E-02 
774	 6.25919977448214E-02 
775	 0.062403764029143 
776	 6.23235051824986E-02 
777	 6.25974732939982E-02 
778	 6.27585628468783E-02 
779	 6.26236761513567E-02 
780	 6.23822967720655E-02 
781	 6.25577333674571E-02 
782	 6.26479157957305E-02 
783	 6.23841285609868E-02 
784	 6.24892438786553E-02 
785	 6.26192406158314E-02 
786	 6.25392789387375E-02 
787	 6.21647048962892E-02 
788	 6.20441550436334E-02 
789	 6.20484806359353E-02 
790	 6.22179178006286E-02 
791	 6.26736153546591E-02 
792	 6.27137640816275E-02 
793	 6.26802224525381E-02 
794	 6.26672350141314E-02 
795	 6.21028899132236E-02 
796	 6.23885956739225E-02 
797	 6.27025428080317E-02 
798	 6.22058947364661E-02 
799	 6.22830574152082E-02 
800	 6.25009758381159E-02 
801	 6.26951041972398E-02 
802	 6.28325101930529E-02 
803	 6.26629690207701E-02 
804	 6.27522355678008E-02 
805	 0.063079765824867 
806	 6.29897363943548E-02 
807	 6.27747479629017E-02 
808	 6.26264856199297E-02 
809	 0.062497828695904 
810	 6.16323454716053E-02 
811	 6.11753223860658E-02 
812	 6.10684563727823E-02 
813	 6.06397835279549E-02 
814	 5.94433475770446E-02 
815	 5.95741351062186E-02 
816	 6.05173001491598E-02 
817	 5.97830708202869E-02 
818	 5.98878883772832E-02 
819	 6.03434913353627E-02 
820	 6.05600648610311E-02 
821	 6.00686010369021E-02 
822	 5.97978900960574E-02 
823	 5.98855798030648E-02 
824	 5.99697711329572E-02 
825	 5.92068189958326E-02 
826	 5.90076195770772E-02 
827	 5.90549832747492E-02 
828	 5.86625016387345E-02 
829	 5.94297463812699E-02 
830	 5.90030140728442E-02 
831	 5.77542451551917E-02 
832	 5.78866979223548E-02 
833	 5.83140560255739E-02 
834	 5.89784759588793E-02 
835	 5.94743997732196E-02 
836	 5.88917864485509E-02 
837	 5.85611759236819E-02 
838	 5.86259703210912E-02 
839	 5.88993095058039E-02 
840	 5.91292468135669E-02 
841	 5.90452792408271E-02 
842	 5.87408279437662E-02 
843	 5.85687910295387E-02 
844	 0.05931749872339 
845	 5.95922262772383E-02 
846	 0.059265554801554 
847	 5.91049108052619E-02 
848	 0.059146703994692 
849	 5.93446127837223E-02 
850	 5.93437696125984E-02 
851	 5.85403782048406E-02 
852	 5.87538056040105E-02 
853	 5.91297638494978E-02 
854	 5.90549716986547E-02 
855	 5.97192074347474E-02 
856	 5.93477556792777E-02 
857	 5.87698057262112E-02 
858	 5.90360629576421E-02 
859	 5.94040804594791E-02 
860	 5.92508114807896E-02 
861	 5.91148615143142E-02 
862	 0.059758618867311 
863	 5.93652217597467E-02 
864	 5.90457304682187E-02 
865	 5.92416601008303E-02 
866	 5.95339217842064E-02 
867	 5.94091684802168E-02 
868	 5.90839810511506E-02 
869	 5.88811665475377E-02 
870	 5.90665817859866E-02 
871	 5.86575518420059E-02 
872	 5.83112590990818E-02 
873	 5.85406581465633E-02 
874	 5.87394076111236E-02 
875	 5.84882282804086E-02 
876	 5.82665143417373E-02 
877	 5.85575779740815E-02 
878	 5.87535031511431E-02 
879	 5.83709913871431E-02 
880	 5.78257303333854E-02 
881	 5.78846135024594E-02 
882	 0.058528376246772 
883	 0.058555576526106 
884	 5.80038469429474E-02 
885	 5.78539798724717E-02 
886	 5.78809641074974E-02 
887	 5.81877793538544E-02 
888	 5.84237073416278E-02 
889	 5.78042696779712E-02 
890	 5.73412954131622E-02 
891	 5.74216016953075E-02 
892	 0.057751799310534 
893	 5.68571489383716E-02 
894	 5.57572048197789E-02 
895	 5.50194471915771E-02 
896	 5.47659512283141E-02 
897	 5.38919881043111E-02 
898	 5.40205112741165E-02 
899	 5.52476838751941E-02 
900	 5.63006512253094E-02 
901	 5.42353431719403E-02 
902	 5.36299090468341E-02 
903	 5.46631862531744E-02 
904	 5.57474540089879E-02 
905	 5.57228762253946E-02 
906	 5.36739949643677E-02 
907	 5.15203155233018E-02 
908	 5.30000444977032E-02 
909	 5.48790658569404E-02 
910	 5.46708245030791E-02 
911	 5.27304661028576E-02 
912	 5.20817502625254E-02 
913	 5.55990322544841E-02 
914	 5.52431504961147E-02 
915	 5.11512991594026E-02 
916	 5.31446223904694E-02 
917	 5.37130255753033E-02 
918	 5.24479260132784E-02 
919	 5.16964794664344E-02 
920	 5.54763307156433E-02 
921	 5.57603818954269E-02 
922	 0.053273060371237 
923	 5.06624143281353E-02 
924	 5.12980055185281E-02 
925	 5.19357297781879E-02 
926	 5.08642935923184E-02 
927	 0.048208960508419 
928	 5.02159735489992E-02 
929	 5.08194057125465E-02 
930	 0.044425402323433 
931	 2.99254572264721E-02 
932	 3.71024549121167E-02 
933	 5.13589977841167E-02 
934	 5.47913107304249E-02 
935	 4.26299704950099E-02 
936	 3.40175828838596E-02 
937	 3.81228895682972E-02 
938	 4.52430626921536E-02 
939	 4.57724936237903E-02 
940	 0.049495053519424 
941	 4.72319163338098E-02 
942	 3.85652969199594E-02 
943	 0.030087077646883 
944	 4.49775766236186E-02 
945	 3.67773869942907E-02 
946	 2.30635908190822E-02 
947	 4.65377488205333E-02 
948	 4.82817806050856E-02 
949	 3.84288197224988E-02 
950	 3.75839908371329E-02 
951	 5.74282032112915E-02 
952	 4.56440404017027E-02 
953	 3.79337093969676E-02 
954	 4.04175007239044E-02 
955	 3.86665216055147E-02 
956	 4.79001538411619E-02 
957	 5.23215476590484E-02 
958	 5.44640283895957E-02 
959	 6.43368721783212E-02 
960	 0.051610365322864 
961	 4.43946852761564E-02 
962	 4.98414364361712E-02 
963	 5.79200569821916E-02 
964	 6.05584363115136E-02 
965	 5.55509004633522E-02 
966	 4.90238451558791E-02 
967	 4.96475186952324E-02 
968	 5.31405195744384E-02 
969	 5.39177547346732E-02 
970	 5.28774093401393E-02 
971	 5.45256560623781E-02 
972	 4.53857017872019E-02 
973	 0.042290793434347 
974	 0.050458454514196 
975	 0.058126541297297 
976	 4.99837098137982E-02 
977	 4.77447225001217E-02 
978	 5.31450155979607E-02 
979	 5.02519200319159E-02 
980	 5.26637267842811E-02 
981	 5.46077719109672E-02 
982	 5.53685384099536E-02 
983	 5.84261781457674E-02 
984	 5.94654301971391E-02 
985	 5.59852812774514E-02 
986	 5.24813575036682E-02 
987	 5.60271678035791E-02 
988	 0.056433148363573 
989	 5.41670948348276E-02 
990	 5.30277372726425E-02 
991	 5.65561574377685E-02 
992	 5.55205028742819E-02 
993	 5.44344832382338E-02 
994	 5.47481686971983E-02 
995	 5.52455908171423E-02 
996	 5.77221109567932E-02 
997	 5.61002821319438E-02 
998	 0.05289655985478 
999	 5.43696956301593E-02 
1000	 5.43211610461256E-02 
1001	 5.65402781429316E-02 
1002	 5.61992670015605E-02 
1003	 5.60104568893773E-02 
1004	 0.056195713643539 
1005	 5.59634785124416E-02 
1006	 5.58374652650819E-02 
1007	 5.43853045072262E-02 
1008	 0.05379812678097 
1009	 5.38469470386588E-02 
1010	 5.41941018618771E-02 
1011	 5.57710410951217E-02 
1012	 5.64276594820516E-02 
1013	 5.58749564322211E-02 
1014	 5.61144395791463E-02 
1015	 5.59249273134154E-02 
1016	 5.64000609619031E-02 
1017	 5.84622294668308E-02 
1018	 5.85653093830731E-02 
1019	 5.76815362697275E-02 
1020	 5.72800476206907E-02 
1021	 5.57101058699588E-02 
1022	 5.47915372993863E-02 
1023	 5.63211253960757E-02 
1024	 0.057156270898303 
1025	 5.74420269181249E-02 
1026	 0.057654997178681 
1027	 5.72730773525358E-02 
1028	 5.54236943432974E-02 
1029	 5.49535113777791E-02 
1030	 5.47385997783372E-02 
1031	 5.47077974272942E-02 
1032	 5.55178703001493E-02 
1033	 5.54094104874536E-02 
1034	 5.48895539244678E-02 
1035	 5.50240482595037E-02 
1036	 5.44037064203139E-02 
1037	 5.46905462283557E-02 
1038	 5.65480420870833E-02 
1039	 5.74816558261877E-02 
1040	 5.73921418117914E-02 
1041	 5.76745726155871E-02 
1042	 5.77923216742391E-02 
1043	 0.05712513583467 
1044	 5.70460926595736E-02 
1045	 5.75854810049069E-02 
1046	 5.76883337290892E-02 
1047	 5.72252855149161E-02 
1048	 5.73978490713008E-02 
1049	 0.058417761231844 
1050	 5.83741175492373E-02 
1051	 0.057493815132225 
1052	 5.75553269048515E-02 
1053	 5.75957223827383E-02 
1054	 5.75919065864444E-02 
1055	 5.87262349069844E-02 
1056	 0.059089755091633 
1057	 5.90291466675621E-02 
1058	 5.80656850188959E-02 
1059	 0.05777870820706 
1060	 5.72098161360224E-02 
1061	 5.74295931203293E-02 
1062	 5.86355599839566E-02 
1063	 5.85970892601144E-02 
1064	 5.81600661651586E-02 
1065	 5.81869853225444E-02 
1066	 5.79913727062034E-02 
1067	 5.74101811653637E-02 
1068	 5.66501177809978E-02 
1069	 5.66230602512823E-02 
1070	 5.63805187943556E-02 
1071	 5.62073119714977E-02 
1072	 5.76087897260687E-02 
1073	 0.057742476122104 
1074	 5.76955056752909E-02 
1075	 5.64345788194099E-02 
1076	 5.68220343959581E-02 
1077	 5.82272988091646E-02 
1078	 5.82815927366753E-02 
1079	 5.84231154075006E-02 
1080	 5.82268081430303E-02 
1081	 5.64348863379397E-02 
1082	 5.60072151246562E-02 
1083	 5.66469580661868E-02 
1084	 5.68923017753753E-02 
1085	 5.72245963227574E-02 
1086	 5.75722664889717E-02 
1087	 5.85957990482137E-02 
1088	 5.85320520461467E-02 
1089	 5.77408032384747E-02 
1090	 5.69182316572362E-02 
1091	 5.63098477937634E-02 
1092	 5.47017281130218E-02 
1093	 5.46752081330205E-02 
1094	 5.63015676010939E-02 
1095	 5.64021409127945E-02 
1096	 5.62665255150346E-02 
1097	 5.59340614240874E-02 
1098	 5.42253991570096E-02 
1099	 5.37549933420595E-02 
1100	 5.47246012901135E-02 
1101	 5.49722341461049E-02 
1102	 5.53010208176793E-02 
1103	 5.52498038142571E-02 
1104	 5.58438233357551E-02 
1105	 5.28029577997093E-02 
1106	 5.14274240884077E-02 
1107	 5.34404202000959E-02 
1108	 0.052797956971666 
1109	 5.31155625362168E-02 
1110	 5.33358761154115E-02 
1111	 5.31983228120263E-02 
1112	 5.15899871715556E-02 
1113	 4.75269321938044E-02 
1114	 4.61444497023573E-02 
1115	 4.37895306582966E-02 
1116	 0.042453413146039 
1117	 5.16554894682416E-02 
1118	 0.056693972641578 
1119	 5.37876764225939E-02 
1120	 4.81330649855802E-02 
1121	 2.28624615461171E-02 
1122	 3.07227376065261E-02 
1123	 1.69566687989166E-02 
1124	 3.70541023841704E-03 
1125	 6.72522839621189E-02 
1126	 6.55818469333564E-02 
1127	 2.30554612921106E-02 
1128	 2.57063511641708E-02 
1129	 2.96611292553953E-02 
1130	 1.53818722259637E-02 
1131	 1.46069771156728E-02 
1132	 5.47064836298425E-02 
1133	 5.08426569917786E-02 
1134	 4.94775925235666E-03 
1135	 1.22178925387314E-03 
1136	 5.08469496632182E-03 
1137	 1.31985547843072E-02 
1138	 3.56152595538463E-02 
1139	 6.11994753575479E-02 
1140	 7.31985938453755E-02 
1141	 5.16022986156636E-02 
1142	 2.17791004453361E-02 
1143	 1.43311623642744E-02 
1144	 4.18117660185754E-03 
1145	 1.27107223535208E-02 
1146	 3.35438762113911E-02 
1147	 3.07680741808502E-02 
1148	 3.34255970674416E-02 
1149	 3.36291363840011E-02 
1150	 2.99810199749419E-02 
1151	 0.02114848195886 
1152	 2.65517146761052E-02 
1153	 3.48226761006326E-02 
1154	 3.70579167544718E-02 
1155	 4.24604468547987E-02 
1156	 0.04218312825377 
1157	 4.16500248898313E-02 
1158	 4.25624747613227E-02 
1159	 4.09856264070445E-02 
1160	 4.10728870455106E-02 
1161	 4.41096306765189E-02 
1162	 4.48829210074853E-02 
1163	 4.62322937984227E-02 
1164	 4.90303135622951E-02 
1165	 4.73530512513285E-02 
1166	 4.65855929017436E-02 
1167	 5.04607463943054E-02 
1168	 5.35731507290842E-02 
1169	 5.51984269388668E-02 
1170	 5.57287602876929E-02 
1171	 5.53611320135173E-02 
1172	 5.14896915378831E-02 
1173	 5.15508744843398E-02 
1174	 5.35961322519779E-02 
1175	 5.40703593778341E-02 
1176	 5.33837725488368E-02 
1177	 5.28566883245314E-02 
1178	 5.13232692144716E-02 
1179	 5.12112687227219E-02 
1180	 5.31299663777471E-02 
1181	 0.053817129808435 
1182	 5.41956332588486E-02 
1183	 5.38524027307604E-02 
1184	 5.27698493481263E-02 
1185	 5.37297715898889E-02 
1186	 5.38593403559899E-02 
1187	 5.25343634816701E-02 
1188	 5.22712276171239E-02 
1189	 0.052197322047821 
1190	 0.051814668466073 
1191	 5.32539499638313E-02 
1192	 5.37043002940146E-02 
1193	 5.45305954945082E-02 
1194	 5.28160506590047E-02 
1195	 5.29308471658015E-02 
1196	 0.054467288967026 
1197	 5.41161095691836E-02 
1198	 5.48450963250282E-02 
1199	 5.61287406152233E-02 
1200	 5.40352894792258E-02 
1201	 5.18434002540761E-02 
1202	 5.19346379267527E-02 
1203	 5.23216205843988E-02 
1204	 5.25196027023486E-02 
1205	 0.052910042623601 
1206	 5.41201010110973E-02 
1207	 5.43304943911708E-02 
1208	 5.30117769421256E-02 
1209	 5.33297426918494E-02 
1210	 0.054461040001661 
1211	 5.38314729290781E-02 
1212	 5.24900083168958E-02 
1213	 5.24536412677864E-02 
1214	 5.32127976584365E-02 
1215	 5.46020820927539E-02 
1216	 5.48879920613129E-02 
1217	 5.46355158612962E-02 
1218	 5.58073521514153E-02 
1219	 5.63994266185302E-02 
1220	 5.61387812064192E-02 
1221	 0.056855428163873 
1222	 5.70466189755125E-02 
1223	 5.56967032091988E-02 
1224	 5.53421242057719E-02 
1225	 5.61780414869081E-02 
1226	 5.62530545188802E-02 
1227	 5.51302318128077E-02 
1228	 5.44463311318478E-02 
1229	 5.53521963629519E-02 
1230	 5.54556380312538E-02 
1231	 5.49201821354239E-02 
1232	 5.52505297879272E-02 
1233	 5.45779773087691E-02 
1234	 5.38508911845298E-02 
1235	 5.43512681183462E-02 
1236	 5.66045999931515E-02 
1237	 5.66848092483898E-02 
1238	 5.61263504234788E-02 
1239	 5.65768939696553E-02 
1240	 5.65765864983546E-02 
1241	 5.59065838399039E-02 
1242	 5.56534497051742E-02 
1243	 5.54068724017125E-02 
1244	 5.52474644386138E-02 
1245	 5.48781339979989E-02 
1246	 5.52211921822086E-02 
1247	 5.66438962934286E-02 
1248	 5.64330172596346E-02 
1249	 5.53033741246136E-02 
1250	 5.52706595476347E-02 
1251	 5.56045054958671E-02 
1252	 5.58154513753676E-02 
1253	 5.59424304199207E-02 
1254	 5.59373556670314E-02 
1255	 5.59060461923701E-02 
1256	 5.56603832444359E-02 
1257	 5.51896775152558E-02 
1258	 5.46640188547517E-02 
1259	 5.36460466572581E-02 
1260	 5.30371575909328E-02 
1261	 5.25474957322419E-02 
1262	 5.24823167993416E-02 
1263	 5.29278562563338E-02 
1264	 5.32961965322066E-02 
1265	 5.36516545844507E-02 
1266	 5.45684686580633E-02 
1267	 5.56140228421961E-02 
1268	 5.62752327036839E-02 
1269	 5.60955018597827E-02 
1270	 5.48190325061439E-02 
1271	 5.41446372811335E-02 
1272	 5.33848426074317E-02 
1273	 5.24189379771572E-02 
1274	 5.35079160045656E-02 
1275	 5.45743891258399E-02 
1276	 5.42036877444776E-02 
1277	 5.41951163161792E-02 
1278	 5.45518300404003E-02 
1279	 5.41352196958735E-02 
1280	 5.33681169973134E-02 
1281	 5.36751461646921E-02 
1282	 5.56811822471926E-02 
1283	 5.58455814716803E-02 
1284	 5.51956955183524E-02 
1285	 0.055325009710646 
1286	 5.48788329913218E-02 
1287	 5.45787511648816E-02 
1288	 5.54023467809134E-02 
1289	 5.57956028270737E-02 
1290	 5.63992581598839E-02 
1291	 5.48894638047666E-02 
1292	 5.40355372291468E-02 
1293	 5.41320436257138E-02 
1294	 5.31264640863618E-02 
1295	 5.27346079387996E-02 
1296	 5.40525858293513E-02 
1297	 5.40559137353421E-02 
1298	 0.05272428256818 
1299	 5.25136541317508E-02 
1300	 0.052463448629867 
1301	 5.20311772202265E-02 
1302	 5.36328207248165E-02 
1303	 5.53082839814233E-02 
1304	 5.42507351154837E-02 
1305	 5.33167767216181E-02 
1306	 5.33419220628639E-02 
1307	 5.32666784597054E-02 
1308	 5.30903888174749E-02 
1309	 5.46401425227176E-02 
1310	 5.36283045408503E-02 
1311	 0.049781862778574 
1312	 4.86183624343929E-02 
1313	 4.73527658800422E-02 
1314	 4.73284829526398E-02 
1315	 4.97353468635216E-02 
1316	 5.06544853149686E-02 
1317	 5.21076456900301E-02 
1318	 5.29656436096582E-02 
1319	 5.37147780022244E-02 
1320	 5.31079017473067E-02 
1321	 5.01352880787726E-02 
1322	 4.90141304799772E-02 
1323	 4.79992002186665E-02 
1324	 4.66404020914776E-02 
1325	 4.98291996089012E-02 
1326	 5.19008604815965E-02 
1327	 4.74646798569247E-02 
1328	 0.040192651834642 
1329	 3.45108934493435E-02 
1330	 3.12637540910508E-02 
1331	 3.18099103300659E-02 
1332	 4.16061408687167E-02 
1333	 5.07058206029783E-02 
1334	 5.02525630870405E-02 
1335	 4.91977893576783E-02 
1336	 4.58931744892822E-02 
1337	 4.21267711710312E-02 
1338	 0.028131897400629 
1339	 2.73711776962589E-02 
1340	 3.68914372185067E-02 
1341	 4.10061264731899E-02 
1342	 5.56032230184144E-02 
1343	 5.83971117268186E-02 
1344	 5.10317367251322E-02 
1345	 4.30151969192537E-02 
1346	 7.92380783063492E-04 
1347	-1.05945508224728E-02 
1348	 3.37072944580855E-02 
1349	 3.38284172185266E-02 
1350	 3.56994456434242E-02 
1351	 4.77447995799543E-02 
1352	-5.42616631414808E-02 
1353	-0.17350445078485 
1354	-0.381210962396708 
1355	-0.351455507558068 
1356	-4.82206270889247E-02 
1357	-7.56120172618714E-02 
1358	-0.390507614653295 
1359	-0.418941497491471 
1360	-0.529471545944226 
1361	-0.721450917172232 
1362	-0.958489050374306 
1363	-1.66690726379601 
1364	-0.910898666630797 
1365	-0.729626102921667 
1366	-0.670537230372056 
1367	-0.482638708188536 
1368	-0.338436348725186 
1369	-0.405014996702271 
1370	-0.503942546376827 
1371	 0.285608060623718 
1372	 0.996782783106187 
1373	-2.72109602504313 
1374	 19.2848676133512 
1375	-1.11644382363729 
1376	-0.858843521915777 
1377	-0.674304745196149 
1378	-0.980274798583557 
1379	-2.85659046820536 
1380	-2.37100069484661 
1381	-3.06505333973918 
1382	-2.7241011323691 
1383	-0.414306757631796 
1384	-0.245683694895898 
1385	-0.557384897955974 
1386	-0.703040309479974 
1387	-2.29177947059015 
1388	-2.54619365148631 
1389	-1.04188610377615 
1390	-1.20378308841282 
1391	-1.5956197497973 
1392	-1.03917019499287 
1393	-0.568761660833486 
1394	-0.602727485007117 
1395	-1.05195526999208 
1396	-1.02429400268081 
1397	-2.17712505447037 
1398	 352.423239058753 
1399	-2.76216486231414 
1400	-0.818594777260395 
1401	-2.51464607239623 
1402	 218.189201177138 
1403	 6.03992601920238 
1404	 12.8929997238518 
1405	 164.649807579598 
1406	-1.04913644917361 
1407	-0.913898328969488 
1408	-4.84670247711375 
1409	-35.1834048592038 
1410	 7.91388007929677 
1411	 17.5101107742463 
1412	-3.7926464508704 
1413	-3.9174550013399 
1414	-3.69357153409465 
1415	-2.71000924097225 
1416	-8.15989665147222 
1417	-23.8316335148956 
1418	-8.66458377364265 
1419	-2.16980180873981 
1420	-0.11646237911784 
1421	-0.27374750815431 
1422	-0.851958119895697 
1423	-0.904446378444494 
1424	-2.00112294148923 
1425	-2.69467407351943 
1426	-2.92771548118805 
1427	-1.66902250781446 
1428	-0.320006276898253 
1429	-0.337427401165578 
1430	-0.405405691614748 
1431	-0.302430723852113 
1432	-0.368249409935321 
1433	-0.562383275155427 
1434	-0.711539051034436 
1435	-0.454449500019808 
1436	-0.081156800640635 
1437	-0.244947885921127 
1438	-0.255159234309736 
1439	-1.41315329947178E-02 
1440	-0.176301871899769 
1441	-0.939645632121832 
1442	-0.740813176602567 
1443	-0.384255829975618 
1444	-0.203933253907749 
1445	-0.132445949212574 
1446	-0.180928531935809 
1447	-0.162905237099408 
1448	-0.225662327942047 
1449	-0.308063527181927 
1450	-0.168383252393463 
1451	-5.92587422644411E-02 
1452	-8.73016603367305E-02 
1453	-1.84689616176944E-02 
1454	-1.27192564616552E-02 
1455	-7.47308678462509E-02 
1456	-0.061152338842666 
1457	 1.33234964106999E-02 
1458	 1.8633678210442E-03 
1459	-3.27225282196216E-02 
1460	-3.69409669372805E-02 
1461	-8.55726858932828E-02 
1462	-8.62737450690178E-02 
1463	-2.20803670199932E-02 
1464	 1.17425362837938E-02 
1465	 2.45865232754821E-02 
1466	 2.85386710129979E-02 
1467	 4.51305219124722E-02 
1468	 5.72765692586261E-02 
1469	 4.42798634184611E-02 
1470	 3.11638414575346E-02 
1471	 3.16292926639072E-02 
1472	 4.00174320639285E-03 
1473	-6.06501505641271E-02 
1474	-5.24312816888023E-02 
1475	-1.25353855986012E-02 
1476	-1.38582518815179E-02 
1477	-1.23036467185126E-02 
1478	-1.17488836792426E-03 
1479	-1.32624825339071E-02 
1480	-2.06934998197449E-03 
1481	 4.56462124324943E-02 
1482	 4.86423003276222E-02 
1483	 2.25528927106432E-02 
1484	 0.023556704767872 
1485	 3.35589190626105E-02 
1486	 2.90912583649613E-02 
1487	 1.91018533289053E-02 
1488	 2.09456648146146E-02 
1489	 2.25283782855609E-02 
1490	 2.59110254835664E-02 
1491	 3.80174684974779E-02 
1492	 4.32313008505655E-02 
1493	 0.040220807811659 
1494	 4.11451494279852E-02 
1495	 4.73188965145551E-02 
1496	 0.047796662883136 
1497	 4.56112637498297E-02 
1498	 4.61233153931392E-02 
1499	 4.41404888941059E-02 
1500	 4.33123842873464E-02 
1501	 4.57216135000328E-02 
1502	 4.69295030504668E-02 
1503	 4.96120916592667E-02 
1504	 4.89611272855571E-02 
1505	 4.91940034479976E-02 
1506	 0.04197356590817 
1507	 3.91184106630645E-02 
1508	 4.00977134738511E-02 
1509	 4.55998294369125E-02 
1510	 4.97001516904227E-02 
1511	 4.76809072807988E-02 
1512	 4.93440820963387E-02 
1513	 4.76781653188074E-02 
1514	 4.50295226335422E-02 
1515	 4.95914729600097E-02 
1516	 4.79987167386734E-02 
1517	 4.42970275520707E-02 
1518	 4.67191911433369E-02 
1519	 4.84104109127989E-02 
1520	 4.74305735567124E-02 
1521	 4.74664250722225E-02 
1522	 5.04087884357814E-02 
1523	 0.05184786025292 
1524	 5.11062170809361E-02 
1525	 5.10761008115757E-02 
1526	 5.22101762546784E-02 
1527	 0.054121606759537 
1528	 0.055163150598137 
1529	 5.60716196064019E-02 
1530	 5.45524112701732E-02 
1531	 4.95559330782556E-02 
1532	 4.83779156791456E-02 
1533	 5.05824262629849E-02 
1534	 5.03385915603899E-02 
1535	 5.11169269637994E-02 
1536	 5.25890796840982E-02 
1537	 5.17695941637261E-02 
1538	 5.27143021255348E-02 
1539	 5.39083069266201E-02 
1540	 5.22691450824542E-02 
1541	 5.16208116833923E-02 
1542	 5.20138300582919E-02 
1543	 5.03854999142286E-02 
1544	 4.95062234555684E-02 
1545	 5.04747081801464E-02 
1546	 5.18006008293909E-02 
1547	 5.22974219058887E-02 
1548	 5.21759468756144E-02 
1549	 5.43964210565936E-02 
1550	 5.45840832284961E-02 
1551	 5.19273057401214E-02 
1552	 5.30071784430899E-02 
1553	 5.36912723534817E-02 
1554	 5.18718682154356E-02 
1555	 0.052709759058709 
1556	 5.44655814055824E-02 
1557	 5.42941097217087E-02 
1558	 0.053268553727281 
1559	 5.33618409195856E-02 
1560	 5.45312940260882E-02 
1561	 5.38295508854647E-02 
1562	 5.18291096392703E-02 
1563	 5.11271845775203E-02 
1564	 5.06739553419939E-02 
1565	 5.11533763941156E-02 
1566	 5.24352585096697E-02 
1567	 0.053050575243634 
1568	 5.29329151503176E-02 
1569	 5.04537755818988E-02 
1570	 4.85964883452056E-02 
1571	 5.04043196473186E-02 
1572	 5.26864815819901E-02 
1573	 5.32005319311802E-02 
1574	 5.29240927523167E-02 
1575	 5.18862731399507E-02 
1576	 5.02134764583378E-02 
1577	 4.96171021909083E-02 
1578	 5.08847096446054E-02 
1579	 5.30932110467987E-02 
1580	 5.39301041718023E-02 
1581	 5.43968316123361E-02 
1582	 0.056107572457302 
1583	 0.056712492192935 
1584	 5.58007450219451E-02 
1585	 5.51298583141275E-02 
1586	 5.33381677508984E-02 
1587	 5.06897161298422E-02 
1588	 5.08060051990096E-02 
1589	 5.30677671510159E-02 
1590	 5.40163458748213E-02 
1591	 5.30348632859819E-02 
1592	 5.18997686693847E-02 
1593	 5.00178055488902E-02 
1594	 4.88208685227406E-02 
1595	 0.050316850059531 
1596	 5.15445025981828E-02 
1597	 5.21071415295115E-02 
1598	 5.33109541610148E-02 
1599	 5.52320317134083E-02 
1600	 5.65723338484538E-02 
1601	 5.53200471361601E-02 
1602	 5.47496611679068E-02 
1603	 5.66377442294802E-02 
1604	 5.48307324214598E-02 
1605	 5.18023564674082E-02 
1606	 5.25929160828187E-02 
1607	 5.21272783063523E-02 
1608	 5.07260458622948E-02 
1609	 5.07264010895343E-02 
1610	 5.09942154913237E-02 
1611	 5.10438222519712E-02 
1612	 5.02172700571159E-02 
1613	 5.04223335465433E-02 
1614	 5.13292159953936E-02 
1615	 5.13177831006936E-02 
1616	 5.12742249734973E-02 
1617	 5.06322305280138E-02 
1618	 4.97060643059234E-02 
1619	 4.99672280298044E-02 
1620	 5.08476302539438E-02 
1621	 5.17550370896659E-02 
1622	 0.05316878996428 
1623	 5.32452431067072E-02 
1624	 0.052264509830692 
1625	 0.05283670356731 
1626	 5.27874683177057E-02 
1627	 5.17252825573614E-02 
1628	 5.10997354939505E-02 
1629	 5.04671087548814E-02 
1630	 5.10167915569107E-02 
1631	 5.12435618344734E-02 
1632	 5.06372013735424E-02 
1633	 5.08134123094674E-02 
1634	 0.052758988645095 
1635	 5.59898818142181E-02 
1636	 5.56220283466208E-02 
1637	 5.44193946146277E-02 
1638	 5.32690349157799E-02 
1639	 4.95978845964695E-02 
1640	 5.11018590605056E-02 
1641	 0.053684829737359 
1642	 5.10853499011226E-02 
1643	 0.050395590406148 
1644	 4.94201824073695E-02 
1645	 4.72126834029533E-02 
1646	 5.08617175913806E-02 
1647	 5.46734441982014E-02 
1648	 5.34124795641485E-02 
1649	 5.22808097785825E-02 
1650	 5.17904544866648E-02 
1651	 0.050458572263502 
1652	 4.95309468616706E-02 
1653	 5.09038964774258E-02 
1654	 5.07939576735294E-02 
1655	 4.88745141905843E-02 
1656	 4.92155548831636E-02 
1657	 5.06259019996264E-02 
1658	 5.07534006010145E-02 
1659	 5.06005428314968E-02 
1660	 5.04782209219751E-02 
1661	 5.04289992161315E-02 
1662	 5.02087055376002E-02 
1663	 5.06652865470478E-02 
1664	 5.07487935616142E-02 
1665	 4.85677506316074E-02 
1666	 4.85775160167322E-02 
1667	 0.051353201173594 
1668	 5.11616173125819E-02 
1669	 4.98727107761326E-02 
1670	 4.89810012858752E-02 
1671	 4.94113337594199E-02 
1672	 5.07373541529465E-02 
1673	 5.20244342092808E-02 
1674	 5.22470382073267E-02 
1675	 5.02872640809768E-02 
1676	 4.90412385451125E-02 
1677	 5.11829136426807E-02 
1678	 5.33872432863902E-02 
1679	 5.28824862630956E-02 
1680	 5.20822782982729E-02 
1681	 5.21969936105556E-02 
1682	 5.11048469569494E-02 
1683	 0.050672466583298 
1684	 5.31411882817182E-02 
1685	 5.34790217053489E-02 
1686	 5.39900108579669E-02 
1687	 5.61829618613509E-02 
1688	 5.45492947991072E-02 
1689	 5.30599983446733E-02 
1690	 5.34007122559335E-02 
1691	 5.24500808102753E-02 
1692	 5.24186720014694E-02 
1693	 5.44092458028958E-02 
1694	 5.52625359638563E-02 
1695	 5.55283471280382E-02 
1696	 5.60295854744641E-02 
1697	 5.26318499821006E-02 
1698	 4.90906844621458E-02 
1699	 5.01684749999615E-02 
1700	 5.09592458766543E-02 
1701	 5.20151334586822E-02 
1702	 5.44832542523217E-02 
1703	 5.36341276391573E-02 
1704	 5.20363863910761E-02 
1705	 5.29799844995598E-02 
1706	 5.31413110453935E-02 
1707	 5.35864000210975E-02 
1708	 5.39495650832706E-02 
1709	 5.15137117340278E-02 
1710	 5.17850986963185E-02 
1711	 5.17395292766805E-02 
1712	 4.96260718833099E-02 
1713	 5.00127039330227E-02 
1714	 5.04361728582129E-02 
1715	 5.24279427144458E-02 
1716	 5.14045262190541E-02 
1717	 5.09517213820659E-02 
1718	 5.02955835546496E-02 
1719	 5.03723948196696E-02 
1720	 0.052947175051061 
1721	 5.46341648599777E-02 
1722	 5.45980748445078E-02 
1723	 5.39470546922829E-02 
1724	 5.36458458853339E-02 
1725	 5.42459730525136E-02 
1726	 5.56250434371305E-02 
1727	 5.41460234366059E-02 
1728	 5.22949282150355E-02 
1729	 5.37193129821689E-02 
1730	 5.10996716073873E-02 
1731	 4.92853795705734E-02 
1732	 5.49241188280199E-02 
1733	 5.64222625926762E-02 
1734	 5.41125757664391E-02 
1735	 5.57840430188165E-02 
1736	 5.39773633929934E-02 
1737	 4.96092402633109E-02 
1738	 5.15359988282642E-02 
1739	 5.21880019104813E-02 
1740	 4.91988074442815E-02 
1741	 4.99299108611453E-02 
1742	 4.89663208492261E-02 
1743	 4.89101937223915E-02 
1744	 4.98706264583904E-02 
1745	 4.92305285600671E-02 
1746	 6.09345852678025E-02 
1747	 6.29264869598725E-02 
1748	 6.49137774670172E-02 
1749	 6.57314672646401E-02 
1750	 5.51101048054491E-02 
1751	 4.94373318839965E-02 
1752	 0.046525622819869 
1753	 0.046373998887764 
1754	 4.91924707638601E-02 
1755	 5.24137976130773E-02 
1756	 6.06259621684778E-02 
1757	 5.20880442231862E-02 
1758	 4.67236298907766E-02 
1759	 4.61643916735602E-02 
1760	 5.40141266997528E-02 
1761	 6.35282088545831E-02 
1762	 0.063373169116033 
1763	 5.01354816104108E-02 
1764	 4.25258183481157E-02 
1765	 5.07721150031361E-02 
1766	 5.57558677994877E-02 
1767	 5.61975609685042E-02 
1768	 5.88541496558021E-02 
1769	 5.35877823728273E-02 
1770	 4.70383919016297E-02 
1771	 5.23459768895913E-02 
1772	 5.05299808918801E-02 
1773	 2.91554512411487E-02 
1774	 2.55290321723931E-02 
1775	 3.66722016423432E-02 
1776	 3.54429770388438E-02 
1777	 4.28651939855048E-02 
1778	 4.22535792666576E-02 
1779	 1.66149627106498E-02 
1780	 1.27092068388779E-02 
1781	 2.61733775539424E-02 
1782	 2.53426829328825E-02 
1783	 2.50565089464489E-02 
1784	 3.39521721973125E-02 
1785	 3.92203858549153E-02 
1786	 4.61075279297621E-02 
1787	 7.41168136074205E-02 
1788	 7.31414372135622E-02 
1789	 4.25555811597464E-02 
1790	 5.21579642162328E-02 
1791	 0.038934500591848 
1792	 0.051328764838028 
1793	 8.11482749171286E-02 
1794	 7.02043078026562E-02 
1795	 9.20643056206503E-02 
1796	 0.127737589667449 
1797	 5.12179366932744E-02 
1798	-4.24465216636156E-02 
1799	-0.180773268215429 
1800	-0.336134557137896 
1801	-0.335062973637524 
1802	-0.053017248674511 
1803	 0.051309034554527 
1804	 0.27898297022645 
1805	 0.324583972016981 
1806	-0.14792852154782 
1807	-0.248265626334151 
1808	-3.72332337440733E-02 
1809	-0.159067328819669 
1810	-0.316656727037367 
1811	-0.704206105131573 
1812	-2.00311196216642 
1813	-1.70852942772335 
1814	-0.801019087964507 
1815	-0.518947246903071 
1816	-0.248041500149398 
1817	-0.111634611070914 
1818	 0.07734331498242 
1819	-5.58290797444408E-02 
1820	 2.41827769867873E-03 
1821	-0.570511071170255 
1822	-1.68452198507698 
1823	-2.49925082393989 
1824	-3.23093831338677 
1825	-1.06991872831509 
1826	-0.702604879538782 
1827	-5.55523637094765E-03 
1828	-0.134536597095935 
1829	-1.70553033311479 
1830	-2.15265994472889 
1831	 0.301900253252159 
1832	 1.35173059926935 
1833	 3.25666896539905 
1834	 7.1589121078521 
1835	-30.4350053779979 
1836	-13.9846015810486 
1837	-1.76297419674206 
1838	-1.11976784628709 
1839	-1.83616142922704 
1840	-17.2632349943884 
1841	 0.645808193312592 
1842	 1.01040227436596 
1843	 1.18888024300311 
1844	 1.48979519369876 
1845	 2.04014406581498 
1846	-3.05603046546601 
1847	-2.35114436036592 
1848	 0.468566581558323 
1849	 1.22273887426668 
1850	 2.88366177567742 
1851	 4.64972771652406 
1852	 1.89655545355751 
1853	 1.11284177905445 
1854	 0.820267124895656 
1855	 0.31106956786542 
1856	 0.196454541829483 
1857	 0.136291663939656 
1858	 0.112691545926647 
1859	 0.138003653844793 
1860	 0.179131844144238 
1861	 0.348737952155637 
1862	 0.814079640825468 
1863	 1.03564601988787 
1864	 0.147928768111636 
1865	-0.7142607603295 
1866	 11.8619801622036 
1867	 3.62558886793804 
1868	-1.65213821779281 
1869	-25.446783865423 
1870	 64.4263530781328 
1871	 4.22650244932139 
1872	 2.12717776265175 
1873	 1.49452425090503 
1874	 0.537712238293015 
1875	-0.142526789953917 
1876	-0.436140448724723 
1877	-0.52053536138746 
1878	-0.460387657783839 
1879	-0.154803832011015 
1880	 0.188232858943826 
1881	 0.734033053572168 
1882	 0.607619456083596 
1883	 0.751798765586684 
1884	 2.40507430201072 
1885	 5.03265263800034 
1886	 31.3976739073935 
1887	-3.12848388947313 
1888	 7.81283484413652 
1889	 2.90374863398517 
1890	 1.54136683573233 
1891	 1.70606176016346 
1892	 2.04978812769037 
1893	 3.83268575691326 
1894	 10.2831766072345 
1895	 10.7097766230074 
1896	 2.88945649174287 
1897	 0.98449679491815 
1898	 1.606441974687 
1899	 4.68526846734649 
1900	 17.7006836698855 
1901	-4.81967633072402 
1902	-3.81030003765205 
1903	-3.03780872473084 
1904	-1.39444751720958 
1905	-0.991449396910754 
1906	-0.593816044236727 
1907	-0.86713660861331 
1908	-0.481898582414295 
1909	 1.8364098111061 
1910	 4.97235021664608 
1911	-7.73268098506646 
1912	 4.81030691201171 
1913	 6.98334749971817 
1914	 2.82745761352849 
1915	 3.23010128499217 
1916	 3.3168811895666 
1917	 3.75647869013943 
1918	 4.45864625386115 
1919	-0.695258870100317 
1920	 0.663515350829819 
1921	 1.44088503461524 
1922	 0.914537570253519 
1923	 5.87213901234662E-02 
1924	-0.756844652952485 
1925	-0.987624917468752 
1926	-1.10294547863912 
1927	-0.640196313401534 
1928	-0.888599287983697 
1929	-9.2867304637147 
1930	 1.19536209858023 
1931	 0.224025861086837 
1932	-0.438032740452581 
1933	-0.734956184484225 
1934	-0.542851832066107 
1935	 0.816934571057765 
1936	 10.66074025117 
1937	 1.70676825764276 
1938	 0.111787403178657 
1939	-2.89354090205198E-02 
1940	 7.66167629044127E-02 
1941	-2.05218971515954E-02 
1942	-1.18845524683345E-02 
1943	 0.20020886884325 
1944	 0.222786884821237 
1945	-1.25375862531191E-02 
1946	-0.764909170109764 
1947	 77.8102696604458 
1948	-3.0327929402261 
1949	-2.12254009544862 
1950	-2.37142723919368 
1951	-1.83549304436369 
1952	-2.34140029856713 
1953	-9.56058769238197 
1954	 5.29513387667331 
1955	 3.8097519995865 
1956	 1.86629900366804 
1957	 1.7495910532293 
1958	 1.53824426683787 
1959	 0.232406025815976 
1960	-6.07409345299507E-02 
1961	-0.495196631531544 
1962	-0.544384043761266 
1963	-0.488194046049498 
1964	-0.562448925127605 
1965	-0.341018407226444 
1966	-0.145187143280827 
1967	-4.42732687173243E-02 
1968	 8.19181898834676E-02 
1969	 9.51376459228942E-02 
1970	 0.223530901682525 
1971	 0.151521846831793 
1972	-8.62373722295633E-02 
1973	-0.252306513152403 
1974	-0.347331762278782 
1975	-0.29277287779026 
1976	-8.93705915388694E-02 
1977	 2.40100974003844E-02 
1978	 9.40613407979377E-02 
1979	 0.146259784363426 
1980	 0.16725327997707 
1981	 0.25921284798684 
1982	 0.285294492049937 
1983	 0.270866822904475 
1984	 0.307924765481924 
1985	 0.26267924501556 
1986	 0.25110655184636 
1987	 0.224992280741682 
1988	 0.156079272183937 
1989	 0.240824107637565 
1990	 0.358669930026309 
1991	 0.353528772747979 
1992	 0.299569558996752 
1993	 0.186345295759462 
1994	 0.119099724364185 
1995	-7.10706013050333E-02 
1996	-0.15896385529538 
1997	-8.08028856244686E-02 
1998	 5.95431699074322E-02 
1999	-3.40419155416699E-03 
2000	-0.201564560948743 
2001	-0.352061006401263 
2002	-0.589549520976487 
2003	-0.89536464734397 
2004	-0.696183758017544 
2005	-0.390525811546592 
2006	-0.21177313841218 
2007	 0.151038670104272 
2008	 0.278475028692128 
2009	 0.329224215196913 
2010	 0.521367112720811 
2011	 0.740941451973371 
2012	 0.761196281293009 
2013	 0.216958708364523 
2014	 0.200956391558926 
2015	 0.253932979314654 
2016	 0.269472452568943 
2017	 0.19244529529144 
2018	 0.298758530276987 
2019	 0.370182040361303 
2020	 0.303929585862836 
2021	 0.233028285867604 
2022	 0.138037862227149 
2023	 7.66036073748009E-02 
2024	 3.85885629588518E-02 
2025	 2.10610411507868E-02 
2026	 3.29681747239874E-02 
2027	 9.72528341587893E-02 
2028	 5.50600052245829E-02 
2029	 1.82451882230343E-02 
2030	 2.25443232845025E-02 
2031	 4.23788864591028E-02 
2032	 7.24006184305213E-02 
2033	 9.25597467271888E-02 
2034	 0.092855623771034 
2035	 0.060402678752563 
2036	 5.71594992819832E-02 
2037	 6.05403917475355E-02 
2038	 4.78718277209244E-02 
2039	 4.15238537600362E-02 
2040	 1.66990909622439E-02 
2041	 2.11726610164773E-02 
2042	 5.39008939770706E-02 
2043	 6.03285226576365E-02 
2044	 7.75646314965807E-02 
2045	 8.53687207058527E-02 
2046	 2.50263074457061E-02 
2047	 1.49793282183136E-02 
2048	 6.81803009179168E-02 
2049	 0.079718058601003 
2050	 9.81326131786864E-02 
2051	 0.134355239111246 
2052	 0.100073068069927 
2053	 5.67597665996193E-02 
2054	 7.16288488832948E-02 
2055	 0.079950123015484 
2056	 8.28744127321905E-02 
2057	 9.94482708870988E-02 
2058	 0.101665358476434 
2059	 0.08064296496185 
2060	 8.78871462194314E-02 
2061	 0.104873802998268 
2062	 9.65145188724064E-02 
2063	 0.142828133506942 
2064	 0.158608569498996 
2065	 0.143249310123751 
2066	 0.107180366639823 
2067	 0.05800346468939 
2068	 4.19292472564658E-02 
2069	 3.70784727261363E-02 
2070	 4.26718254834166E-02 
2071	 4.90039121641003E-02 
2072	 3.86381634601152E-02 
2073	 4.45550384866141E-02 
2074	 6.85286192501983E-02 
2075	 7.03939837727861E-02 
2076	 6.62916815381168E-02 
2077	 6.22353062297862E-02 
2078	 3.72321194716205E-02 
2079	 3.58167772672388E-02 
2080	 0.048295494435087 
2081	 0.059375326163616 
2082	 8.43881903844088E-02 
2083	 8.90705670814492E-02 
2084	 7.76428905401517E-02 
2085	 7.90745352479001E-02 
2086	 6.65914835921136E-02 
2087	 4.34713469602863E-02 
2088	 4.91146857391477E-02 
2089	 8.48357493116536E-02 
2090	 9.62731676950306E-02 
2091	 9.88254747275471E-02 
2092	 0.103765800918823 
2093	 8.28083501526871E-02 
2094	 8.66509361994996E-02 
2095	 0.120387068386676 
2096	 0.125404542156707 
2097	 0.124522344327568 
2098	 0.121272828843883 
2099	 9.50721127173762E-02 
2100	 9.06898499975508E-02 
2101	 0.114123138474218 
2102	 9.97196740971164E-02 
2103	 8.60107818976081E-02 
2104	 8.29477262333399E-02 
2105	 0.071631091255292 
2106	 7.74719567972454E-02 
2107	 8.49137801891551E-02 
2108	 8.04964775162011E-02 
2109	 5.92540076428178E-02 
2110	 5.34623713016155E-02 
2111	 7.70520600199549E-02 
2112	 9.01681730258812E-02 
2113	 9.26419285492472E-02 
2114	 0.092159669127642 
2115	 9.20820016059854E-02 
2116	 7.73262872377289E-02 
2117	 7.34698835263572E-02 
2118	 8.97350827937239E-02 
2119	 9.23070387555684E-02 
2120	 8.63943709747937E-02 
2121	 0.07002696981376 
2122	 7.85717068832825E-02 
2123	 7.36175481575937E-02 
2124	 0.076643917273579 
2125	 8.48369025154127E-02 
2126	 7.50426502834201E-02 
2127	 6.99442005976322E-02 
2128	 5.38171231819277E-02 
2129	 0.046085953425168 
2130	 5.06897755418328E-02 
2131	 5.47267163772259E-02 
2132	 6.83964704801363E-02 
2133	 8.44231974253887E-02 
2134	 9.19636055034611E-02 
2135	 9.55307320048299E-02 
2136	 9.41463769627851E-02 
2137	 8.57094603326362E-02 
2138	 0.076047739652986 
2139	 5.45795358901681E-02 
2140	 5.40848334539542E-02 
2141	 6.77903159188668E-02 
2142	 7.41994079461148E-02 
2143	 9.35503099991422E-02 
2144	 9.59782464017285E-02 
2145	 8.84006055263182E-02 
2146	 7.82380599093772E-02 
2147	 7.98958106413672E-02 
2148	 8.88833122346241E-02 
2149	 7.76983226787202E-02 
2150	 6.63319072755887E-02 
2151	 6.31077869430706E-02 
2152	 5.55342881503729E-02 
2153	 5.68013835505885E-02 
2154	 6.07808796849647E-02 
2155	 5.47530406304867E-02 
2156	 4.28825218840609E-02 
2157	 3.71643232586302E-02 
2158	 3.34261867214352E-02 
2159	 3.85878509013916E-02 
2160	 5.44353233487729E-02 
2161	 6.07297935992673E-02 
2162	 0.074956040128504 
2163	 7.46186146271479E-02 
2164	 6.01240406822949E-02 
2165	 4.25465863953758E-02 
2166	 3.35480327943519E-03 
2167	-1.98349284737785E-03 
2168	 6.67114244950866E-03 
2169	 0.013049050771212 
2170	 3.55462012649777E-02 
2171	 6.79859896476849E-02 
2172	 0.070137294931207 
2173	 6.29996877378546E-02 
2174	 6.44464083022228E-02 
2175	 5.87216643184704E-02 
2176	 6.34578725433004E-02 
2177	 6.22573502192118E-02 
2178	 5.08045687257124E-02 
2179	 4.40682673750223E-02 
2180	 0.038513091680397 
2181	 4.19540330744463E-02 
2182	 0.057457535817349 
2183	 6.91003249488964E-02 
2184	 7.00363087771584E-02 
2185	 5.79620672204652E-02 
2186	 4.40463225572733E-02 
2187	 7.48086317025236E-03 
2188	 2.8752475038707E-03 
2189	 1.58247373646459E-02 
2190	 0.025662844170271 
2191	 5.48622122992621E-02 
2192	 6.71164655021541E-02 
2193	 6.51425076589198E-02 
2194	 6.46851675010474E-02 
2195	 7.04220911598314E-02 
2196	 6.38056270290781E-02 
2197	 0.036589687580235 
2198	 2.59915674634127E-02 
2199	 1.40626278164223E-02 
2200	 0.010116044822369 
2201	 1.60396252042007E-02 
2202	 2.83980515962642E-02 
2203	 1.97246090870879E-02 
2204	 3.36186348407571E-03 
2205	 0.010507795870476 
2206	 1.62271480436204E-02 
2207	 2.94403836618713E-02 
2208	 6.02337614301549E-02 
2209	 7.32155158147229E-02 
2210	 7.62127665338894E-02 
2211	 8.87497212754533E-02 
2212	 9.89069864280749E-02 
2213	 9.49566011269071E-02 
2214	 0.083329395680799 
2215	 0.058077403468395 
2216	 3.67893579004674E-02 
2217	 3.16358097653326E-02 
2218	 4.21681933002508E-02 
2219	 3.38613285458521E-02 
2220	 3.03809153749386E-02 
2221	 2.70234332717238E-02 
2222	 4.24499548308175E-03 
2223	 1.13540809476282E-02 
2224	 4.08907622447577E-02 
2225	 5.49478227706138E-02 
2226	 7.24892885834077E-02 
2227	 8.33612010806854E-02 
2228	 9.72261295451094E-02 
2229	 9.51994974220796E-02 
2230	 7.57088539005938E-02 
2231	 7.30804035161123E-02 
2232	 5.66397611068089E-02 
2233	 0.06025992956605 
2234	 8.86000595827082E-02 
2235	 0.112351239050537 
2236	 0.117354430767574 
2237	 0.127507964051162 
2238	 0.13022089382213 
2239	 0.122342991362982 
2240	 0.119858200526534 
2241	 0.110780810402297 
2242	 0.100371555980812 
2243	 8.74736918248147E-02 
2244	 7.33235497175285E-02 
2245	 6.35187723377624E-02 
2246	 6.37387932194263E-02 
2247	 7.37066947551807E-02 
2248	 9.82071201268048E-02 
2249	 0.110063012435151 
2250	 0.122340103110774 
2251	 0.130816161416464 
2252	 0.114153376392681 
2253	 0.115237635484709 
2254	 9.70481875634402E-02 
2255	 7.17633297022467E-02 
2256	 5.04842776386588E-02 
2257	 3.45474708385444E-02 
2258	 3.85621848056681E-02 
2259	 2.43459195569699E-02 
2260	 2.77504208948902E-02 
2261	 5.45314200886127E-02 
2262	 5.71246690680641E-02 
2263	 5.18208111302383E-02 
2264	 6.44864025891945E-02 
2265	 7.42475680230872E-02 
2266	 8.72719120178918E-02 
2267	 0.120482684265606 
2268	 0.133921443857087 
2269	 0.146095558327694 
2270	 0.14257939622553 
2271	 0.116684665731359 
2272	 0.105868696285426 
2273	 7.71629836914771E-02 
2274	 4.66748380661731E-02 
2275	 2.78293715596962E-02 
2276	 1.15209265506779E-02 
2277	-1.16519327292187E-02 
2278	-1.24856190232493E-02 
2279	 3.91268750487598E-03 
2280	 0.016463089008063 
2281	 3.97441834559536E-02 
2282	 0.065739547822435 
2283	 3.47441762183748E-02 
2284	 2.83223902211936E-02 
2285	 0.063356142167566 
2286	 6.24869773696109E-02 
2287	 8.68465399541928E-02 
2288	 7.71707283263795E-02 
2289	-3.29472142370307E-02 
2290	-5.50469806947905E-02 
2291	-1.88140490577162E-02 
2292	 1.02825905445945E-02 
2293	 7.07614972900751E-02 
2294	 5.02141088457616E-02 
2295	 1.19419842682101E-03 
2296	-2.38089011428353E-03 
2297	 1.58543978414427E-02 
2298	 6.48139641942886E-04 
2299	-0.047634137547625 
2300	-5.92522038969221E-02 
2301	-6.59101861918873E-02 
2302	-3.47519007385086E-02 
2303	 1.68011387830996E-02 
2304	 4.36281828919704E-03 
2305	 9.07159454198908E-03 
2306	 0.066976169756976 
2307	 0.10253532371912 
2308	 0.107857979821171 
2309	 0.112094567533175 
2310	 5.66505334415518E-02 
2311	 3.09821095103174E-02 
2312	 9.96504619559469E-02 
2313	 9.35771519015702E-02 
2314	 7.48052101822624E-02 
2315	 2.89284451449849E-02 
2316	-7.24902977220616E-02 
2317	-5.72350394928202E-02 
2318	-4.12534027550911E-02 
2319	 1.78471360905441E-02 
2320	 0.085499195138905 
2321	 3.73849765036291E-02 
2322	-5.0461523063553E-03 
2323	-8.27857982646102E-02 
2324	-0.153665510905727 
2325	-0.175718027624245 
2326	-2.29627893961844E-02 
2327	 0.122537595274339 
2328	 8.89207274109905E-03 
2329	 7.16758416865853E-02 
2330	 0.161019266720504 
2331	 8.05081874935054E-02 
2332	 8.62540820950088E-02 
2333	 0.130592069475987 
2334	-7.57962715725186E-04 
2335	-0.18017072225479 
2336	-0.260261536085728 
2337	-0.205192597179595 
2338	-0.165226737421064 
2339	-0.135998931607969 
2340	 5.90604046190875E-02 
2341	-1.74236497317584E-02 
2342	-9.24018553214417E-02 
2343	-3.16841515348263E-02 
2344	-9.64388712044256E-02 
2345	 9.96638115728482E-03 
2346	-2.55389004320078E-02 
2347	-0.113877957051677 
2348	 5.36460628641913E-02 
2349	 5.71567238746978E-02 
2350	 7.17073935677973E-02 
2351	 0.234124255722532 
2352	 0.380905947709904 
2353	 0.526467871610437 
2354	 0.490645379227118 
2355	 0.390044500482702 
2356	 0.193468055844307 
2357	-7.82916752660083E-02 
2358	-0.20358054577819 
2359	-0.239372945373761 
2360	-4.77621133614132E-02 
2361	 0.174818104619425 
2362	 0.296419468430255 
2363	 0.239773233005459 
2364	 2.05988018653784E-02 
2365	-0.141189591997245 
2366	-0.150394445175492 
2367	-8.12808060487161E-02 
2368	-6.11257941897639E-02 
2369	 5.57634079120635E-02 
2370	 0.388287114656348 
2371	 0.480915444157206 
2372	 0.797152261380406 
2373	 1.3273970298651 
2374	 1.03534387982391 
2375	 1.28445907376085 
2376	 1.25770829590386 
2377	 0.23956959862123 
2378	-4.05931986367852E-02 
2379	-0.204365461329557 
2380	-0.619332007817044 
2381	-1.05638505766324 
2382	-1.43570595486039 
2383	-2.88685429103608 
2384	-3.45080877580288 
2385	-4.52284976358594 
2386	 1.22577247489117 
2387	 0.398630951445521 
2388	 0.845478274587027 
2389	 7.44541614980793 
2390	 3.14679393166634 
2391	 0.399189590049234 
2392	 0.331749822608354 
2393	-59.6882408422496 
2394	 5.49276930401071 
2395	 582.322689177116 
2396	 25.3859500804987 
2397	 1.70528940297764 
2398	 4.35714609393087 
2399	 0.523738609737915 
2400	-20.4795454515173 
2401	 6.16861784176533 
2402	 0.257118254578292 
2403	-0.435791834647675 
2404	-3.48653444585268 
2405	-2.99053572596448 
2406	-4.82957679202563 
2407	 0.387644327765982 
2408	-1.78443360554719 
2409	-1.47714685806067 
2410	-0.935906563733212 
2411	-0.996746623132234 
2412	-0.959921845179936 
2413	-0.683102137772811 
2414	-0.282387566364306 
2415	 0.287591572550497 
2416	-3.20561126960109 
2417	-1.42197832650867 
2418	-0.920346176003351 
2419	-0.984920600419532 
2420	-0.569993489390088 
2421	-0.614962181143979 
2422	-0.821456289804899 
2423	-0.823273047783851 
2424	 8.63832413839259E-02 
2425	-0.862686345073912 
2426	 6.31133300988029 
2427	 0.195103071695423 
2428	-1.8613306903013 
2429	-4.49343357069465 
2430	 11.1474191664967 
2431	-6.50209901304869 
2432	-1.76660000459768 
2433	-2.33943108187643 
2434	-1.94035284385557 
2435	-1.15621435174256 
2436	-1.02736067406395 
2437	-0.941414714501697 
2438	 0.567291477808854 
2439	-0.316769261498977 
2440	-0.075099567265017 
2441	-0.152531614850556 
2442	 2.34179149169092 
2443	-1.34364723752088 
2444	-0.195551940495724 
2445	-2.03204869449844 
2446	 0.506761972654243 
2447	-0.86485205977698 
2448	 1.44008571243407 
2449	 0.615655832485553 
2450	 0.296158595432954 
2451	-6.75046153404848E-02 
2452	-1.29028523768569 
2453	 0.943333203877683 
2454	 0.557872592441972 
2455	 0.422935643196687 
2456	 0.264251305822494 
2457	 7.78912970221101E-02 
2458	-0.148627294049161 
2459	-0.351281888294082 
2460	 1.03099768821875E-02 
2461	 0.573292327123162 
2462	 0.634174820808758 
2463	 1.29423659197014 
2464	 0.587818496795487 
2465	-0.464513185785426 
2466	-1.05832455173379 
2467	-0.644827338549307 
2468	-1.55998472679184 
2469	 53.6562695733723 
2470	 1.62466255525403 
2471	 0.780963027978253 
2472	 1.10611241996194 
2473	 0.863837563753048 
2474	 0.826904598012714 
2475	 3.05371025621464 
2476	 2.0793748404105 
2477	 1.48495518252442 
2478	 0.752940488876297 
2479	 0.544518976070112 
2480	 0.408006282771094 
2481	 0.017100008265341 
2482	 0.55396391798706 
2483	 1.01084663459247 
2484	 1.07575634276498 
2485	 7.96858303642782 
2486	-2.69664982414023 
2487	-15.2085342025396 
2488	-1.84399477398698 
2489	-4.09842349885803 
2490	-11.7071446237457 
2491	-1.66554848591848 
2492	-1.02058047275497 
2493	-7.04074492084026E-03 
2494	-0.834346924216158 
2495	 2.12950863683053 
2496	 0.786356575759147 
2497	 0.687871137552345 
2498	 1.269523510834 
2499	 0.487644748858267 
2500	-0.381163742253461 
