Wavelength	rt0712EAST_CLOSE00008.asd
350	 5.10823731476411E-02 
351	 5.13946636513227E-02 
352	 5.10049814406942E-02 
353	 5.12510574638004E-02 
354	 5.25337819908924E-02 
355	 0.052624161182636 
356	 5.24291493294554E-02 
357	 5.23651447780556E-02 
358	 5.25377291112139E-02 
359	 5.22831145416387E-02 
360	 5.22279500622506E-02 
361	 5.23826038790009E-02 
362	 0.052292540709683 
363	 5.15002499634505E-02 
364	 5.15584625179784E-02 
365	 5.26351461451071E-02 
366	 5.24977523127061E-02 
367	 5.20946745942897E-02 
368	 5.20311388037727E-02 
369	 5.25168098199955E-02 
370	 5.26230144097688E-02 
371	 5.29965244205689E-02 
372	 5.32435926698429E-02 
373	 5.26105391661493E-02 
374	 5.28955242769089E-02 
375	 5.32395939484511E-02 
376	 5.31350583242633E-02 
377	 5.29615396901184E-02 
378	 5.29747127645736E-02 
379	 5.30715757202625E-02 
380	 5.31786811178343E-02 
381	 5.37127496151243E-02 
382	 5.37305133018016E-02 
383	 5.36003127952177E-02 
384	 5.40429961811466E-02 
385	 5.31984296955826E-02 
386	 0.053160753750897 
387	 5.45125114121482E-02 
388	 5.57789433328488E-02 
389	 5.59793675197108E-02 
390	 5.55424085506573E-02 
391	 5.51368314772442E-02 
392	 5.50984800782946E-02 
393	 5.54208697108796E-02 
394	 5.57620077845754E-02 
395	 5.57707532106141E-02 
396	 5.57133281288046E-02 
397	 5.57599268314947E-02 
398	 5.60889811600903E-02 
399	 5.68264283910285E-02 
400	 5.66279045362476E-02 
401	 5.62012557334749E-02 
402	 5.61643635036425E-02 
403	 5.61929013756271E-02 
404	 5.64491233940605E-02 
405	 5.66643058324911E-02 
406	 5.65183944898034E-02 
407	 5.62828540791491E-02 
408	 0.056530557483932 
409	 0.057044311209252 
410	 5.68939283655211E-02 
411	 5.69749913910266E-02 
412	 5.70873229202308E-02 
413	 5.70270151668083E-02 
414	 5.70582828404643E-02 
415	 5.71458656638392E-02 
416	 0.057347596690958 
417	 5.76803602895706E-02 
418	 5.77650420404182E-02 
419	 5.76450440248802E-02 
420	 0.057550622044675 
421	 5.78477699551384E-02 
422	 5.79618749777442E-02 
423	 5.81445848476927E-02 
424	 5.85183934604682E-02 
425	 5.83253062065477E-02 
426	 5.82337317592451E-02 
427	 5.84203385597795E-02 
428	 5.87577286537655E-02 
429	 5.88936699604588E-02 
430	 5.89874143748824E-02 
431	 5.92167932278322E-02 
432	 5.97096704880638E-02 
433	 0.059849415907445 
434	 5.99200997870565E-02 
435	 6.01994118018849E-02 
436	 6.03062076263689E-02 
437	 6.03591130816477E-02 
438	 6.05403725754753E-02 
439	 6.09943417120896E-02 
440	 6.12156772780819E-02 
441	 6.15343232802259E-02 
442	 6.19438186254612E-02 
443	 6.17894590888183E-02 
444	 6.21029284060976E-02 
445	 6.25868815510633E-02 
446	 0.062769410224337 
447	 6.30402994946579E-02 
448	 6.33327223184258E-02 
449	 6.35534583515118E-02 
450	 6.36209789095323E-02 
451	 6.37796406253241E-02 
452	 6.40299720537733E-02 
453	 6.42350255385201E-02 
454	 6.40081063991724E-02 
455	 6.42481695647885E-02 
456	 6.46974670226579E-02 
457	 6.47935114593718E-02 
458	 6.48844936356216E-02 
459	 6.49450441863034E-02 
460	 6.49556125633968E-02 
461	 6.49273871957314E-02 
462	 6.51094119344631E-02 
463	 6.54108143280305E-02 
464	 6.56632265889165E-02 
465	 6.56828841325371E-02 
466	 6.57342970454605E-02 
467	 6.58896362054524E-02 
468	 6.61244323174168E-02 
469	 6.65236425054716E-02 
470	 6.67036340678938E-02 
471	 0.06669628938429 
472	 6.71346543355962E-02 
473	 6.71876490323664E-02 
474	 0.067285409946834 
475	 6.78388829739372E-02 
476	 6.79420424434059E-02 
477	 6.82942030208947E-02 
478	 6.87626482157653E-02 
479	 6.87314236327251E-02 
480	 6.90426220967515E-02 
481	 6.95217676740301E-02 
482	 6.99289211046182E-02 
483	 7.01678922456699E-02 
484	 7.03963917963877E-02 
485	 7.07093706403071E-02 
486	 7.11207143353898E-02 
487	 7.13689695544438E-02 
488	 7.16384212370845E-02 
489	 7.20806745713551E-02 
490	 7.27645782858019E-02 
491	 7.30712882609971E-02 
492	 7.33402763949754E-02 
493	 7.38435586861651E-02 
494	 7.40933133150578E-02 
495	 7.46383223093057E-02 
496	 7.53375018374557E-02 
497	 7.57474547669525E-02 
498	 7.61351709839913E-02 
499	 7.65148517850958E-02 
500	 7.69106689835918E-02 
501	 7.73976683124205E-02 
502	 7.78863061929657E-02 
503	 7.84997755381749E-02 
504	 7.92508591715974E-02 
505	 7.94185689340225E-02 
506	 7.99500743609648E-02 
507	 8.08282212028132E-02 
508	 8.12957394028457E-02 
509	 8.19720548005928E-02 
510	 8.25763054188917E-02 
511	 8.29367853556588E-02 
512	 8.34501249250573E-02 
513	 8.39755067585776E-02 
514	 8.46216894836562E-02 
515	 8.54982557815241E-02 
516	 8.60440613441342E-02 
517	 8.66730181895788E-02 
518	 8.74278874605081E-02 
519	 8.78008511481471E-02 
520	 8.85121393242233E-02 
521	 8.92895350180221E-02 
522	 8.98423682440743E-02 
523	 9.06483224032074E-02 
524	 9.13307815859303E-02 
525	 9.19487961428286E-02 
526	 9.28309700939756E-02 
527	 9.34974645938186E-02 
528	 9.41283347028274E-02 
529	 9.48906029707743E-02 
530	 9.57657742532047E-02 
531	 9.65075755593711E-02 
532	 9.71949776429178E-02 
533	 9.80061627977172E-02 
534	 9.88824071985565E-02 
535	 9.97220653540943E-02 
536	 0.100541328302312 
537	 0.101484980674857 
538	 0.10235984481103 
539	 0.103195361084022 
540	 0.104064690225131 
541	 0.104998153751634 
542	 0.10594155590714 
543	 0.106829847641098 
544	 0.107632185125343 
545	 0.10869332787727 
546	 0.109641324757048 
547	 0.110330678968133 
548	 0.111212525866773 
549	 0.112187087277633 
550	 0.113154213345259 
551	 0.114030423820596 
552	 0.114914550929867 
553	 0.115733758226427 
554	 0.116551490465733 
555	 0.117579654497682 
556	 0.118385653487517 
557	 0.119145061510502 
558	 0.120043657558439 
559	 0.120812830853144 
560	 0.121603066813403 
561	 0.122361426489145 
562	 0.122941484600583 
563	 0.123578193546146 
564	 0.124197318778533 
565	 0.12469196548763 
566	 0.124947442764935 
567	 0.125348245417505 
568	 0.125850423020528 
569	 0.126271307102356 
570	 0.126745422269378 
571	 0.127055623969648 
572	 0.12722921358915 
573	 0.12756434503562 
574	 0.127976369537558 
575	 0.128175971475252 
576	 0.128067623535366 
577	 0.128323772206701 
578	 0.128604689125289 
579	 0.128700215645331 
580	 0.128541404251347 
581	 0.128590388985618 
582	 0.128629985427884 
583	 0.128509134347272 
584	 0.128371810376147 
585	 0.127872313366889 
586	 0.127198567953524 
587	 0.126689352853794 
588	 0.12618169337371 
589	 0.125723505668968 
590	 0.125356696429732 
591	 0.125048820820751 
592	 0.124833179459022 
593	 0.124483801664707 
594	 0.123870846368251 
595	 0.123249955909021 
596	 0.122677406539647 
597	 0.122110982176093 
598	 0.121451549150623 
599	 0.120620744461738 
600	 0.119762351401426 
601	 0.119092455025902 
602	 0.118927534123086 
603	 0.118689230071476 
604	 0.118436854119264 
605	 0.11836686029721 
606	 0.118230860001725 
607	 0.118089503239153 
608	 0.118019340992632 
609	 0.118088109029795 
610	 0.1180775308201 
611	 0.117886867370417 
612	 0.117553245962928 
613	 0.117410364243843 
614	 0.117292324073951 
615	 0.117191151975152 
616	 0.11716792548625 
617	 0.117128281676956 
618	 0.116837704045994 
619	 0.116435373031396 
620	 0.116707676337062 
621	 0.116664148068032 
622	 0.116381234743962 
623	 0.116239991033874 
624	 0.116267989404084 
625	 0.116216948659143 
626	 0.115907620599751 
627	 0.115298940428092 
628	 0.115451173207905 
629	 0.115548934665881 
630	 0.115038657332681 
631	 0.115020747932718 
632	 0.115034099151466 
633	 0.115080267364088 
634	 0.115292637045194 
635	 0.115213765026648 
636	 0.114934357872752 
637	 0.114723772282763 
638	 0.115032986768863 
639	 0.114857135474193 
640	 0.114661486163915 
641	 0.114983555656496 
642	 0.114759519964496 
643	 0.114708830128539 
644	 0.114734123835834 
645	 0.114072929870807 
646	 0.113610926770866 
647	 0.113496364794932 
648	 0.113579110155633 
649	 0.113424342466571 
650	 0.113208116253142 
651	 0.112849253338157 
652	 0.112246940669619 
653	 0.111581002789477 
654	 0.110850262327475 
655	 0.110022285313503 
656	 0.109143224202948 
657	 0.108162771176117 
658	 0.107183155411853 
659	 0.106290910962827 
660	 0.105603564539507 
661	 0.104687540036846 
662	 0.103587931337416 
663	 0.102665005651294 
664	 0.101931333584333 
665	 0.101226818731527 
666	 0.100528056581636 
667	 0.100126917328843 
668	 9.97762949179301E-02 
669	 9.93837613923394E-02 
670	 9.89838342321986E-02 
671	 9.89403192209257E-02 
672	 9.89849929878651E-02 
673	 9.90679485770378E-02 
674	 9.93665906247844E-02 
675	 9.98260634539984E-02 
676	 0.100208686695758 
677	 0.100473925011375 
678	 0.101160149291292 
679	 0.101923561324705 
680	 0.102538701554507 
681	 0.102963000040343 
682	 0.104045848719313 
683	 0.105121560983473 
684	 0.1058536393022 
685	 0.106592327099459 
686	 0.107577766759774 
687	 0.108398442072526 
688	 0.108695297919033 
689	 0.109247141918385 
690	 0.109639236890586 
691	 0.10977002773178 
692	 0.109707830575027 
693	 0.109506201609085 
694	 0.109463966819891 
695	 0.10954071363824 
696	 0.109198340540622 
697	 0.10842213625669 
698	 0.107499667236114 
699	 0.106817225664968 
700	 0.105876952993667 
701	 0.104980446255564 
702	 0.104215144158047 
703	 0.103404119144284 
704	 0.102539646877895 
705	 0.101338340395281 
706	 9.98398867709238E-02 
707	 9.87374245866779E-02 
708	 9.71181388609393E-02 
709	 9.53877632770961E-02 
710	 9.41994373756159E-02 
711	 0.092584022216151 
712	 9.07764747814968E-02 
713	 8.89043875197223E-02 
714	 8.68702299514993E-02 
715	 8.49901036851066E-02 
716	 8.27154486344077E-02 
717	 7.99016902531506E-02 
718	 7.83630545420659E-02 
719	 7.61402650531608E-02 
720	 7.40858059753701E-02 
721	 0.072858628909538 
722	 7.11776826653901E-02 
723	 6.92165060742545E-02 
724	 6.74036441485313E-02 
725	 6.53965303061977E-02 
726	 6.34316037805422E-02 
727	 6.14669937689665E-02 
728	 5.94504726386991E-02 
729	 5.74836250647384E-02 
730	 5.54183925412371E-02 
731	 0.053535010490024 
732	 5.19542869593359E-02 
733	 5.07393563743923E-02 
734	 4.95457415604152E-02 
735	 4.84120442508455E-02 
736	 4.78481674025559E-02 
737	 4.72095057374858E-02 
738	 4.66027348831985E-02 
739	 4.62385491037262E-02 
740	 4.60792321772897E-02 
741	 4.60942528223652E-02 
742	 4.61004748135416E-02 
743	 4.59084111275458E-02 
744	 4.58487308913394E-02 
745	 4.59656232571439E-02 
746	 4.60921435085567E-02 
747	 4.58306095816269E-02 
748	 4.56851048831829E-02 
749	 4.56767972422144E-02 
750	 4.56780185345567E-02 
751	 0.045491168659723 
752	 4.54839238811095E-02 
753	 0.045602248881556 
754	 0.045575416183746 
755	 4.54981875332637E-02 
756	 4.53000941385824E-02 
757	 4.50365758039733E-02 
758	 4.49794276268312E-02 
759	 4.47189352578636E-02 
760	 4.42643611883015E-02 
761	 4.42456358657439E-02 
762	 4.43599047987799E-02 
763	 4.48090327793003E-02 
764	 0.045057779193275 
765	 0.044845184277973 
766	 4.52515539419105E-02 
767	 4.53405199129425E-02 
768	 4.52398572233354E-02 
769	 4.59575458016658E-02 
770	 4.61365753243028E-02 
771	 4.60833661794985E-02 
772	 4.62080503860718E-02 
773	 4.62796026304846E-02 
774	 4.62813660768892E-02 
775	 0.046277022696696 
776	 0.046404042649686 
777	 4.69933926497754E-02 
778	 4.73463098538363E-02 
779	 4.72592198703976E-02 
780	 4.71418210463674E-02 
781	 4.77197611635625E-02 
782	 4.80933898535908E-02 
783	 0.047819085115082 
784	 4.82228281390379E-02 
785	 4.84976399974712E-02 
786	 4.87952547261301E-02 
787	 0.049398067562774 
788	 4.93246816714589E-02 
789	 4.94706507271815E-02 
790	 5.00470506998337E-02 
791	 5.05600195985884E-02 
792	 5.04488761498678E-02 
793	 0.050497862172167 
794	 5.10045268496478E-02 
795	 5.11702921772775E-02 
796	 5.15751064123201E-02 
797	 5.20096332525088E-02 
798	 5.22135874719522E-02 
799	 5.24094619271602E-02 
800	 5.27321882069039E-02 
801	 5.32147307776463E-02 
802	 5.37241544820305E-02 
803	 0.053570648901691 
804	 0.053563196333651 
805	 0.053813922189549 
806	 5.36227660821975E-02 
807	 5.37611875354735E-02 
808	 5.38989199261039E-02 
809	 5.36349599308675E-02 
810	 5.29861386899795E-02 
811	 5.23973627166104E-02 
812	 5.21829000480169E-02 
813	 5.24528760781012E-02 
814	 5.23561744156993E-02 
815	 5.16403602268472E-02 
816	 5.08302129438655E-02 
817	 5.07879218596681E-02 
818	 5.03549895900023E-02 
819	 5.01083145842491E-02 
820	 4.99217805108317E-02 
821	 4.86833620074323E-02 
822	 4.77693706027377E-02 
823	 4.71402609928543E-02 
824	 0.046405774169307 
825	 4.53331280093783E-02 
826	 4.43890368695375E-02 
827	 4.31613660603427E-02 
828	 0.041404829923566 
829	 4.11881422973334E-02 
830	 0.040378966121046 
831	 3.91419373338052E-02 
832	 3.92222703548102E-02 
833	 3.93485749856245E-02 
834	 3.92788368801344E-02 
835	 0.038785645222673 
836	 3.75278330173298E-02 
837	 3.75534529222362E-02 
838	 3.79302492272613E-02 
839	 3.77242088157605E-02 
840	 3.76812544033969E-02 
841	 3.72867756266662E-02 
842	 3.69062091485197E-02 
843	 3.70680667854357E-02 
844	 3.76570126373265E-02 
845	 3.74117182637524E-02 
846	 3.66435395284549E-02 
847	 3.66289095743566E-02 
848	 3.68315550521841E-02 
849	 3.69038099590912E-02 
850	 0.036660989830509 
851	 3.61692194129329E-02 
852	 3.65518756559278E-02 
853	 3.66787230875748E-02 
854	 3.60650009050463E-02 
855	 3.66010197847198E-02 
856	 3.62600963186513E-02 
857	 3.57814312470686E-02 
858	 3.60870768004006E-02 
859	 3.59723552874789E-02 
860	 3.58920082334751E-02 
861	 3.60055012398787E-02 
862	 3.62544851956532E-02 
863	 3.63301376226909E-02 
864	 3.59267614573954E-02 
865	 3.55011515535366E-02 
866	 3.59644158774168E-02 
867	 3.55249394209674E-02 
868	 3.51486267714639E-02 
869	 3.52508029514351E-02 
870	 0.035070364758526 
871	 3.54234505818191E-02 
872	 3.53511339378289E-02 
873	 3.45256803154154E-02 
874	 3.48954025190614E-02 
875	 3.43119739757729E-02 
876	 3.38191347720579E-02 
877	 3.45641109588056E-02 
878	 3.43233050741445E-02 
879	 3.39323292153299E-02 
880	 0.033804160642791 
881	 3.39906856852675E-02 
882	 3.38318100749709E-02 
883	 0.033748630891062 
884	 3.38132324088916E-02 
885	 3.38071588925648E-02 
886	 3.38561907734707E-02 
887	 3.39124909996328E-02 
888	 3.37269817485875E-02 
889	 3.29535846707702E-02 
890	 3.32636389405045E-02 
891	 0.033354711289416 
892	 3.25769358431878E-02 
893	 3.28496064775478E-02 
894	 3.24228867107475E-02 
895	 3.19100200704113E-02 
896	 3.20658602109808E-02 
897	 0.031042372609995 
898	 3.06718338672522E-02 
899	 3.25191744180465E-02 
900	 0.03556175972678 
901	 3.23563389710299E-02 
902	 3.12323628287354E-02 
903	 3.17133160754099E-02 
904	 3.10750594721819E-02 
905	 3.33842459940014E-02 
906	 3.23467412111204E-02 
907	 0.02980630702963 
908	 3.29958723383747E-02 
909	 3.21464488096162E-02 
910	 3.21162479003499E-02 
911	 3.34791539209545E-02 
912	 3.22427133122163E-02 
913	 3.44646671874093E-02 
914	 3.30222601032944E-02 
915	 0.028585278620948 
916	 3.09894442066254E-02 
917	 3.04701832905803E-02 
918	 3.11443956584647E-02 
919	 3.38429006951698E-02 
920	 3.35306976978045E-02 
921	 3.36556915872522E-02 
922	 3.22131238681887E-02 
923	 2.87992506195659E-02 
924	 2.88655509809936E-02 
925	 3.07334830836965E-02 
926	 3.08291252093825E-02 
927	 2.69538975067728E-02 
928	 2.77770950071926E-02 
929	 2.03855634564106E-02 
930	 1.00771708219574E-02 
931	 1.68288125260485E-02 
932	 3.01667548747527E-02 
933	 5.21094058870235E-02 
934	 0.042795474791429 
935	-1.22283425309055E-02 
936	 1.69544714801036E-02 
937	 3.57105188618182E-02 
938	 3.74233649420674E-02 
939	 3.98010019265683E-02 
940	 3.92358949842219E-02 
941	 2.90320955468276E-02 
942	 1.71949677185536E-02 
943	 1.85316162757786E-02 
944	 3.61752221238183E-02 
945	 2.15148058598794E-02 
946	 2.46410059582267E-03 
947	 3.13220131825833E-02 
948	 0.014394855033834 
949	-3.40047577790231E-03 
950	 6.67765730211421E-03 
951	 4.29112448749629E-02 
952	 0.044724672242019 
953	 2.98436038813318E-02 
954	 2.23466440944599E-02 
955	 3.69332843443239E-02 
956	 3.39999599337295E-02 
957	 2.74778188586939E-02 
958	 2.38680418596805E-02 
959	 2.24323156810143E-02 
960	 3.06523231287836E-02 
961	 3.18591605785449E-02 
962	 3.00154326055021E-02 
963	 3.75042493849561E-02 
964	 3.47166699872337E-02 
965	 2.94919588282357E-02 
966	 2.81425706695006E-02 
967	 3.21534499223184E-02 
968	 2.80424218592249E-02 
969	 2.69947979233729E-02 
970	 2.88924129766482E-02 
971	 2.42273199853881E-02 
972	 1.89522898020562E-02 
973	 2.02987672514909E-02 
974	 0.02854428974998 
975	 3.57094638384435E-02 
976	 2.96541512689794E-02 
977	 2.75729348032533E-02 
978	 3.25872348229737E-02 
979	 3.32569437013839E-02 
980	 2.80233570972905E-02 
981	 2.59750516418884E-02 
982	 2.83035474073647E-02 
983	 2.96755220833925E-02 
984	 3.03517486204235E-02 
985	 2.94021383240402E-02 
986	 2.81426100482937E-02 
987	 2.91264234541651E-02 
988	 3.21666710580581E-02 
989	 2.90390333782858E-02 
990	 2.50843994468986E-02 
991	 0.031917719982705 
992	 3.12415756042045E-02 
993	 3.26798036281872E-02 
994	 0.033379522411997 
995	 0.025480092317715 
996	 3.33580206761509E-02 
997	 3.30934402866272E-02 
998	 2.60061714005607E-02 
999	 2.75091885419933E-02 
1000	 2.49681669986592E-02 
1001	 3.15008364127952E-02 
1002	 3.06996321354712E-02 
1003	 3.08679760386963E-02 
1004	 3.13771391068561E-02 
1005	 3.16084240894936E-02 
1006	 3.22667635380372E-02 
1007	 3.27551266168381E-02 
1008	 3.17896975854011E-02 
1009	 3.25935836753677E-02 
1010	 0.033316120244303 
1011	 3.36426638033669E-02 
1012	 0.03407695109951 
1013	 3.35039087608351E-02 
1014	 3.32610186349094E-02 
1015	 3.20393117199327E-02 
1016	 3.16548401744963E-02 
1017	 3.20424889879782E-02 
1018	 3.23027797216777E-02 
1019	 3.25709379757599E-02 
1020	 3.26638345237098E-02 
1021	 3.36507541703171E-02 
1022	 3.28947897702557E-02 
1023	 3.12596294569149E-02 
1024	 3.03865009333048E-02 
1025	 2.98171965625023E-02 
1026	 2.99989310878362E-02 
1027	 3.02658660105039E-02 
1028	 3.20684214532806E-02 
1029	 3.20724438019538E-02 
1030	 3.08681605012391E-02 
1031	 3.07804294208364E-02 
1032	 0.030810023474365 
1033	 0.030391380163222 
1034	 2.99445658332593E-02 
1035	 2.99436617110141E-02 
1036	 2.96717227861202E-02 
1037	 2.96753934135822E-02 
1038	 2.98305081893577E-02 
1039	 0.031029492382539 
1040	 3.26698970685941E-02 
1041	 0.033260917972364 
1042	 3.35790997087561E-02 
1043	 0.03424703416291 
1044	 3.42080265112085E-02 
1045	 3.30832685609989E-02 
1046	 3.22181684212062E-02 
1047	 0.030653200150175 
1048	 0.030600819050483 
1049	 3.13068207974802E-02 
1050	 3.13763168687224E-02 
1051	 3.20920325799523E-02 
1052	 3.28833828263053E-02 
1053	 3.34243581935293E-02 
1054	 3.35535187577918E-02 
1055	 0.034130220788165 
1056	 3.44679346700485E-02 
1057	 3.44303465137847E-02 
1058	 3.32060573395129E-02 
1059	 3.29872354264161E-02 
1060	 3.34423490454953E-02 
1061	 3.32744273242201E-02 
1062	 3.27458135443609E-02 
1063	 3.25939403255573E-02 
1064	 0.032537370482937 
1065	 3.23357781061183E-02 
1066	 3.17535235705304E-02 
1067	 0.032070122832546 
1068	 3.35029179501021E-02 
1069	 3.36412290190486E-02 
1070	 3.34412341491728E-02 
1071	 3.36637923846963E-02 
1072	 3.32896482513184E-02 
1073	 3.21795779780192E-02 
1074	 3.30620908858997E-02 
1075	 0.036329387809875 
1076	 3.64341957193857E-02 
1077	 3.59042004042639E-02 
1078	 3.54552574268261E-02 
1079	 3.27073191034217E-02 
1080	 3.21648489550936E-02 
1081	 3.35414281630248E-02 
1082	 3.35972989726281E-02 
1083	 3.37024306522926E-02 
1084	 3.34915279701805E-02 
1085	 3.18326882194857E-02 
1086	 3.15872044019891E-02 
1087	 3.27349650074177E-02 
1088	 3.30429980266717E-02 
1089	 3.32378210721039E-02 
1090	 3.39060416007714E-02 
1091	 3.49278076460397E-02 
1092	 3.58388063233367E-02 
1093	 0.035979070617281 
1094	 3.71702342141816E-02 
1095	 3.67730666558512E-02 
1096	 3.32588696565852E-02 
1097	 3.23170725926292E-02 
1098	 3.19282751316347E-02 
1099	 3.22871406496782E-02 
1100	 3.50929060921904E-02 
1101	 3.66402386904709E-02 
1102	 3.86276135392954E-02 
1103	 3.95515164667125E-02 
1104	 3.92498570748168E-02 
1105	 3.88022993814061E-02 
1106	 3.73430789019854E-02 
1107	 3.64993495139027E-02 
1108	 3.73981338614383E-02 
1109	 3.62962001250331E-02 
1110	 3.36943094952523E-02 
1111	 2.74980167571681E-02 
1112	 2.67118587038978E-02 
1113	 2.73701704588989E-02 
1114	 2.76232438550284E-02 
1115	 3.85095086316344E-02 
1116	 4.12612513292556E-02 
1117	 2.46924497209333E-02 
1118	 2.05642184277673E-02 
1119	 3.33265338532492E-02 
1120	 3.38996818026108E-02 
1121	 2.07018758749918E-02 
1122	 5.01292495001904E-02 
1123	 8.73176066947341E-02 
1124	 3.67444193431186E-02 
1125	 4.45770777508821E-02 
1126	 0.100028584650058 
1127	 4.61088849446358E-02 
1128	 7.23405101583755E-02 
1129	 8.19912724808516E-02 
1130	 6.01684607705212E-02 
1131	 7.13311372696387E-02 
1132	 0.12538459380039 
1133	 0.112033312885508 
1134	 9.02575844773303E-02 
1135	 8.37994161758703E-02 
1136	 3.29096269611385E-02 
1137	 3.22870475716503E-02 
1138	 7.11913024012287E-02 
1139	 8.93940665198513E-02 
1140	 0.077483637950131 
1141	 7.38660902716626E-02 
1142	 5.40851123317469E-02 
1143	 3.39395187046579E-02 
1144	 4.69821195602438E-02 
1145	 6.47870340165154E-02 
1146	 6.62407332069278E-02 
1147	 6.12720233919083E-02 
1148	 5.24165349179993E-02 
1149	 3.60145224923684E-02 
1150	 3.18015796761654E-02 
1151	 3.53162897269472E-02 
1152	 3.58982204388645E-02 
1153	 3.92568299518913E-02 
1154	 3.88970662686974E-02 
1155	 3.78034116319505E-02 
1156	 3.52661234970283E-02 
1157	 3.33153288649296E-02 
1158	 3.60579816611902E-02 
1159	 4.03731863456151E-02 
1160	 3.78900976261491E-02 
1161	 3.30355965596664E-02 
1162	 0.032522526618831 
1163	 3.25481936896992E-02 
1164	 3.38100124584474E-02 
1165	 3.79229991936489E-02 
1166	 3.73897374817962E-02 
1167	 3.50610110461527E-02 
1168	 3.48596193270014E-02 
1169	 3.18994748405851E-02 
1170	 3.07021009890995E-02 
1171	 3.07776681956698E-02 
1172	 3.12759515258715E-02 
1173	 3.14682130768239E-02 
1174	 3.32499391898657E-02 
1175	 3.39814798670831E-02 
1176	 3.13714785423304E-02 
1177	 0.030404961487569 
1178	 3.02065279223356E-02 
1179	 2.97535611759791E-02 
1180	 3.10407752650875E-02 
1181	 3.19578737652992E-02 
1182	 3.05763570846432E-02 
1183	 3.14606351230153E-02 
1184	 3.34780095519592E-02 
1185	 3.22640371499235E-02 
1186	 3.27702262329966E-02 
1187	 3.43849870874286E-02 
1188	 0.032786346397858 
1189	 3.25108638007958E-02 
1190	 3.35717087947603E-02 
1191	 0.032399521744211 
1192	 0.03170278192269 
1193	 3.10316678612006E-02 
1194	 3.22573637581445E-02 
1195	 3.25289407813044E-02 
1196	 3.19658195998083E-02 
1197	 3.27923229720061E-02 
1198	 3.30509404901148E-02 
1199	 3.21434764319823E-02 
1200	 3.18250539225046E-02 
1201	 3.11433879715122E-02 
1202	 3.07266698087086E-02 
1203	 3.16580369987276E-02 
1204	 3.28656698250416E-02 
1205	 3.30684081984438E-02 
1206	 3.24532970011909E-02 
1207	 3.25062957791483E-02 
1208	 3.35022011707468E-02 
1209	 3.35300420233163E-02 
1210	 3.29372207744203E-02 
1211	 3.29078296292077E-02 
1212	 3.21688928246421E-02 
1213	 3.19005386841253E-02 
1214	 3.17114548918724E-02 
1215	 3.28185729486055E-02 
1216	 3.18624390381965E-02 
1217	 3.01966642177015E-02 
1218	 3.02432248653144E-02 
1219	 3.11347851863256E-02 
1220	 3.16265633877579E-02 
1221	 3.18922738728063E-02 
1222	 3.20481227356508E-02 
1223	 3.14570881086945E-02 
1224	 0.031005925191411 
1225	 0.03128688054803 
1226	 3.14811123210716E-02 
1227	 3.12394767379565E-02 
1228	 3.09049258618481E-02 
1229	 3.15960319899566E-02 
1230	 3.25954954134835E-02 
1231	 3.21296872590547E-02 
1232	 0.0314701694773 
1233	 3.14330980041186E-02 
1234	 3.06470811396279E-02 
1235	 3.02733517727216E-02 
1236	 3.09566220634236E-02 
1237	 3.13331503297226E-02 
1238	 3.17106787738517E-02 
1239	 3.10002343954722E-02 
1240	 3.07250008596754E-02 
1241	 3.11116339179486E-02 
1242	 3.18734548874961E-02 
1243	 3.23227735821889E-02 
1244	 0.032737583907156 
1245	 3.29390803296813E-02 
1246	 0.031971422534346 
1247	 3.13504453309211E-02 
1248	 3.14610625296186E-02 
1249	 3.14385316053292E-02 
1250	 3.10241902670403E-02 
1251	 3.03702390581207E-02 
1252	 3.07009322291648E-02 
1253	 3.07113385795724E-02 
1254	 2.96806541780707E-02 
1255	 2.99597897412709E-02 
1256	 3.01519967366973E-02 
1257	 3.00042602235094E-02 
1258	 2.97998175913909E-02 
1259	 3.00477192521268E-02 
1260	 3.03580422332327E-02 
1261	 3.03609770838038E-02 
1262	 3.02058808141536E-02 
1263	 3.03009996469243E-02 
1264	 3.10624296929318E-02 
1265	 2.95458476794885E-02 
1266	 2.84700102644714E-02 
1267	 2.93119019601951E-02 
1268	 2.90740583123864E-02 
1269	 2.90973292285927E-02 
1270	 3.02177368649568E-02 
1271	 3.08234030177398E-02 
1272	 3.07813776646097E-02 
1273	 3.09351617459614E-02 
1274	 3.12917055197238E-02 
1275	 3.11161919374373E-02 
1276	 3.13296406040526E-02 
1277	 3.09482554278608E-02 
1278	 2.98034979994268E-02 
1279	 2.93497912548724E-02 
1280	 0.028890390516789 
1281	 2.89447994879758E-02 
1282	 3.00569515448536E-02 
1283	 0.030607187099654 
1284	 3.15408790201914E-02 
1285	 3.15523337273561E-02 
1286	 3.03107809928977E-02 
1287	 3.03652174457107E-02 
1288	 3.11111365945792E-02 
1289	 3.09174928720537E-02 
1290	 3.06883738486693E-02 
1291	 3.07698146867475E-02 
1292	 3.07221763377632E-02 
1293	 3.02544277699171E-02 
1294	 2.93412912684493E-02 
1295	 3.00147718986793E-02 
1296	 0.031443549886954 
1297	 3.10927321336361E-02 
1298	 3.09982210522363E-02 
1299	 3.22585473374869E-02 
1300	 0.032097160550768 
1301	 3.02318359812775E-02 
1302	 2.97800573712307E-02 
1303	 3.08492759755882E-02 
1304	 3.12246217414319E-02 
1305	 3.05920247430676E-02 
1306	 0.030737388056064 
1307	 3.19375374305255E-02 
1308	 3.17817010884528E-02 
1309	 0.030676694084786 
1310	 3.06866526267003E-02 
1311	 3.08446686181029E-02 
1312	 3.00990327819788E-02 
1313	 3.01018840299814E-02 
1314	 2.90041047464651E-02 
1315	 2.36534172950625E-02 
1316	 2.32512226996632E-02 
1317	 2.75929785443306E-02 
1318	 2.82471775945871E-02 
1319	 2.96260852304644E-02 
1320	 0.031385946888652 
1321	 3.13446560396022E-02 
1322	 3.01604487361947E-02 
1323	 0.027681765314049 
1324	 2.96240979562357E-02 
1325	 2.93990408922825E-02 
1326	 0.021429954145533 
1327	 2.24504961827813E-02 
1328	 2.61366432562071E-02 
1329	 2.38789328903262E-02 
1330	 2.60478171866173E-02 
1331	 3.02094136840982E-02 
1332	 3.35847751496418E-02 
1333	 3.18552702679598E-02 
1334	 3.12443274404796E-02 
1335	 3.27705273571341E-02 
1336	 0.028753654368673 
1337	 2.86420508960373E-02 
1338	 4.08043894796924E-02 
1339	 4.10472867697794E-02 
1340	 2.86883667977127E-02 
1341	 2.80569372482011E-02 
1342	 0.030559048774434 
1343	 2.84541801824925E-02 
1344	 3.17197605285207E-02 
1345	 3.47787198549148E-02 
1346	 3.34818816070548E-02 
1347	 3.10668846987846E-02 
1348	 1.87656783248445E-02 
1349	 2.78508656987932E-02 
1350	 8.65107142417304E-02 
1351	 9.33213740216927E-02 
1352	 0.060773770874344 
1353	 6.86705560193537E-02 
1354	 6.6189560969047E-03 
1355	-0.165774963076631 
1356	-0.277017440873775 
1357	-0.238449254723971 
1358	 9.70910667747093E-03 
1359	 0.201408745542193 
1360	 0.30267557841746 
1361	 0.316633935651186 
1362	 0.309733582218976 
1363	 0.237322357538356 
1364	 6.30610566495431E-02 
1365	 0.129805500805384 
1366	 0.178851043295234 
1367	 8.13663943099849E-02 
1368	 0.201334870555664 
1369	 0.890773039379231 
1370	 1.31914269787987 
1371	 2.55608189868412 
1372	 3.33626450540967 
1373	 4.32776294839898 
1374	-18.4991931577968 
1375	 2.31655979326935 
1376	 1.52450796179491 
1377	 1.28974011800262 
1378	 1.26319080198701 
1379	 0.935515006019968 
1380	 0.95123763925558 
1381	 2.48463926981141 
1382	 1.98626239985638 
1383	 0.486279985894084 
1384	 0.413643040691476 
1385	 0.14084085269181 
1386	 9.49385404477334E-02 
1387	 1.82502517372829 
1388	 2.38503353343089 
1389	 0.972472577915495 
1390	 1.04026311461574 
1391	 0.608375249360182 
1392	 0.404756670443477 
1393	 0.380414575441622 
1394	 0.355649808153609 
1395	 0.335652614365555 
1396	 0.311167328898538 
1397	 0.504415480025821 
1398	-56.6212904345047 
1399	 0.400730729959213 
1400	 0.204655170962077 
1401	 1.02047411914515 
1402	-43.9767989620949 
1403	-2.37401136585725 
1404	-9.24176887269756 
1405	-107.601219998447 
1406	 0.540101741738374 
1407	 0.666811157424094 
1408	 3.25976076804365 
1409	 17.182534165169 
1410	-4.08709040726195 
1411	-7.99906254156564 
1412	 0.261380685160561 
1413	-0.367581742077972 
1414	-1.29443867443157 
1415	-1.25689219934704 
1416	-1.51963104302929 
1417	-7.64563551725579 
1418	-9.23178207973834 
1419	-2.17302010496233 
1420	-0.242073649754864 
1421	 0.410169367860748 
1422	 0.860411343882134 
1423	 0.892330272936714 
1424	 0.676520663179141 
1425	 8.60811998922903E-02 
1426	-1.17025441272158 
1427	-1.0199611888529 
1428	 0.208562889831462 
1429	 0.269012717460433 
1430	 0.182147229913742 
1431	 0.202818232938742 
1432	-1.72576884848147E-02 
1433	 5.94766140714298E-03 
1434	 0.73693553042846 
1435	 0.881015617958637 
1436	 0.435264480169231 
1437	 0.410611064428841 
1438	 0.482398831373476 
1439	 0.20060680234864 
1440	 0.220783162655867 
1441	 3.23604458715174E-02 
1442	 2.61212296593881E-02 
1443	 0.171399276280742 
1444	-3.95024549073216E-03 
1445	 1.99676105894403E-02 
1446	 0.220469091006083 
1447	 1.77435421362494E-02 
1448	-0.169800602807107 
1449	-4.80379077039376E-02 
1450	 6.55877185809131E-02 
1451	 6.67262931421347E-02 
1452	 0.119515530937202 
1453	 0.211276254173305 
1454	 0.175199777192164 
1455	-0.02326224258701 
1456	-6.16432341842328E-02 
1457	-6.02475125621397E-02 
1458	-2.65436207304494E-02 
1459	 4.47353542190367E-02 
1460	 4.87148537692717E-02 
1461	 7.50816706677447E-02 
1462	 8.61387728795609E-02 
1463	 1.26159505337371E-02 
1464	 9.76185329033274E-03 
1465	 0.109082823595085 
1466	 0.103602207016909 
1467	 4.54261943315406E-03 
1468	-3.93722557484324E-03 
1469	 1.23320145644951E-02 
1470	 2.78210577377169E-02 
1471	 0.141703685547756 
1472	 0.142284047189838 
1473	 2.21967400616014E-02 
1474	 2.00103643895064E-02 
1475	 6.32820160277467E-02 
1476	 4.68598657764743E-02 
1477	 3.37456849250978E-02 
1478	 3.81161071776199E-02 
1479	 9.0443801187539E-03 
1480	-1.32284932850481E-02 
1481	-3.4132747616827E-03 
1482	 7.1014717730637E-03 
1483	-9.54258171637818E-03 
1484	 8.7791406621074E-04 
1485	 4.99531942379812E-02 
1486	 5.68906075835958E-02 
1487	 4.28822747798446E-02 
1488	 4.42133742212694E-02 
1489	 0.04322328584256 
1490	 4.03532808585693E-02 
1491	 3.89372016150516E-02 
1492	 4.21598563243348E-02 
1493	 4.89143662849932E-02 
1494	 4.68159562860026E-02 
1495	 4.63778649855192E-02 
1496	 4.39858731495405E-02 
1497	 3.49433273335198E-02 
1498	 2.79827991124349E-02 
1499	 0.01612473197181 
1500	 1.71311438704324E-02 
1501	 2.94763342366553E-02 
1502	 2.87875917463872E-02 
1503	 0.025446909641448 
1504	 2.90370167324277E-02 
1505	 2.81549105216566E-02 
1506	 2.84092067050464E-02 
1507	 3.33732592209909E-02 
1508	 3.55228362131291E-02 
1509	 3.37721486584103E-02 
1510	 2.94396243359618E-02 
1511	 0.024602544544205 
1512	 2.45824204386475E-02 
1513	 2.10945428951402E-02 
1514	 1.59705808063705E-02 
1515	 2.08911058745204E-02 
1516	 2.62048249543144E-02 
1517	 2.63716663448766E-02 
1518	 2.81148827298223E-02 
1519	 2.94730485517343E-02 
1520	 2.86388545196064E-02 
1521	 2.92180866473062E-02 
1522	 2.89896437283194E-02 
1523	 2.93676070587578E-02 
1524	 3.08616323116547E-02 
1525	 2.85936248228488E-02 
1526	 2.93452380493684E-02 
1527	 3.08162600091961E-02 
1528	 2.83521282013755E-02 
1529	 2.93152709941028E-02 
1530	 2.93306719683044E-02 
1531	 2.70202968583841E-02 
1532	 2.69764033298341E-02 
1533	 0.026436263367035 
1534	 0.027372870913852 
1535	 3.15204018678325E-02 
1536	 3.15835707146731E-02 
1537	 2.80021921299514E-02 
1538	 2.69743013341574E-02 
1539	 2.72313250819257E-02 
1540	 2.67864400066773E-02 
1541	 2.57412193288671E-02 
1542	 2.51661115374981E-02 
1543	 2.33610880668865E-02 
1544	 2.14519693749897E-02 
1545	 2.25538466697911E-02 
1546	 2.31591287738279E-02 
1547	 2.16452237644137E-02 
1548	 2.14486127563511E-02 
1549	 2.18780226188986E-02 
1550	 0.021749879282927 
1551	 2.45011147858433E-02 
1552	 2.73836614900678E-02 
1553	 2.88430571557262E-02 
1554	 3.02498517466162E-02 
1555	 2.95503737073495E-02 
1556	 2.90709975509148E-02 
1557	 3.03489506518354E-02 
1558	 2.99331659143237E-02 
1559	 2.80021145554362E-02 
1560	 2.76248689878988E-02 
1561	 2.78555968034564E-02 
1562	 2.79572237192488E-02 
1563	 2.85988834108974E-02 
1564	 2.83662850440044E-02 
1565	 2.61890275688788E-02 
1566	 2.47242881036273E-02 
1567	 0.025948247479554 
1568	 2.68780026279169E-02 
1569	 0.0258566846899 
1570	 2.53099067892134E-02 
1571	 2.52388047847941E-02 
1572	 0.023994386559066 
1573	 2.34595018571763E-02 
1574	 2.50382191784873E-02 
1575	 0.026706462740234 
1576	 2.69675977959053E-02 
1577	 2.71046031366018E-02 
1578	 2.78039356481304E-02 
1579	 2.68694144806466E-02 
1580	 2.60726980136794E-02 
1581	 2.69976022429821E-02 
1582	 2.64500212044508E-02 
1583	 2.48871641685176E-02 
1584	 2.48436821007733E-02 
1585	 2.61500874406664E-02 
1586	 2.56046751576246E-02 
1587	 2.53255525346021E-02 
1588	 2.76430262263032E-02 
1589	 3.02684692909977E-02 
1590	 3.19540685890742E-02 
1591	 3.06986125552448E-02 
1592	 2.91514620302604E-02 
1593	 0.029030434982337 
1594	 2.78567390090641E-02 
1595	 2.71981403770789E-02 
1596	 2.73903586956837E-02 
1597	 2.60733623674598E-02 
1598	 2.50331502040575E-02 
1599	 0.026927129199803 
1600	 0.029021912890855 
1601	 2.65505910980829E-02 
1602	 2.40729085119061E-02 
1603	 2.52827467484733E-02 
1604	 2.57650928354445E-02 
1605	 2.62216760930847E-02 
1606	 2.72847016061203E-02 
1607	 2.80324308788121E-02 
1608	 2.74984844222109E-02 
1609	 2.58985301829142E-02 
1610	 0.026204291817839 
1611	 2.69497151983997E-02 
1612	 2.63502087046553E-02 
1613	 2.65200247906674E-02 
1614	 2.79274169654802E-02 
1615	 2.81256857561853E-02 
1616	 2.79464589996357E-02 
1617	 2.95595728835329E-02 
1618	 3.00307550392859E-02 
1619	 2.88559584004177E-02 
1620	 0.029161021721729 
1621	 2.88701294882822E-02 
1622	 2.82845857959304E-02 
1623	 2.83153126613839E-02 
1624	 2.66062244677014E-02 
1625	 0.026332812249346 
1626	 2.85889754257617E-02 
1627	 2.91632911297593E-02 
1628	 2.90808765974316E-02 
1629	 2.99573955434806E-02 
1630	 2.86082582025863E-02 
1631	 2.55513697645613E-02 
1632	 2.42515581821456E-02 
1633	 2.52814344271627E-02 
1634	 2.61506921042169E-02 
1635	 2.80162817584332E-02 
1636	 3.08421482307618E-02 
1637	 2.87756080720881E-02 
1638	 2.60091851736824E-02 
1639	 2.59540393565589E-02 
1640	 2.63463256328685E-02 
1641	 2.89864661498209E-02 
1642	 3.00011444020149E-02 
1643	 3.05998757656512E-02 
1644	 0.030598564050826 
1645	 2.66591876954862E-02 
1646	 2.61308373236184E-02 
1647	 2.84229343949203E-02 
1648	 2.88490621371944E-02 
1649	 2.83346839863773E-02 
1650	 0.02831278555524 
1651	 2.81428892787204E-02 
1652	 2.73390340810093E-02 
1653	 2.97786080664779E-02 
1654	 3.04739095152229E-02 
1655	 2.80455449884209E-02 
1656	 2.72437710362129E-02 
1657	 2.87257953766408E-02 
1658	 2.85491046754575E-02 
1659	 2.63649479970668E-02 
1660	 2.53612461523988E-02 
1661	 2.43162756963674E-02 
1662	 0.023561043467746 
1663	 2.34185534426863E-02 
1664	 2.41100879917009E-02 
1665	 2.52375530245232E-02 
1666	 2.68903034083091E-02 
1667	 3.05330764396157E-02 
1668	 2.64046942250149E-02 
1669	 2.59741943275119E-02 
1670	 2.86228635454043E-02 
1671	 2.83319165176452E-02 
1672	 2.94055358461507E-02 
1673	 3.21543879811587E-02 
1674	 3.03768059963048E-02 
1675	 2.86766243514707E-02 
1676	 0.030349025924246 
1677	 2.88681308561398E-02 
1678	 2.49864480760772E-02 
1679	 2.47793655975832E-02 
1680	 2.64157233934496E-02 
1681	 2.66092070079436E-02 
1682	 2.76786298077827E-02 
1683	 0.028691146568367 
1684	 2.73215901854213E-02 
1685	 0.028726848356251 
1686	 3.25308240561224E-02 
1687	 3.06337805397113E-02 
1688	 2.83493393436306E-02 
1689	 2.94826011435126E-02 
1690	 2.73456432851605E-02 
1691	 2.59553691515666E-02 
1692	 2.90057428252628E-02 
1693	 2.94358531067233E-02 
1694	 2.61018648375028E-02 
1695	 2.57564813142835E-02 
1696	 2.60018349000392E-02 
1697	 2.37209514296105E-02 
1698	 2.55833445650651E-02 
1699	 2.95291238338927E-02 
1700	 3.09374976378298E-02 
1701	 3.11988264633324E-02 
1702	 0.029250091097331 
1703	 2.86832905190604E-02 
1704	 2.92862675285276E-02 
1705	 2.92556377298302E-02 
1706	 3.06730586879756E-02 
1707	 2.85808768771971E-02 
1708	 0.025168058200459 
1709	 2.43740166262835E-02 
1710	 2.44334680227615E-02 
1711	 2.62185515999091E-02 
1712	 2.82530737579108E-02 
1713	 2.94230843914953E-02 
1714	 3.08568459987618E-02 
1715	 3.34789389472568E-02 
1716	 3.32600039503968E-02 
1717	 3.06266429584541E-02 
1718	 2.69936459110758E-02 
1719	 2.44892614721207E-02 
1720	 2.41862865709754E-02 
1721	 0.025215226588937 
1722	 2.37398497974582E-02 
1723	 2.58341065806818E-02 
1724	 0.029630761698023 
1725	 2.93643094156613E-02 
1726	 2.98015136538281E-02 
1727	 3.03960414316714E-02 
1728	 2.73238733445775E-02 
1729	 2.50125819810202E-02 
1730	 2.70179189548293E-02 
1731	 2.58644118690428E-02 
1732	 2.17656484923313E-02 
1733	 2.29416253059625E-02 
1734	 2.51671979206964E-02 
1735	 2.34550607438972E-02 
1736	 2.48551142512434E-02 
1737	 2.88105931524397E-02 
1738	 2.89490701365398E-02 
1739	 2.93386615779386E-02 
1740	 3.10506338862004E-02 
1741	 2.88915380761859E-02 
1742	 2.50166454866994E-02 
1743	 2.69186766571068E-02 
1744	 3.29714981102954E-02 
1745	 3.48302139487176E-02 
1746	 3.89107769262161E-02 
1747	 3.84412561343917E-02 
1748	 2.98914728855045E-02 
1749	 2.69274710925806E-02 
1750	 2.51294899504154E-02 
1751	 2.23780166911733E-02 
1752	 2.05076946245341E-02 
1753	 2.37991823670963E-02 
1754	 3.17992282192597E-02 
1755	 3.03904858107585E-02 
1756	 2.64852364154726E-02 
1757	 2.24486694933442E-02 
1758	 1.57662755667208E-02 
1759	 2.17117827037671E-02 
1760	 3.50105611143196E-02 
1761	 3.52827099271197E-02 
1762	 3.43977219214155E-02 
1763	 3.25708630608429E-02 
1764	 2.69972253097941E-02 
1765	 3.36701513545386E-02 
1766	 4.38205273925233E-02 
1767	 4.49297838504359E-02 
1768	 4.09833972117791E-02 
1769	 2.91049293431481E-02 
1770	 0.022440957779134 
1771	 2.10197000137245E-02 
1772	 1.95197180529563E-02 
1773	 3.67826252623032E-02 
1774	 3.99496341743916E-02 
1775	 3.78794998537413E-02 
1776	 0.045229430553487 
1777	 4.19826802420476E-02 
1778	 3.83762389632893E-02 
1779	 4.61376262876666E-02 
1780	 4.62547753039455E-02 
1781	 3.11728058560061E-02 
1782	 3.54480647811322E-02 
1783	 6.14553788857904E-02 
1784	 6.38806249803843E-02 
1785	 4.96556536817443E-02 
1786	 0.045114935096228 
1787	 3.05912573739776E-02 
1788	 3.96453445667254E-02 
1789	 8.89194948557862E-02 
1790	 8.41352643910905E-02 
1791	 7.63622984598411E-02 
1792	 7.00483392879947E-02 
1793	 3.78530844150713E-02 
1794	 8.93329417666289E-02 
1795	 9.71946591116399E-02 
1796	-2.29581179043038E-02 
1797	-3.85314759749299E-02 
1798	-4.75543863928793E-02 
1799	-0.155559453468611 
1800	-0.143929920961199 
1801	-0.130257359264722 
1802	-0.099183232754659 
1803	-6.20777479209174E-02 
1804	 0.123406262924411 
1805	 0.192734558587447 
1806	-3.95711704090214E-02 
1807	-0.183630145103132 
1808	-0.354299168461433 
1809	-0.238775416590407 
1810	 0.601701689035012 
1811	 1.10687743056722 
1812	 1.3205232291696 
1813	 1.34498573267082 
1814	 0.87355481103041 
1815	 0.917181878426221 
1816	 1.16767032201904 
1817	 1.26420701211355 
1818	 0.666298056325952 
1819	 0.478976987406861 
1820	 0.829897148782252 
1821	 2.23858339417621 
1822	 3.84433450243066 
1823	 1.78175041784084 
1824	 1.24181185132482 
1825	 0.661408703035791 
1826	 0.436560777380615 
1827	 0.120427389318954 
1828	 0.243128396993594 
1829	 1.13586561769168 
1830	 1.1928403428493 
1831	 1.50951031431136 
1832	 3.59413764566756 
1833	 1.1707780496982 
1834	 1.66411456578127 
1835	 7.24154551518798 
1836	 5.03005406579537 
1837	 0.652568556662197 
1838	 0.753620744753639 
1839	 2.17765333235858 
1840	 21.0011636043279 
1841	-1.73821726455497 
1842	-1.51563350166718 
1843	-1.9112201807016 
1844	-5.68046229666853 
1845	-7.20809743352733 
1846	 2.45166682644668 
1847	 0.645142429719295 
1848	 3.15888490858204 
1849	 4.06088201878301 
1850	 7.05152129472155 
1851	 5.50756381269899 
1852	 0.199854456248609 
1853	-0.100840990527233 
1854	-0.111002541075847 
1855	 0.178865395439431 
1856	 6.40415777365648E-02 
1857	-0.173862815462901 
1858	-0.218087243006823 
1859	-0.335057057963071 
1860	-0.321004652675077 
1861	-0.350215971068424 
1862	-0.361306068337703 
1863	 0.139116602258373 
1864	 0.528549477272984 
1865	 1.05886731630055 
1866	-6.33423002111029 
1867	-1.10054684021226 
1868	 7.92922479345773 
1869	 27.7755500652998 
1870	-13.4464627118029 
1871	-7.66160585130434E-02 
1872	 0.688882880696752 
1873	 1.02164966560836 
1874	 1.08144000405457 
1875	 1.20138492080572 
1876	 1.15665919143931 
1877	 0.955293778803397 
1878	 0.358008578938448 
1879	-0.369196632838117 
1880	-0.87651959280908 
1881	-1.15501807675094 
1882	-0.630479393534766 
1883	-0.440997996852446 
1884	-1.15372083923707 
1885	-2.01321913940373 
1886	-12.7549162747122 
1887	 1.36671680874809 
1888	-1.01335226208621 
1889	-4.52230054588887E-02 
1890	 0.593288691762327 
1891	 0.415999546848804 
1892	-0.322798588312017 
1893	-2.16525607423562 
1894	-9.13538763780598 
1895	-13.5520346438845 
1896	-3.24240136244228 
1897	 0.403884393383732 
1898	 0.639234233833771 
1899	 0.266426762091567 
1900	 0.39589336226549 
1901	 1.59073595723414 
1902	 2.0773534519615 
1903	 2.18639646328118 
1904	 2.04878372017662 
1905	-2.4837481391724 
1906	-1.80736744286252 
1907	-1.34605776397196 
1908	-1.36205529025637 
1909	-0.903740819735038 
1910	-1.19713856403405 
1911	 12.0446439162039 
1912	-11.2928934044421 
1913	-39.026373926179 
1914	-1.84932217877151 
1915	-2.35152770463753 
1916	-3.93395710290995 
1917	-4.7286593842405 
1918	-2.17186027049517 
1919	-0.628539901138911 
1920	-0.478611516015752 
1921	-0.484259534783116 
1922	 0.255926619037245 
1923	 0.590822384166837 
1924	 0.477399609132699 
1925	 0.463615768025476 
1926	 0.399888229868256 
1927	-0.082830465368332 
1928	-0.619750051304277 
1929	-0.82790225321355 
1930	 0.510703068313989 
1931	 0.542565147307 
1932	 0.363087608630863 
1933	 0.883425156132208 
1934	 1.56376831001083 
1935	 2.6833329966426 
1936	 6.58767030532913 
1937	 2.10650006417684 
1938	 1.11763623013931 
1939	 0.892203221622908 
1940	 0.796170955674064 
1941	 0.720334541222988 
1942	 0.208654984673482 
1943	-0.135271408099221 
1944	-0.37136414443719 
1945	-0.599837847026479 
1946	-1.19832616067195 
1947	 18.4930139275366 
1948	 3.43921638982481E-02 
1949	 0.375527218642444 
1950	 0.881259252251373 
1951	 1.0954712756097 
1952	 1.82877814322113 
1953	 9.60986587234181 
1954	-6.00092973965404 
1955	-6.4763630899576 
1956	-3.37574772463622 
1957	-2.90622653610323 
1958	-4.99516593599708 
1959	-1.64492937698324 
1960	-0.684094123083202 
1961	-0.446207060894463 
1962	 0.022236661315499 
1963	 0.189390227241974 
1964	 0.395059690558808 
1965	 0.798569345168039 
1966	 0.936422994404346 
1967	 0.989846428513034 
1968	 0.250996480530197 
1969	 3.54848785527436E-04 
1970	-0.330426585289566 
1971	-0.357207047636199 
1972	-9.21856827556737E-02 
1973	-0.13938284773253 
1974	-6.25056643730154E-02 
1975	 0.12374393405572 
1976	-0.024977240246573 
1977	-5.82446263360405E-02 
1978	 0.123620400606772 
1979	 0.170952148830546 
1980	 0.124476010639055 
1981	 0.144701779661892 
1982	 0.291517088957528 
1983	 0.141519894735154 
1984	 5.80353960496839E-02 
1985	 9.51363337666634E-02 
1986	 8.23020076980798E-03 
1987	-7.47585022853577E-02 
1988	-0.131437200612618 
1989	-9.59434018819094E-02 
1990	-1.47572974690482E-02 
1991	-3.70137327508659E-02 
1992	-2.01886898782754E-02 
1993	-3.12487975566302E-02 
1994	-5.84913872509571E-02 
1995	-0.164922233487061 
1996	-8.00632534154286E-02 
1997	 2.82042251816498E-02 
1998	-6.22389990374535E-02 
1999	-6.09250618090568E-02 
2000	-0.181616528218058 
2001	-0.228720603762883 
2002	 6.32751355720851E-02 
2003	 7.87298732747302E-02 
2004	-6.20530889583475E-02 
2005	-0.140061678787184 
2006	-0.450079488119307 
2007	-0.375978109334052 
2008	-0.251441783731893 
2009	-0.140530306187487 
2010	 6.69677353552166E-02 
2011	 0.495350244256318 
2012	 1.10738327416055 
2013	 0.588199440719337 
2014	 0.525354920446129 
2015	 0.426396854214747 
2016	 0.346692077489208 
2017	 0.457559963680188 
2018	 0.34063937588178 
2019	 0.129745854619522 
2020	-1.61992092011697E-02 
2021	-0.135330097570313 
2022	-3.73862630890485E-02 
2023	 4.10708821483206E-02 
2024	 4.39466633005923E-02 
2025	 6.29395923574494E-03 
2026	 1.84179859738841E-02 
2027	 1.16440011689167E-02 
2028	 5.32162048378389E-03 
2029	 2.74056835384002E-02 
2030	 3.45646432729805E-02 
2031	 7.2319445270593E-03 
2032	 0.024700409229197 
2033	 0.067606821641045 
2034	 6.90996956118489E-02 
2035	 8.25143105279489E-02 
2036	 0.113019364003275 
2037	 0.126836823740497 
2038	 0.130983452877952 
2039	 0.114509207455523 
2040	 5.10801700309482E-02 
2041	 2.89753232904005E-02 
2042	 1.26762798568514E-02 
2043	 6.64833913995245E-03 
2044	 2.21745519057655E-02 
2045	 4.70871665745607E-02 
2046	 4.37913224790169E-02 
2047	 2.63113570655776E-03 
2048	-1.00385128212416E-02 
2049	-0.036162460784008 
2050	-0.062711300653691 
2051	-1.78200156654685E-03 
2052	 0.03360382799401 
2053	 4.37479558017121E-02 
2054	 7.24339591549753E-02 
2055	 8.27683101768736E-02 
2056	 6.65920796381835E-02 
2057	 1.08004658881524E-02 
2058	 8.59690045666304E-05 
2059	-0.024338211693636 
2060	-3.18119516560613E-02 
2061	-4.21859119892382E-03 
2062	 2.60964198432428E-02 
2063	 2.47384787348376E-02 
2064	-1.38575684566433E-02 
2065	-5.07881492832591E-02 
2066	-6.03508588851346E-02 
2067	-9.23978107612838E-02 
2068	-0.111209776699339 
2069	-8.60288447366725E-02 
2070	-7.77332341134209E-02 
2071	-0.075746608975566 
2072	-3.88707135427305E-02 
2073	-2.51868465576251E-02 
2074	-3.28376920313353E-02 
2075	-3.74951962144281E-02 
2076	-4.93646740880825E-02 
2077	-4.87179880643672E-02 
2078	-6.04445111682962E-02 
2079	-4.38389856863961E-02 
2080	-5.05373205258507E-03 
2081	 3.88725046519862E-02 
2082	 0.075482361872366 
2083	 8.92216831310283E-02 
2084	 6.28383419285586E-02 
2085	 3.66969067230395E-02 
2086	 2.91357949918929E-02 
2087	 2.42237058298928E-02 
2088	 0.01282363174161 
2089	 9.38856100561997E-03 
2090	 1.55142995758297E-02 
2091	 1.37634954854437E-03 
2092	-9.99961003462193E-03 
2093	-9.13029467743611E-03 
2094	-9.1512215083371E-03 
2095	-2.61874459460002E-02 
2096	-2.83076986287001E-02 
2097	-4.61361496803181E-03 
2098	-7.28775239423722E-03 
2099	-3.31113281834868E-02 
2100	-2.96686235619696E-02 
2101	-2.37762226998522E-02 
2102	-1.83992183394619E-02 
2103	-1.57809197270404E-02 
2104	-1.37619757974053E-02 
2105	-3.81093926833167E-03 
2106	-3.39783792539211E-03 
2107	 1.53542184524344E-02 
2108	 2.97366588497205E-02 
2109	 2.44270094033439E-02 
2110	 2.27413482751719E-02 
2111	 1.56139468499295E-02 
2112	 5.60864313040048E-03 
2113	 0.003273807551134 
2114	 4.43994561779619E-03 
2115	 4.67200551122933E-03 
2116	 1.46617062348682E-02 
2117	 1.81063666739494E-02 
2118	 1.28463983719558E-02 
2119	 9.77574238509269E-03 
2120	 9.4696197652076E-03 
2121	-1.30094369869895E-03 
2122	 3.47826065006423E-03 
2123	 1.62012645670925E-02 
2124	 1.85593305929222E-02 
2125	 3.10106741859114E-02 
2126	 2.71278299679331E-02 
2127	 1.68227424260596E-02 
2128	 3.00685772297239E-02 
2129	 3.54492927396083E-02 
2130	 4.39234990411313E-02 
2131	 5.30255141964923E-02 
2132	 4.63222592835512E-02 
2133	 4.85010554752402E-02 
2134	 3.90172841721053E-02 
2135	 1.67180389399188E-02 
2136	 5.83645159107306E-03 
2137	-1.55408813825346E-02 
2138	-1.67362373900671E-02 
2139	 7.04028424159684E-03 
2140	 1.60855917034069E-02 
2141	 3.16468048654822E-02 
2142	 0.037305616562187 
2143	 3.54981209573449E-02 
2144	 2.13512100609472E-02 
2145	 1.30072499471484E-02 
2146	 5.08563540713059E-03 
2147	-6.55424076191319E-03 
2148	-7.04748080162874E-03 
2149	 7.51571388253806E-03 
2150	 2.67642662224546E-02 
2151	 4.79731146842287E-02 
2152	 6.35794880243677E-02 
2153	 6.43225207626943E-02 
2154	 6.51866853932224E-02 
2155	 5.48078699648276E-02 
2156	 3.25608868485028E-02 
2157	 2.01624409775773E-02 
2158	 1.36511416289265E-04 
2159	-1.90950769190238E-03 
2160	 1.60058488029609E-02 
2161	 1.71377792759607E-02 
2162	 1.53852531110628E-02 
2163	 2.13277812209094E-02 
2164	 1.72602463503191E-02 
2165	 2.10148644823225E-02 
2166	 5.13909535523475E-02 
2167	 5.47849148722228E-02 
2168	 0.038000652405088 
2169	 3.46486429320642E-02 
2170	 3.28685576222342E-02 
2171	 1.68516969121073E-02 
2172	 1.07512796310928E-02 
2173	 2.24837364916769E-03 
2174	-5.95573201011808E-03 
2175	 6.48693363606618E-03 
2176	 1.45287831287448E-02 
2177	 2.76621056971643E-02 
2178	 3.86034618080063E-02 
2179	 2.28632439075321E-02 
2180	 1.75866825544546E-02 
2181	 0.02536799760109 
2182	 2.91164699462211E-02 
2183	 0.037165296054552 
2184	 0.066564708880948 
2185	 8.16915185811948E-02 
2186	 7.71721630382405E-02 
2187	 5.98603761241541E-02 
2188	 4.51803772473548E-02 
2189	-1.17141948015122E-03 
2190	-1.26015861355546E-02 
2191	-3.91482823276477E-03 
2192	 2.38019302141389E-04 
2193	 1.10485087222789E-02 
2194	 2.34042188329064E-02 
2195	 5.68680256392781E-02 
2196	 7.05315805767858E-02 
2197	 8.16476162409769E-02 
2198	 7.49145315917252E-02 
2199	 5.12639598661954E-02 
2200	 4.70361984606253E-03 
2201	-5.11173865041227E-02 
2202	-7.22432892607763E-02 
2203	-0.054427179576187 
2204	-3.04263890342261E-02 
2205	 1.37989420701816E-02 
2206	 4.95568298761645E-02 
2207	 4.97361563367963E-02 
2208	 5.73821881531378E-02 
2209	 5.44613079817001E-02 
2210	 5.28614683694204E-02 
2211	 5.81716497046631E-02 
2212	 5.11199233581187E-02 
2213	 3.51190519964284E-02 
2214	 5.80073857481538E-03 
2215	-2.18307961511055E-02 
2216	-4.02247206521694E-02 
2217	-3.96537817828995E-02 
2218	-9.32505577155556E-03 
2219	 1.43518272919881E-03 
2220	 2.21162420221849E-02 
2221	 2.15843150127887E-02 
2222	-9.60433161782479E-03 
2223	-1.17139779178604E-02 
2224	-2.73754674722223E-03 
2225	 2.88491021218883E-03 
2226	 2.14556257940788E-02 
2227	 0.029265039898678 
2228	 2.53800488043003E-02 
2229	 2.72106645957391E-02 
2230	 2.80785801303751E-02 
2231	 3.47611343876363E-02 
2232	 4.86678747712144E-02 
2233	 5.89541854156561E-02 
2234	 6.78354775002379E-02 
2235	 0.088940549402992 
2236	 7.88654544183783E-02 
2237	 7.02318049181609E-02 
2238	 8.57677291190586E-02 
2239	 7.58198924226141E-02 
2240	 5.20929614361125E-02 
2241	 3.22757284214971E-02 
2242	 1.93827699192807E-02 
2243	 5.48757575333393E-03 
2244	 2.34925422943781E-02 
2245	 0.076505835509999 
2246	 9.81765776261588E-02 
2247	 8.68986948607416E-02 
2248	 7.16970377863857E-02 
2249	 4.00225186978995E-02 
2250	-1.0623798962695E-03 
2251	 3.35076308964614E-03 
2252	 2.98984951057279E-02 
2253	 4.15128515119744E-02 
2254	 3.97982134344905E-02 
2255	 1.74636627170512E-02 
2256	 1.46145507680367E-02 
2257	 2.12094277300733E-02 
2258	 2.28552883042024E-02 
2259	 6.88627363505157E-02 
2260	 8.12248809316291E-02 
2261	 6.00219697745256E-02 
2262	 4.63040707665269E-02 
2263	 2.47297131591532E-02 
2264	 8.19266536253175E-03 
2265	-1.16844240340093E-02 
2266	-1.62961027069753E-02 
2267	-1.10673764724252E-02 
2268	-5.30226496122258E-03 
2269	 4.75105551677726E-03 
2270	 1.54888354469779E-02 
2271	 3.58025036512066E-02 
2272	 5.48882909445453E-02 
2273	 0.079962184666731 
2274	 9.74717069408472E-02 
2275	 0.132210014188555 
2276	 0.125345532946792 
2277	 7.07833885121569E-02 
2278	 5.52807984268873E-02 
2279	 0.037445846075926 
2280	 9.26370439380008E-03 
2281	-1.02938278548011E-02 
2282	-2.44306352958625E-02 
2283	-0.02009324271067 
2284	-2.30589882850404E-02 
2285	-2.19182634391059E-02 
2286	 0.038153518509751 
2287	 7.57375667666256E-02 
2288	 5.99080866979081E-02 
2289	 9.10698235461992E-02 
2290	 0.110211544263273 
2291	 4.99090773217521E-02 
2292	 4.66323279665417E-02 
2293	 5.68991298303152E-02 
2294	 0.020938836607456 
2295	 1.59833810803789E-02 
2296	 4.81177708983997E-02 
2297	 4.51626761306332E-02 
2298	 1.69765717175462E-02 
2299	 2.92869700566305E-02 
2300	-0.014036391405685 
2301	-4.50042391357787E-02 
2302	-2.36753124707192E-03 
2303	-4.92966362176908E-03 
2304	 1.75397585432468E-02 
2305	 3.37104251022888E-02 
2306	 1.05881262730954E-02 
2307	 4.34657368870617E-02 
2308	 6.16343468608732E-02 
2309	 6.49927350261018E-02 
2310	 0.109092050430233 
2311	 0.106034623062864 
2312	 8.35128189887928E-02 
2313	 8.64077487981909E-02 
2314	 0.05934879082665 
2315	 0.026482970101461 
2316	-2.32841674018313E-02 
2317	-6.47506948149702E-03 
2318	 4.68878558682943E-02 
2319	 2.91066374898499E-02 
2320	 3.82564470354807E-02 
2321	-7.94306783879106E-04 
2322	-3.17614913295597E-02 
2323	 0.020811918684697 
2324	 4.17658755871783E-02 
2325	 3.08319181599887E-02 
2326	-2.68937043758772E-02 
2327	-5.90629514316387E-02 
2328	-3.97888799503393E-02 
2329	 2.13582120651609E-02 
2330	 3.49219085280845E-02 
2331	-1.88015736102858E-02 
2332	 3.16357424252521E-02 
2333	 0.105812416720275 
2334	 0.152344188453206 
2335	 0.213684394256252 
2336	 0.186726705709343 
2337	 3.43090234405919E-02 
2338	-0.100983321612884 
2339	-8.22710836067761E-02 
2340	 3.47168341663199E-02 
2341	 0.145742557074434 
2342	 0.104099653009009 
2343	-4.84800709325756E-02 
2344	-0.182338120433628 
2345	-0.394034902119487 
2346	-0.339490612997442 
2347	-0.20040528788471 
2348	-0.285473677792063 
2349	-0.342422612693345 
2350	-0.306569191969949 
2351	-0.103968087632033 
2352	 3.99554176799643E-03 
2353	 0.137108702234868 
2354	 0.302106351347504 
2355	 0.100906465085241 
2356	-9.21599640041441E-02 
2357	-4.46086478252786E-02 
2358	-0.142092930265752 
2359	-0.236816422272327 
2360	-9.01680049141357E-02 
2361	-0.166632243375982 
2362	-0.191775092199261 
2363	-0.122748557605577 
2364	-0.237243355831365 
2365	-0.245064832167172 
2366	-0.326006228811879 
2367	-0.568487339732932 
2368	-0.61213202416793 
2369	-0.636104823797679 
2370	-0.589258303475495 
2371	-0.196114317952962 
2372	 0.186406588850693 
2373	 0.176735914543729 
2374	-0.268768216935333 
2375	-1.30865884470835 
2376	-2.20121519498744 
2377	-1.17784147246514 
2378	-0.444049771244517 
2379	-0.126058243328849 
2380	 1.45612436066979E-02 
2381	-0.313543551895757 
2382	-0.286981024927074 
2383	 0.107098692589561 
2384	 0.115817911908293 
2385	-0.646324005275542 
2386	 0.396992662750755 
2387	 0.288045357768194 
2388	 1.03772039847045 
2389	 2.23806352418539 
2390	 0.607627835172355 
2391	 0.703650504010698 
2392	 2.3252202143348 
2393	-330.91828471478 
2394	 5.38856689347005 
2395	 322.366755191478 
2396	-0.301103952814774 
2397	-2.43971442341414 
2398	-41.0434998140205 
2399	 3.71921909095698 
2400	-12.630166396526 
2401	 1.09243882000272 
2402	 7.73809074011739E-02 
2403	-0.81944260625198 
2404	-2.51684892393198 
2405	-1.50840577803148 
2406	-4.85285499706377 
2407	 1.55967578151904 
2408	 2.12501619740257 
2409	 0.554091872769643 
2410	 0.632710208515238 
2411	 1.03919650095271 
2412	 0.458246299449295 
2413	 0.338053862423163 
2414	-0.176020430951695 
2415	-0.791297890621729 
2416	 1.39061198566888 
2417	 0.281995631527424 
2418	-0.11929077461709 
2419	-0.975809618262182 
2420	-1.39923701141408 
2421	-1.36524801783374 
2422	-3.03167973753365 
2423	-12.2062481705294 
2424	 6.08830224999893 
2425	 2.43226086740056 
2426	-6.62925981527158 
2427	-8.73509916517336E-02 
2428	 2.02842069757783 
2429	 0.382291764119751 
2430	 3.80550605570653 
2431	-4.73664768544842 
2432	-1.70479323881042 
2433	-2.00973109735029 
2434	-1.12877852096285 
2435	-0.601988565980706 
2436	-0.43682572952507 
2437	-0.514393125868406 
2438	-2.50393502719405 
2439	 0.477769789158539 
2440	 0.316640896737449 
2441	 0.65254911523346 
2442	 1.98660918599248 
2443	-1.26332569301826 
2444	-1.08690136385621 
2445	-3.51655749871388 
2446	 3.18902456107273 
2447	 6.71359115679859 
2448	-6.11142899386922 
2449	-1.95260703524524 
2450	-1.67800965016829 
2451	-1.20157912717906 
2452	-5.3515858543203 
2453	 1.02380215902162 
2454	 0.40044077831318 
2455	 0.248793227529259 
2456	 0.291359110836952 
2457	 0.613509195489624 
2458	 0.949189605573129 
2459	 1.03388279002751 
2460	 1.45617427519568 
2461	 1.22043066742152 
2462	 0.174279358821957 
2463	-1.5693875145657 
2464	-2.34047004092905 
2465	-0.871685260720825 
2466	 0.325231834591512 
2467	 1.17210352918841 
2468	 2.30789140191936 
2469	-1.77721676765974 
2470	 1.13535434643307 
2471	 0.868678512750501 
2472	 0.888716566468868 
2473	 0.881441518558909 
2474	 1.20140575875583 
2475	 3.03351761114859 
2476	 1.57348948859091 
2477	 0.433632741637864 
2478	-0.307333362450096 
2479	-0.509108718063003 
2480	-0.589014071704413 
2481	-0.266456466350998 
2482	-0.205419410971489 
2483	-0.057131813067811 
2484	 8.31259930320721E-02 
2485	 0.156047680249834 
2486	-2.84461527519878 
2487	-25.2681498801294 
2488	-2.96694925819264 
2489	-6.76998114934883 
2490	-11.5345174387252 
2491	-6.79769629606645 
2492	 2.22805962164095 
2493	 1.62360053763773 
2494	 2.10131635830433 
2495	-3.25270803321599 
2496	-1.49037191381359 
2497	-0.6969055883934 
2498	-0.713105806223087 
2499	-0.431265652389689 
2500	 0.177742685114031 
