Wavelength	rt0712west_close00005.asd
350	 7.44191883776772E-02 
351	 7.43567095301364E-02 
352	 0.074661994020813 
353	 7.44613843560036E-02 
354	 7.37267901573927E-02 
355	 7.47151800683157E-02 
356	 7.61519543509464E-02 
357	 0.076101730845611 
358	 7.38539453942646E-02 
359	 7.44500249001996E-02 
360	 7.49343595462017E-02 
361	 7.51817854029415E-02 
362	 7.67932433313959E-02 
363	 7.61206241759812E-02 
364	 7.52913389685937E-02 
365	 7.54468303492894E-02 
366	 7.51204990159841E-02 
367	 7.56929036510089E-02 
368	 7.59633168363395E-02 
369	 7.51337739070629E-02 
370	 7.62933769126929E-02 
371	 7.69230450519855E-02 
372	 7.66275376506022E-02 
373	 7.63099635336571E-02 
374	 7.57427275477358E-02 
375	 7.62614930277587E-02 
376	 7.76154528762816E-02 
377	 7.72989540044074E-02 
378	 7.71257211935395E-02 
379	 0.076960774418782 
380	 7.66897223359943E-02 
381	 7.77702756423952E-02 
382	 0.078333595105372 
383	 7.83758310580407E-02 
384	 7.87813279276339E-02 
385	 7.95570120255834E-02 
386	 7.93719310899656E-02 
387	 7.85269380340998E-02 
388	 7.91191031927992E-02 
389	 7.91081962333897E-02 
390	 0.080004341621225 
391	 8.21034814144006E-02 
392	 8.11615149037606E-02 
393	 8.01558660455447E-02 
394	 0.080138473606311 
395	 0.081030254080579 
396	 8.14456832186243E-02 
397	 0.081380211341716 
398	 8.13883155389645E-02 
399	 8.22788718298198E-02 
400	 8.20898987065249E-02 
401	 8.17702769105807E-02 
402	 8.20998868974663E-02 
403	 8.25327213645933E-02 
404	 8.25096493324614E-02 
405	 8.23634051013107E-02 
406	 8.26656943587647E-02 
407	 8.31760214694056E-02 
408	 8.31964046636079E-02 
409	 0.082969808171344 
410	 8.35865594730306E-02 
411	 8.35811082252269E-02 
412	 8.37320802039529E-02 
413	 8.45081356668447E-02 
414	 8.46840112781357E-02 
415	 0.084628862009998 
416	 8.47245543241887E-02 
417	 8.52347292051874E-02 
418	 8.55954153017131E-02 
419	 8.56638691022942E-02 
420	 8.57547201290719E-02 
421	 8.65816519868967E-02 
422	 8.68145955604031E-02 
423	 8.68896183512587E-02 
424	 8.72944159703469E-02 
425	 8.75579669844907E-02 
426	 8.80094404968969E-02 
427	 8.85839633016146E-02 
428	 8.90592359674738E-02 
429	 8.95795838379723E-02 
430	 9.00560691816114E-02 
431	 9.03780191287893E-02 
432	 9.04410884565458E-02 
433	 9.09365759647056E-02 
434	 9.16603377393722E-02 
435	 9.21934309724841E-02 
436	 9.20397774463075E-02 
437	 9.24509757959896E-02 
438	 9.33041528603899E-02 
439	 0.093738334132424 
440	 0.093845931136124 
441	 9.41905574862602E-02 
442	 0.094853201375915 
443	 9.51269437982365E-02 
444	 9.55477952569822E-02 
445	 9.60645468089758E-02 
446	 9.64964943709894E-02 
447	 9.68236063052834E-02 
448	 0.096988233388804 
449	 9.71364291046313E-02 
450	 9.75315870704808E-02 
451	 0.097961064969175 
452	 0.098159162292823 
453	 9.81772717238473E-02 
454	 9.87408232898235E-02 
455	 9.91189705131509E-02 
456	 9.92247243728798E-02 
457	 9.92712885298784E-02 
458	 0.099722112836043 
459	 9.98609916105879E-02 
460	 0.099756922612762 
461	 0.100269983999348 
462	 0.100328256281914 
463	 0.100361513201294 
464	 0.100757157477799 
465	 0.10095405753126 
466	 0.101033489504232 
467	 0.101125393407757 
468	 0.101382994494093 
469	 0.101835269710474 
470	 0.101977619702609 
471	 0.101824256853598 
472	 0.102134408192093 
473	 0.102162112149097 
474	 0.102269169152015 
475	 0.102802575398358 
476	 0.102997985505997 
477	 0.10331100275888 
478	 0.103767155002066 
479	 0.104090438554098 
480	 0.104158141676856 
481	 0.104386971335436 
482	 0.104899637913574 
483	 0.105058386263559 
484	 0.105533223333682 
485	 0.105993214472621 
486	 0.106000685100816 
487	 0.106594189201733 
488	 0.107378205843946 
489	 0.107928688872959 
490	 0.107936667083604 
491	 0.108522134833449 
492	 0.109175701661711 
493	 0.109435756711813 
494	 0.109901547678909 
495	 0.110230127516775 
496	 0.110638607832122 
497	 0.111510451118125 
498	 0.112156406964511 
499	 0.112436060556532 
500	 0.112525784281029 
501	 0.112985692144114 
502	 0.113652454167156 
503	 0.114252167194012 
504	 0.114649141352454 
505	 0.115419168362012 
506	 0.116339941621822 
507	 0.117057675115897 
508	 0.117231776184546 
509	 0.117877753094708 
510	 0.118797499660362 
511	 0.119658541361609 
512	 0.120277762813247 
513	 0.121166956556065 
514	 0.122010362954344 
515	 0.122302391301894 
516	 0.122994672694517 
517	 0.123936501724462 
518	 0.124866909302423 
519	 0.125534740416432 
520	 0.126185060538096 
521	 0.126976251620436 
522	 0.127928636000083 
523	 0.128657533826177 
524	 0.129486789481057 
525	 0.130405202590866 
526	 0.131192046318238 
527	 0.132163612720579 
528	 0.133119132083968 
529	 0.133941516647594 
530	 0.134829059357997 
531	 0.135593446836493 
532	 0.1363595464367 
533	 0.137328480228122 
534	 0.138440534968142 
535	 0.13946072372184 
536	 0.140400620503687 
537	 0.141547970932814 
538	 0.14225280099779 
539	 0.14294489899061 
540	 0.144033912929731 
541	 0.144932386762031 
542	 0.145829044944792 
543	 0.146800496563912 
544	 0.147846583835866 
545	 0.148859976581908 
546	 0.150097001909326 
547	 0.151510196202129 
548	 0.152387834938184 
549	 0.153325031146049 
550	 0.154397683921897 
551	 0.155503321207122 
552	 0.156624258448986 
553	 0.157648931342155 
554	 0.158555361277192 
555	 0.159420185358745 
556	 0.160406388876871 
557	 0.161444485170438 
558	 0.162379462512804 
559	 0.163006023021828 
560	 0.163771907578593 
561	 0.164752981234779 
562	 0.165753015851525 
563	 0.166399922376542 
564	 0.167028629855125 
565	 0.167792124929193 
566	 0.168281511528174 
567	 0.168748932188785 
568	 0.169314686542798 
569	 0.170005879078347 
570	 0.170605075685303 
571	 0.171297445959088 
572	 0.171928401948396 
573	 0.171976160907599 
574	 0.172681313074209 
575	 0.173637776747767 
576	 0.174251104525055 
577	 0.174648714505431 
578	 0.175174850826289 
579	 0.175765978094654 
580	 0.176137582430661 
581	 0.176547255218482 
582	 0.176866738096679 
583	 0.176961320918544 
584	 0.176745316907272 
585	 0.176469034979424 
586	 0.175930139728636 
587	 0.174837568690961 
588	 0.173736944871677 
589	 0.173076199738473 
590	 0.173039450198275 
591	 0.173385734194415 
592	 0.173668032540963 
593	 0.173872014855351 
594	 0.173997618273871 
595	 0.173781105017759 
596	 0.173487964653282 
597	 0.173348221107438 
598	 0.173487921668549 
599	 0.173341697892923 
600	 0.173274891890979 
601	 0.173462704103075 
602	 0.17363629424715 
603	 0.173392609023125 
604	 0.173067082910803 
605	 0.173133714990351 
606	 0.173442173678915 
607	 0.173414274876841 
608	 0.173104162545743 
609	 0.173224170717872 
610	 0.173623010139087 
611	 0.173786289224933 
612	 0.173478210768477 
613	 0.173474863593426 
614	 0.173788701386018 
615	 0.173975290887379 
616	 0.173499235090716 
617	 0.173707490931181 
618	 0.173860486325647 
619	 0.173642894160389 
620	 0.17381101244189 
621	 0.173594671150514 
622	 0.173410722533964 
623	 0.173719778116628 
624	 0.17322560729404 
625	 0.172665103410482 
626	 0.172324803233727 
627	 0.171995765302111 
628	 0.172123104700055 
629	 0.172228850201924 
630	 0.17209883692688 
631	 0.172716366118789 
632	 0.172956489901785 
633	 0.172740389926025 
634	 0.172528912213366 
635	 0.172658721975354 
636	 0.172978052447535 
637	 0.173267371780266 
638	 0.173300550861361 
639	 0.173229863882024 
640	 0.173200509622998 
641	 0.17323279192198 
642	 0.172816134748502 
643	 0.172616490972541 
644	 0.172388627987431 
645	 0.171132413084847 
646	 0.169951667780315 
647	 0.169727648280648 
648	 0.17050653910365 
649	 0.170733591145678 
650	 0.170676878192055 
651	 0.170635492929529 
652	 0.170810897017344 
653	 0.170334504583509 
654	 0.169960235549661 
655	 0.16982182244892 
656	 0.169101531062104 
657	 0.168725317366511 
658	 0.168753013893793 
659	 0.168933772143823 
660	 0.16864592191033 
661	 0.168402243498103 
662	 0.168218364153973 
663	 0.167867805284099 
664	 0.167833191030933 
665	 0.16787460736674 
666	 0.167799520013703 
667	 0.167665950200681 
668	 0.16744224246898 
669	 0.167292872116817 
670	 0.167338782389988 
671	 0.167150792493792 
672	 0.16704163462081 
673	 0.167163376032839 
674	 0.167467398259458 
675	 0.167646859932542 
676	 0.167753325860734 
677	 0.167853394372297 
678	 0.167837030359769 
679	 0.167880616633484 
680	 0.167881686692276 
681	 0.167724915967693 
682	 0.168206360686042 
683	 0.168469253731669 
684	 0.168147294490276 
685	 0.16765421213595 
686	 0.167160007787048 
687	 0.16679636233882 
688	 0.166658232381025 
689	 0.166937658636153 
690	 0.166564901373178 
691	 0.165608633250563 
692	 0.16484020337591 
693	 0.164026554086394 
694	 0.164310894761123 
695	 0.165439618041988 
696	 0.165404411636031 
697	 0.164598846028441 
698	 0.163184823310512 
699	 0.161702481745954 
700	 0.161474813638832 
701	 0.161525973152505 
702	 0.161193340702624 
703	 0.160318458879724 
704	 0.159662690189523 
705	 0.158684766498699 
706	 0.157336618050083 
707	 0.156961035323147 
708	 0.156078503812239 
709	 0.154857863706173 
710	 0.153888270166471 
711	 0.15240858534408 
712	 0.150748040567827 
713	 0.148800774910147 
714	 0.145863074095023 
715	 0.142654348776262 
716	 0.13843228170606 
717	 0.133421944378304 
718	 0.131199417536641 
719	 0.129988418790071 
720	 0.129063150236594 
721	 0.12812519568574 
722	 0.126046134003371 
723	 0.123043365457884 
724	 0.120164662158881 
725	 0.118036675607572 
726	 0.115384536236359 
727	 0.1127521569574 
728	 0.11057415976926 
729	 0.107989836570067 
730	 0.105017136087523 
731	 0.102448256852044 
732	 0.100602250402763 
733	 9.93249398582473E-02 
734	 9.76699386348695E-02 
735	 0.095565480143566 
736	 9.41518167765215E-02 
737	 9.33744325947772E-02 
738	 9.29230278981542E-02 
739	 9.25380971602528E-02 
740	 9.22276701500547E-02 
741	 9.21611582732307E-02 
742	 0.092286639342955 
743	 9.24176602326434E-02 
744	 9.22849082187319E-02 
745	 9.19884225738067E-02 
746	 9.18293144935743E-02 
747	 9.23075806348509E-02 
748	 9.24687404210516E-02 
749	 0.092252720676968 
750	 9.19058493608244E-02 
751	 0.091806685057759 
752	 0.091797729815678 
753	 9.18288042552341E-02 
754	 0.091876647339995 
755	 9.16613680900985E-02 
756	 9.14410984031928E-02 
757	 9.13021103381071E-02 
758	 0.090927999419629 
759	 8.97580278424956E-02 
760	 8.74746167727629E-02 
761	 8.66133001100387E-02 
762	 8.71685922225186E-02 
763	 8.77389512638835E-02 
764	 8.87613074841234E-02 
765	 9.05137331246798E-02 
766	 9.10463044870991E-02 
767	 9.15072903349707E-02 
768	 9.21857013517866E-02 
769	 9.27134394989832E-02 
770	 0.093032644451483 
771	 9.32027662720773E-02 
772	 9.34066197578982E-02 
773	 9.40969258893664E-02 
774	 9.46939001409521E-02 
775	 9.49546514447387E-02 
776	 9.49306921212476E-02 
777	 9.53342607466344E-02 
778	 9.57249089629971E-02 
779	 9.59871763589351E-02 
780	 9.64029418469087E-02 
781	 9.66257620658068E-02 
782	 9.70784910130967E-02 
783	 9.78772052007958E-02 
784	 9.80794553506209E-02 
785	 9.85787159234562E-02 
786	 9.91105895719701E-02 
787	 9.91072532986695E-02 
788	 9.90045314010972E-02 
789	 9.94651596025523E-02 
790	 0.10049210919186 
791	 0.101490817356639 
792	 0.102171133174646 
793	 0.102405397136663 
794	 0.102334792071977 
795	 0.102433297043232 
796	 0.103210117727243 
797	 0.104093057656648 
798	 0.104446646302451 
799	 0.104385376911594 
800	 0.104539134618577 
801	 0.10516182500945 
802	 0.106102531665696 
803	 0.106628801791563 
804	 0.106959765587489 
805	 0.107293489428641 
806	 0.107673986170053 
807	 0.107682938571021 
808	 0.106678517083622 
809	 0.104741977143031 
810	 0.104229819272837 
811	 0.104056688173326 
812	 0.10328968345379 
813	 0.101268330924131 
814	 0.1002739670679 
815	 9.87859906977745E-02 
816	 0.097246698879241 
817	 9.76499555125381E-02 
818	 9.87295660181697E-02 
819	 9.91973437452685E-02 
820	 9.85658030134407E-02 
821	 0.096695148193198 
822	 0.093928919465119 
823	 9.16662141189721E-02 
824	 0.090650472225115 
825	 8.99954883043139E-02 
826	 8.75229274279146E-02 
827	 8.43476179842489E-02 
828	 0.082805778436837 
829	 0.080647402559516 
830	 7.86236115456914E-02 
831	 7.67441463698395E-02 
832	 7.47081901895209E-02 
833	 7.39813386001155E-02 
834	 7.37639637736131E-02 
835	 7.32075108460508E-02 
836	 7.17861116809011E-02 
837	 7.16845727014318E-02 
838	 7.21688898214343E-02 
839	 7.20958408977827E-02 
840	 7.07995370472242E-02 
841	 7.00000307717757E-02 
842	 6.98227338684319E-02 
843	 6.97766703425019E-02 
844	 6.95654980721675E-02 
845	 6.92531323449087E-02 
846	 6.91372316725379E-02 
847	 6.94413006863136E-02 
848	 6.84329546720203E-02 
849	 6.72201724647146E-02 
850	 6.66069419712894E-02 
851	 6.64709075566349E-02 
852	 6.63204800627211E-02 
853	 0.066444690199771 
854	 6.66056188195226E-02 
855	 6.51285428380903E-02 
856	 6.49558118485627E-02 
857	 0.065509282424332 
858	 6.54980647336975E-02 
859	 6.48119850837235E-02 
860	 6.42191793158837E-02 
861	 6.36751460940565E-02 
862	 6.28742445307829E-02 
863	 6.26738166021731E-02 
864	 6.32436094460473E-02 
865	 6.35776952348795E-02 
866	 6.20832413162592E-02 
867	 6.16909853955848E-02 
868	 6.17835117435836E-02 
869	 6.16385716850383E-02 
870	 6.11114673249055E-02 
871	 6.06760293463145E-02 
872	 0.06007632998129 
873	 5.93007503586211E-02 
874	 5.92430237044168E-02 
875	 5.90852694999716E-02 
876	 5.84658910204181E-02 
877	 5.74656841684446E-02 
878	 5.71655346601489E-02 
879	 5.63546091842327E-02 
880	 5.54653289122994E-02 
881	 5.54011910065036E-02 
882	 5.47884883133498E-02 
883	 5.43947350102166E-02 
884	 5.44684518419534E-02 
885	 5.46516895460375E-02 
886	 5.38436726091304E-02 
887	 5.31959838520943E-02 
888	 5.30905331382034E-02 
889	 5.27242043704478E-02 
890	 5.23723196957648E-02 
891	 0.051734881105752 
892	 5.07554598803507E-02 
893	 5.01582748276329E-02 
894	 4.97038427497049E-02 
895	 4.85971902117922E-02 
896	 4.68842304248347E-02 
897	 4.85697475622395E-02 
898	 4.99522688758593E-02 
899	 0.050038973632872 
900	 4.93207467330984E-02 
901	 4.80766286526602E-02 
902	 0.045985976608132 
903	 4.43580802809568E-02 
904	 4.45063940749434E-02 
905	 0.045384571412357 
906	 4.44231504948794E-02 
907	 4.23103295849634E-02 
908	 4.21326479547317E-02 
909	 3.97278707174382E-02 
910	 4.02450540929147E-02 
911	 4.26003824453613E-02 
912	 4.02480591939891E-02 
913	 4.05732590485701E-02 
914	 4.07693892826392E-02 
915	 4.02241239634973E-02 
916	 0.041808533908138 
917	 4.15251740054427E-02 
918	 4.15418083978965E-02 
919	 4.15154482882244E-02 
920	 3.76451912791774E-02 
921	 4.06482879464181E-02 
922	 4.31190385579709E-02 
923	 0.039508093290902 
924	 3.60563582860251E-02 
925	 3.46231795025337E-02 
926	 3.74948324608506E-02 
927	 4.32529908077706E-02 
928	 3.47092977366847E-02 
929	 4.11705863442621E-02 
930	 5.34902380409934E-02 
931	 3.52123183602084E-02 
932	 5.01249096583288E-02 
933	 9.15277039678569E-02 
934	 0.087715367655678 
935	 8.15699050723787E-03 
936	 4.14965317505904E-02 
937	 6.77719977727578E-02 
938	 5.79199407471348E-02 
939	 3.10598711737096E-02 
940	 4.46579635865933E-02 
941	 7.93463346842953E-02 
942	 7.86018930147166E-02 
943	-4.82248951733489E-03 
944	-1.18294077767004E-03 
945	 1.13321979081195E-03 
946	-1.76864786744217E-03 
947	 3.21148520129254E-02 
948	 5.13127349454888E-02 
949	 4.41657160853087E-02 
950	 2.87945254849771E-02 
951	 3.27134592250719E-02 
952	 4.88596716322577E-02 
953	 3.95215218724255E-02 
954	 2.03676361980596E-02 
955	 2.96974633858644E-02 
956	 3.23226471197447E-02 
957	 2.77649832118789E-02 
958	 2.91703781449197E-02 
959	 4.79459390216718E-02 
960	 5.22395714798129E-02 
961	 3.71389624210515E-02 
962	 2.92945568008557E-02 
963	 5.35307786997811E-02 
964	 3.22831907915978E-02 
965	 1.93848160487092E-02 
966	 2.74202898083245E-02 
967	 3.54525296923277E-02 
968	 3.18553960999141E-02 
969	 3.01621932797968E-02 
970	 3.30341065494452E-02 
971	 3.30794501621442E-02 
972	 2.86131458331849E-02 
973	 3.09697642115793E-02 
974	 3.71342533204622E-02 
975	 3.22613998416708E-02 
976	 3.78414276646443E-02 
977	 4.04184318169978E-02 
978	 3.48218444476663E-02 
979	 2.73214078647211E-02 
980	 0.032917151130071 
981	 3.71605124803131E-02 
982	 3.66726731749586E-02 
983	 3.75128314644381E-02 
984	 3.87175388052689E-02 
985	 3.57551715922168E-02 
986	 3.35679391273034E-02 
987	 4.07932967817396E-02 
988	 4.26520093945048E-02 
989	 3.72638160765714E-02 
990	 3.11853113795439E-02 
991	 0.033900076115352 
992	 3.59551329018466E-02 
993	 3.71641479606446E-02 
994	 3.80982549226665E-02 
995	 3.90616291524957E-02 
996	 3.79421100715685E-02 
997	 3.84726457290708E-02 
998	 3.92140943770407E-02 
999	 3.62480643556485E-02 
1000	 3.15786680898254E-02 
1001	 3.76466365423613E-02 
1002	 3.89312644904663E-02 
1003	 3.79696993959882E-02 
1004	 0.0355287274342 
1005	 3.49456549997627E-02 
1006	 3.29260479621951E-02 
1007	 0.030869834597447 
1008	 3.36992984565145E-02 
1009	 3.65450634107604E-02 
1010	 3.89251934648822E-02 
1011	 4.07154178374202E-02 
1012	 3.85698493810002E-02 
1013	 3.61972743432382E-02 
1014	 3.59945437073401E-02 
1015	 3.53971708006255E-02 
1016	 3.54616440085471E-02 
1017	 3.89612515831484E-02 
1018	 3.98106771220585E-02 
1019	 3.90582807793433E-02 
1020	 0.03757105240117 
1021	 3.49462477926357E-02 
1022	 3.23837147885238E-02 
1023	 3.20190678826169E-02 
1024	 3.26224379815514E-02 
1025	 3.34174945381635E-02 
1026	 3.43857089372766E-02 
1027	 3.47453682775831E-02 
1028	 3.36387103545829E-02 
1029	 3.25643710381299E-02 
1030	 3.18336809905268E-02 
1031	 3.15256699669904E-02 
1032	 2.85917011785924E-02 
1033	 2.91940654757548E-02 
1034	 3.37768299242467E-02 
1035	 3.56846334832636E-02 
1036	 3.96632706415967E-02 
1037	 0.04022395739088 
1038	 3.72518893043708E-02 
1039	 3.49074174211603E-02 
1040	 3.16009468248984E-02 
1041	 2.96890823325252E-02 
1042	 3.01496666287837E-02 
1043	 3.48400035729169E-02 
1044	 3.36280233566749E-02 
1045	 3.06243183403861E-02 
1046	 2.97225804845677E-02 
1047	 2.57896551463528E-02 
1048	 2.51596931796163E-02 
1049	 2.90499320591925E-02 
1050	 3.01252480502165E-02 
1051	 2.94087148827891E-02 
1052	 3.03157098111321E-02 
1053	 3.33890961821808E-02 
1054	 3.38022616506746E-02 
1055	 3.26940075761836E-02 
1056	 3.26999857014947E-02 
1057	 3.23770102130214E-02 
1058	 3.03302767629303E-02 
1059	 2.90871303290601E-02 
1060	 2.86477966309985E-02 
1061	 2.87284824329474E-02 
1062	 2.73054416879559E-02 
1063	 2.85789918147339E-02 
1064	 3.38894252425952E-02 
1065	 3.57652292831371E-02 
1066	 3.84758719726082E-02 
1067	 0.038234185125665 
1068	 3.35403768886856E-02 
1069	 3.14739534868645E-02 
1070	 2.71522977418984E-02 
1071	 2.60306739854031E-02 
1072	 2.80307491676193E-02 
1073	 3.11475256063933E-02 
1074	 3.17399752637092E-02 
1075	 3.30502486299301E-02 
1076	 3.29928299288383E-02 
1077	 3.05301861760309E-02 
1078	 2.90239547004929E-02 
1079	 2.70370607514546E-02 
1080	 2.69069596156265E-02 
1081	 2.72758098821028E-02 
1082	 2.75783284473796E-02 
1083	 3.09334772736782E-02 
1084	 3.12247263464377E-02 
1085	 2.84251727705073E-02 
1086	 0.027214538197314 
1087	 2.46040298338728E-02 
1088	 2.41113686675689E-02 
1089	 2.58258938751277E-02 
1090	 2.74717898679487E-02 
1091	 2.86955927169437E-02 
1092	 3.10284831084774E-02 
1093	 3.11583106129955E-02 
1094	 3.00525647024186E-02 
1095	 0.02929935718121 
1096	 2.65837568593655E-02 
1097	 2.65144759945706E-02 
1098	 2.81072684866055E-02 
1099	 2.79970208139216E-02 
1100	 2.97174404029381E-02 
1101	 2.95586370992249E-02 
1102	 2.47583950939574E-02 
1103	 2.33102756644135E-02 
1104	 2.34978229461531E-02 
1105	 2.38630390683544E-02 
1106	 2.64568156877218E-02 
1107	 2.89004421878502E-02 
1108	 2.21431306664776E-02 
1109	 1.91551558787623E-02 
1110	 2.00360191656724E-02 
1111	 2.27310798407054E-02 
1112	 2.44018505564979E-02 
1113	 3.43745956920878E-02 
1114	 4.19623955815737E-02 
1115	 4.79730362108325E-02 
1116	 5.07585150064943E-02 
1117	 4.62147606725731E-02 
1118	 5.74140922915111E-02 
1119	 8.42032629418347E-02 
1120	 9.40959490464591E-02 
1121	 0.126795251573303 
1122	 0.158084967200192 
1123	 9.34398688315464E-02 
1124	 1.00742786977066E-02 
1125	-4.80347268897853E-02 
1126	 3.05007123257613E-02 
1127	 0.164098279670987 
1128	 0.111861106157543 
1129	 6.53472073499613E-02 
1130	-2.19554154114072E-03 
1131	-2.28194078123414E-02 
1132	-9.97913509918777E-02 
1133	-7.68556185225091E-02 
1134	 3.28686882105247E-02 
1135	 6.68563562278552E-02 
1136	 0.117519762365628 
1137	 0.110794357103322 
1138	 6.29763096956025E-02 
1139	-1.85789596209929E-03 
1140	 4.52205625400978E-02 
1141	 0.130798487848268 
1142	 0.201273922296423 
1143	 0.239804987835477 
1144	 0.150390319311755 
1145	 1.97626907206967E-02 
1146	-2.59730739828735E-02 
1147	-7.06699201240617E-05 
1148	 6.26060552770486E-03 
1149	 1.80276493743859E-03 
1150	 1.71265605048396E-03 
1151	-2.14735067778452E-02 
1152	-9.28780538951174E-03 
1153	 2.08088750596656E-02 
1154	 3.03469937891086E-02 
1155	 4.16878224435372E-02 
1156	 4.75742491704362E-02 
1157	 0.026144616708704 
1158	 1.91209836519783E-02 
1159	 2.18290240987078E-02 
1160	 0.012085890427648 
1161	 0.019969152350256 
1162	 2.93944348314436E-02 
1163	 2.29524376457118E-02 
1164	 2.45673171984774E-02 
1165	 0.034798855445662 
1166	 3.54510482296479E-02 
1167	 3.07532458157844E-02 
1168	 3.05726984912922E-02 
1169	 2.52704499821287E-02 
1170	 0.020787741740866 
1171	 0.022978560986474 
1172	 0.037579517366802 
1173	 3.87173903038406E-02 
1174	 3.70261230968528E-02 
1175	 3.37640621276095E-02 
1176	 2.70684121158387E-02 
1177	 2.42549680610261E-02 
1178	 2.94443390650704E-02 
1179	 3.59608146909771E-02 
1180	 3.84635536659657E-02 
1181	 3.53381207470306E-02 
1182	 3.10954782618375E-02 
1183	 2.91234166310746E-02 
1184	 3.20739102433022E-02 
1185	 3.48050507292348E-02 
1186	 3.23969293700596E-02 
1187	 2.91366384560654E-02 
1188	 2.57839447067248E-02 
1189	 2.46248887834327E-02 
1190	 2.74773586984075E-02 
1191	 3.15561889014549E-02 
1192	 3.23929163132585E-02 
1193	 0.03139132076425 
1194	 2.93555147322857E-02 
1195	 2.94009796700754E-02 
1196	 2.73870043366012E-02 
1197	 2.63224452273759E-02 
1198	 2.66302039870619E-02 
1199	 2.42864474922839E-02 
1200	 2.63792751592997E-02 
1201	 3.03149825926023E-02 
1202	 3.23367093639426E-02 
1203	 3.54698140441593E-02 
1204	 3.37035018361134E-02 
1205	 3.21621735428057E-02 
1206	 0.034853624016005 
1207	 3.47757174889676E-02 
1208	 3.37761735716348E-02 
1209	 3.30908481363053E-02 
1210	 3.10552219667315E-02 
1211	 3.07153439674254E-02 
1212	 3.14948143417997E-02 
1213	 0.031015191142881 
1214	 0.031151315706133 
1215	 3.11425567730131E-02 
1216	 0.030740635828373 
1217	 3.04753652184468E-02 
1218	 3.15045527105075E-02 
1219	 0.030062381353486 
1220	 2.79785988016476E-02 
1221	 2.97820880445135E-02 
1222	 3.12067333041503E-02 
1223	 3.19789264873562E-02 
1224	 3.33968178398221E-02 
1225	 3.08840549088805E-02 
1226	 2.97991582542116E-02 
1227	 3.26257790270016E-02 
1228	 3.25320139534958E-02 
1229	 3.34808242104348E-02 
1230	 3.59918471055975E-02 
1231	 3.32531596722914E-02 
1232	 3.09312283595616E-02 
1233	 3.24922486213032E-02 
1234	 3.14928604262738E-02 
1235	 3.18992523728216E-02 
1236	 3.69414976890578E-02 
1237	 0.038011243099598 
1238	 3.77918431582285E-02 
1239	 3.37968143694529E-02 
1240	 3.11860206080913E-02 
1241	 3.06554925202253E-02 
1242	 2.90735588153551E-02 
1243	 0.029780732581431 
1244	 3.38193484139269E-02 
1245	 3.31107855234985E-02 
1246	 3.07374996471931E-02 
1247	 3.48843311510125E-02 
1248	 3.78169508109457E-02 
1249	 3.40513157001118E-02 
1250	 3.22065389149463E-02 
1251	 3.39393291664951E-02 
1252	 3.41748488753955E-02 
1253	 3.31998333667681E-02 
1254	 3.31614444431943E-02 
1255	 3.22589944931342E-02 
1256	 3.18368064815102E-02 
1257	 3.16467670712308E-02 
1258	 3.08758405697291E-02 
1259	 2.86636216007507E-02 
1260	 2.71521766363736E-02 
1261	 2.57963896875143E-02 
1262	 2.48194578846744E-02 
1263	 2.55286865913916E-02 
1264	 2.49289089572213E-02 
1265	 2.40313748246265E-02 
1266	 2.11980361105526E-02 
1267	 2.10815924637844E-02 
1268	 2.58793728189471E-02 
1269	 2.95920317084311E-02 
1270	 2.92392809284764E-02 
1271	 2.63596323355272E-02 
1272	 2.53430484331028E-02 
1273	 0.027295281895161 
1274	 0.026461890022474 
1275	 0.024216495053235 
1276	 2.45001883869758E-02 
1277	 2.47303663934202E-02 
1278	 2.46855553719556E-02 
1279	 0.026277177841892 
1280	 2.84219904598006E-02 
1281	 2.95864379418966E-02 
1282	 3.02727039705694E-02 
1283	 3.08445607524177E-02 
1284	 0.030253161476629 
1285	 2.98084966680777E-02 
1286	 2.98527039144291E-02 
1287	 2.94744757463511E-02 
1288	 0.030103941424362 
1289	 2.86782259263121E-02 
1290	 2.44322913092068E-02 
1291	 2.17528808905469E-02 
1292	 0.024717434335378 
1293	 2.63092253837013E-02 
1294	 2.87943623254695E-02 
1295	 2.96730539403707E-02 
1296	 2.81565506438582E-02 
1297	 2.90253929874102E-02 
1298	 3.04723418898636E-02 
1299	 3.12036293640795E-02 
1300	 3.10872201943954E-02 
1301	 3.15053823748925E-02 
1302	 3.38621926946517E-02 
1303	 3.34599570216251E-02 
1304	 3.00516490895212E-02 
1305	 2.78634466183848E-02 
1306	 2.77553150064772E-02 
1307	 3.41853132167875E-02 
1308	 3.49232133910246E-02 
1309	 3.27074023346661E-02 
1310	 3.09736515510182E-02 
1311	 2.41919145000422E-02 
1312	 2.18808937694562E-02 
1313	 2.65542153782871E-02 
1314	 2.46861437897753E-02 
1315	 0.021022899191186 
1316	 1.51240349648407E-02 
1317	-3.19891349204205E-04 
1318	-6.02212405878127E-03 
1319	-5.99808851450226E-03 
1320	-8.27326075537436E-03 
1321	-3.04983466324015E-03 
1322	-3.86726825088134E-03 
1323	-9.11934087040642E-03 
1324	-1.81167886064317E-02 
1325	-2.56691129186479E-02 
1326	-1.44116253049006E-02 
1327	 9.40175428249923E-03 
1328	 2.85951216614581E-02 
1329	 2.84836176901558E-02 
1330	 1.56371544675181E-02 
1331	 1.3196460030643E-03 
1332	-1.45928202894729E-02 
1333	-1.28784766506055E-02 
1334	 1.70873287966544E-02 
1335	 2.43467221771481E-02 
1336	-9.45583654976593E-03 
1337	-2.39348293614245E-02 
1338	-8.79886616547067E-03 
1339	-0.012526331804078 
1340	-5.28139145278264E-02 
1341	-5.18897671800964E-02 
1342	 0.007931886194173 
1343	-1.84179430312119E-02 
1344	-0.128220297405624 
1345	-0.160780122390885 
1346	-0.21319851288508 
1347	-0.296232795323903 
1348	-0.312705084265442 
1349	-0.251421737372268 
1350	-0.190637481092877 
1351	-0.227800104048686 
1352	-2.10142097422802E-02 
1353	 3.77147162145749E-02 
1354	-0.294589480904877 
1355	-1.02706080430542 
1356	-4.31921147947898 
1357	-1.77591676714837 
1358	-8.37819392970986 
1359	 9.50200200816682 
1360	-2.84369253866151 
1361	-0.731543497101112 
1362	-1.01141256271608 
1363	-1.01751516513521 
1364	-1.73916229680873 
1365	-1.42606223627508 
1366	-1.26557355293957 
1367	-4.91237690398147 
1368	-3.07614728325029 
1369	-0.814070038687536 
1370	-0.516261126173647 
1371	-0.415625416344745 
1372	-0.457741252190957 
1373	-4.7132232240656 
1374	-40.8420569007551 
1375	 1.30360337128321 
1376	 4.89901159180394 
1377	 0.255273913504405 
1378	 0.549408774991392 
1379	 2.16279043023128E-02 
1380	 0.13695393963222 
1381	-7.11678883361926E-02 
1382	-0.457193590800117 
1383	 0.224201569697844 
1384	 0.354724325488105 
1385	 0.554072444943965 
1386	 0.53818873142089 
1387	 0.101381199231001 
1388	-1.66554477996813 
1389	-0.805588442679593 
1390	-0.969912812703307 
1391	 2.79953802971909 
1392	 4.29236415318927 
1393	 2.31125151765818 
1394	-5.1879846126618 
1395	 0.14110390868987 
1396	 1.10597794473788 
1397	 0.648234919222935 
1398	-0.645545322252762 
1399	-9.29146130324263 
1400	 2.06950401119388 
1401	 1.87897322931144 
1402	 0.214007908112599 
1403	-0.392306697431889 
1404	-0.589707075579497 
1405	-0.990136797471243 
1406	 1.15063875405946 
1407	 0.163876018764575 
1408	 0.846171169844324 
1409	 0.587255890197971 
1410	 0.106855830716661 
1411	 0.200298284196155 
1412	 0.137796111991187 
1413	-0.345284086575575 
1414	 0.164862341158637 
1415	-3.98078285282034E-02 
1416	-0.787414439273517 
1417	-0.445938423199291 
1418	 0.407027244613466 
1419	 0.18489998754195 
1420	-0.571814875189714 
1421	-1.2138139721766 
1422	-5.09925198703911 
1423	-8.64212991053449 
1424	 1.72487847374481 
1425	 0.453371877415492 
1426	 2.50220239879464 
1427	 1.22954316219784 
1428	-0.135563420158137 
1429	-0.23733000334026 
1430	 0.655903618870346 
1431	 0.307584794208538 
1432	-2.31672522870707 
1433	-2.51758389670143 
1434	-0.807448412434252 
1435	-0.91123387800179 
1436	-4.22928908011887 
1437	-1.07291346092258 
1438	 0.245114045730294 
1439	-6.13563737851197E-02 
1440	 1.77550297871749 
1441	-35.7094728042523 
1442	 1.28293028781252 
1443	 0.792928003992608 
1444	 0.425279292242726 
1445	-5.85338662025438E-02 
1446	-0.276603539447684 
1447	-0.771489355702184 
1448	-0.944669488050695 
1449	-1.01599467082418 
1450	 0.33268725562636 
1451	-7.74483849168794E-03 
1452	 8.99845601137162 
1453	 1.33009696341874 
1454	 1.2896537565066 
1455	 65.7131732676891 
1456	 0.951128167180865 
1457	 0.609658843540415 
1458	 0.478730597324163 
1459	 0.191198989667589 
1460	 0.237461774691025 
1461	 0.328714887094209 
1462	 8.39396282735961E-02 
1463	-2.06978951431654 
1464	-1.15493179257673 
1465	-0.837923316616335 
1466	-4.23894044388147 
1467	-0.852143461130281 
1468	-0.691453854015712 
1469	 5.15565997774662 
1470	 2.79362305083275 
1471	-6.52624622346771 
1472	 0.232997629054116 
1473	-2.0710181438569 
1474	-0.186237368516166 
1475	-0.171409572739617 
1476	-0.11573615982487 
1477	-0.274981259812873 
1478	-0.366372229369671 
1479	-5.02498300330225E-02 
1480	-8.50393171032152 
1481	-51.4727641607524 
1482	 10.2095817186345 
1483	 5.60039270060008 
1484	-9.1375094163831 
1485	 0.49999038547689 
1486	 0.301484689688761 
1487	-0.249763138926865 
1488	-0.101264956445198 
1489	 0.447516049751049 
1490	 0.670995971645723 
1491	 1.2142334656521 
1492	 1.24363769194446 
1493	 0.528477272777534 
1494	 0.301740701209972 
1495	 0.161583701769213 
1496	-1.22259221839342E-02 
1497	-0.162565230934778 
1498	-0.172013538102403 
1499	-0.115830357527916 
1500	-9.33547386073441E-02 
1501	-1.03225824948946E-02 
1502	 2.77412013054697E-02 
1503	 7.27561019526626E-03 
1504	 1.44330686056722E-02 
1505	 7.35476349812387E-02 
1506	 4.31373631228897E-02 
1507	 3.09235998647106E-02 
1508	 6.77632592193113E-02 
1509	 8.20403900115005E-02 
1510	 7.22974772600619E-02 
1511	 6.16272382690432E-02 
1512	 0.040791786594068 
1513	-2.30352144884065E-03 
1514	 2.91790864370406E-02 
1515	 0.100369693916861 
1516	 6.39664738187304E-02 
1517	 1.60405668382794E-02 
1518	 5.77222754228367E-02 
1519	 6.23750933755892E-02 
1520	 0.022166377511214 
1521	 4.66353805733559E-02 
1522	 7.10832865808619E-02 
1523	 1.18436379539211E-02 
1524	-9.31781213710235E-03 
1525	 3.62609414287982E-02 
1526	 2.37487717925756E-02 
1527	-5.14484441192246E-03 
1528	 3.82090581172102E-02 
1529	 0.103656302246819 
1530	 0.118384429599433 
1531	 9.99576228686868E-02 
1532	 0.101414291159656 
1533	 7.04400719907382E-02 
1534	 1.67075554639674E-03 
1535	-1.17774620410335E-02 
1536	 9.2215827191647E-03 
1537	 1.89624289570605E-02 
1538	 5.98585544900543E-02 
1539	 0.110487589461342 
1540	 0.119658661991677 
1541	 9.35889598859949E-02 
1542	 6.23074034208368E-02 
1543	 5.78243888635589E-02 
1544	 6.24801965636164E-02 
1545	 4.55642512194989E-02 
1546	 2.64572260011685E-02 
1547	 1.26634687193199E-02 
1548	 5.29961577494849E-03 
1549	 1.39421142359684E-02 
1550	 1.49441914492551E-02 
1551	 6.94079284510389E-04 
1552	-1.79298165272358E-02 
1553	-3.58171221590993E-02 
1554	-4.47636701055627E-02 
1555	-3.06233358348099E-02 
1556	-4.88065079495816E-03 
1557	 3.14518012417664E-02 
1558	 6.27372029980428E-02 
1559	 5.49927119786624E-02 
1560	 4.27151547794019E-02 
1561	 4.31951163462235E-02 
1562	 4.34995521740099E-02 
1563	 4.73085954733141E-02 
1564	 0.050301351017123 
1565	 4.72220156292544E-02 
1566	 0.037270834307853 
1567	 4.17102861216894E-02 
1568	 3.89738942148821E-02 
1569	 3.96744119863325E-02 
1570	 5.40586991292019E-02 
1571	 3.75209307546366E-02 
1572	 0.025394171459308 
1573	 1.91683487163634E-02 
1574	-1.53826614046132E-02 
1575	-2.80155193353082E-02 
1576	-8.16553511512955E-03 
1577	 8.48625324336846E-04 
1578	 1.22973703827793E-02 
1579	 8.38480798081859E-03 
1580	-1.36077082776609E-02 
1581	-9.92648939771096E-03 
1582	-7.71765706539845E-05 
1583	 1.62024181957258E-02 
1584	 2.53576064677124E-02 
1585	 1.10559911590173E-02 
1586	 1.11496144047591E-02 
1587	 0.019323804891393 
1588	 2.23506047235848E-02 
1589	 3.49344999964961E-02 
1590	 0.039914756764248 
1591	 2.45647499193341E-02 
1592	 2.66327672562199E-02 
1593	 0.039224753219432 
1594	 3.85547120260192E-02 
1595	 4.80825877543503E-02 
1596	 5.77673193127547E-02 
1597	 3.82067062088696E-02 
1598	 1.91191122223602E-02 
1599	 2.41523533273441E-02 
1600	 8.96723289092081E-03 
1601	-2.30138045203992E-03 
1602	 2.36404153769521E-02 
1603	 3.38823368400945E-02 
1604	 2.14677986675326E-02 
1605	 0.027241120713588 
1606	 4.06958065664999E-02 
1607	 3.51857951426118E-02 
1608	 3.73236197368312E-02 
1609	 4.33236202656473E-02 
1610	 0.041900970795889 
1611	 5.84166391051111E-02 
1612	 7.03027627693025E-02 
1613	 5.35462543680409E-02 
1614	 3.73152069236571E-02 
1615	 2.48615980705875E-02 
1616	 1.60029000932566E-02 
1617	 3.40103369747297E-02 
1618	 4.52740250162925E-02 
1619	 4.61074362078107E-02 
1620	 5.46687058629377E-02 
1621	 6.16498012687712E-02 
1622	 7.13899964229344E-02 
1623	 5.97540231081923E-02 
1624	 4.06054568368097E-02 
1625	 4.91426705539678E-02 
1626	 0.051253033676069 
1627	 4.09819040102387E-02 
1628	 3.18817286937565E-02 
1629	 1.70162202372098E-02 
1630	 1.86051515363475E-02 
1631	 3.55667904418799E-02 
1632	 3.17842167881089E-02 
1633	 0.018623544164739 
1634	 1.19721315197109E-02 
1635	 0.011790746027174 
1636	 2.05069283244063E-02 
1637	 2.76684545688577E-02 
1638	 2.64962077825993E-02 
1639	 2.09257217100687E-02 
1640	 3.01871697261636E-02 
1641	 4.45705157629137E-02 
1642	 4.21388959339701E-02 
1643	 2.54151666800671E-02 
1644	 1.90453219438919E-02 
1645	 4.22373166764871E-02 
1646	 5.44595737545943E-02 
1647	 5.55127951787098E-02 
1648	 0.067202301219558 
1649	 5.29197186389131E-02 
1650	 3.12156542433107E-02 
1651	 3.41643517586686E-02 
1652	 3.39012895569912E-02 
1653	 5.43122956413688E-02 
1654	 5.18517928202529E-02 
1655	 3.26370069475411E-02 
1656	 2.55239125813632E-02 
1657	 7.50545435247534E-03 
1658	 4.30152164106446E-03 
1659	 1.79540607828413E-02 
1660	 2.61413843891117E-02 
1661	 3.47218858286906E-02 
1662	 3.58138058819826E-02 
1663	 4.34279720771056E-02 
1664	 4.51775929930098E-02 
1665	 3.25512316682486E-02 
1666	 2.79726538180429E-02 
1667	 0.026149923110297 
1668	 3.00147805552931E-02 
1669	 3.59063109656362E-02 
1670	 4.40963421427859E-02 
1671	 4.02331603989181E-02 
1672	 3.40223792316719E-02 
1673	 3.45217089261465E-02 
1674	 3.73198585425773E-02 
1675	 3.39699812778947E-02 
1676	 4.04830953717314E-02 
1677	 4.47388024000364E-02 
1678	 3.81963551528148E-02 
1679	 4.43432263115622E-02 
1680	 4.50717071146588E-02 
1681	 4.36981033012618E-02 
1682	 4.18638510896879E-02 
1683	 3.70975971044971E-02 
1684	 4.95093112781728E-02 
1685	 5.61436162384673E-02 
1686	 5.15053069790688E-02 
1687	 4.58405539694541E-02 
1688	 3.56667014327216E-02 
1689	 3.16686589288591E-02 
1690	 4.18341736798258E-02 
1691	 5.47541041542176E-02 
1692	 5.05822302180325E-02 
1693	 4.65166325769043E-02 
1694	 5.39270254546521E-02 
1695	 5.75840683042585E-02 
1696	 4.71623289843457E-02 
1697	 2.87647651982631E-02 
1698	 2.46101746063631E-02 
1699	 3.40622542591086E-02 
1700	 4.77761484955063E-02 
1701	 5.84372516288166E-02 
1702	 5.14039532089502E-02 
1703	 2.62159921872611E-02 
1704	 1.23851535393538E-02 
1705	 2.59683727165518E-02 
1706	 2.83855736010647E-02 
1707	 2.46351084194044E-02 
1708	 3.62078734447798E-02 
1709	 3.83480436989048E-02 
1710	 2.08376073762175E-02 
1711	 7.30947479849039E-03 
1712	 1.72714728235967E-02 
1713	 8.25368312849261E-03 
1714	 1.85827667466912E-02 
1715	 6.40677083500627E-02 
1716	 0.047160866603305 
1717	 3.77784542627426E-02 
1718	 5.90181894821944E-02 
1719	 4.05853270297113E-02 
1720	 2.39462975129049E-02 
1721	 5.44111355441079E-02 
1722	 5.39399737517645E-02 
1723	 4.07717622388928E-02 
1724	 0.04349035079818 
1725	 0.038436641762656 
1726	 5.06723730828021E-02 
1727	 6.21488103405472E-02 
1728	 5.93110237642883E-02 
1729	 6.54733618096941E-02 
1730	 3.99675514883926E-02 
1731	 1.91480614047684E-02 
1732	 3.09159199307884E-02 
1733	 7.84296441058129E-03 
1734	-2.46488010076197E-03 
1735	 8.26444259741999E-03 
1736	-6.59210042720241E-03 
1737	 1.33958845608129E-03 
1738	 1.05925817585336E-02 
1739	 1.71734702301013E-02 
1740	 3.34542173103547E-02 
1741	 1.88704303113145E-02 
1742	 2.81514374229941E-02 
1743	 3.99726476119278E-02 
1744	 6.2360854159024E-03 
1745	 0.025893444939041 
1746	 5.40623482889812E-02 
1747	 5.06990694319481E-02 
1748	 8.99502637108055E-02 
1749	 0.101873944739325 
1750	 4.50876061801429E-02 
1751	 3.05761872980083E-02 
1752	 0.036565280642967 
1753	 3.30578930052243E-02 
1754	 5.71575592052158E-02 
1755	 5.40471515265995E-02 
1756	 1.76766677027579E-02 
1757	-1.80674367181606E-02 
1758	-3.99230863940305E-02 
1759	-2.87424720007387E-02 
1760	 1.08501585195698E-02 
1761	 1.58176648825515E-02 
1762	 4.86242366791267E-04 
1763	-5.82948057633743E-03 
1764	-1.23131769222316E-02 
1765	-1.87705397492605E-02 
1766	-5.07972837534904E-02 
1767	-8.13301582416871E-02 
1768	-5.47135447582452E-02 
1769	-5.44461147651085E-02 
1770	-4.41300404658285E-02 
1771	 1.06680251029359E-02 
1772	-3.63312631408243E-02 
1773	-4.17695320143538E-02 
1774	 7.16799867413011E-02 
1775	-1.85173281098331E-02 
1776	-5.86646818957843E-02 
1777	-0.114247368376365 
1778	-0.115019828267542 
1779	-2.29850386872318E-02 
1780	-1.7365788153345E-03 
1781	 1.41059516445739E-02 
1782	-3.49419737038457E-02 
1783	-0.201931634442758 
1784	-0.219377137063887 
1785	-0.220611870887135 
1786	-0.185496542289765 
1787	 2.99990382974185E-02 
1788	 7.80592762544718E-02 
1789	 5.11825353014179E-02 
1790	 0.157068307191969 
1791	 3.03444402239843E-02 
1792	-9.30378633352425E-02 
1793	-0.220852604180705 
1794	-0.400099810882412 
1795	-0.590894226028401 
1796	-0.937356420569519 
1797	-1.04478836629234 
1798	-1.0370557418937 
1799	-4.90723091413467 
1800	 6.28530732112926E-02 
1801	 0.321199761515498 
1802	-7.44153025991275E-02 
1803	-5.7310492629306E-03 
1804	 1.22910936795244 
1805	 2.87297373178164 
1806	 12.3814058894748 
1807	 113.650336530069 
1808	-0.649600469285151 
1809	-1.85608549048276 
1810	 2.0363099616914 
1811	 1.52401424255189 
1812	 0.578701835183142 
1813	 0.281208529809014 
1814	 0.75215684701274 
1815	 0.519112258923316 
1816	 0.17324084105411 
1817	-0.498197210558486 
1818	-0.595598239598974 
1819	-1.68526015560863 
1820	 11.4177635169401 
1821	-2.29797171306377 
1822	-2.07415640913802 
1823	-1.14234042368137 
1824	-1.35913000026059 
1825	 0.222017672674489 
1826	 2.43088924449649E-02 
1827	 0.484439572085106 
1828	-7.52569443011172E-02 
1829	 0.876239360076605 
1830	 0.804375995391481 
1831	-1.23887311590422 
1832	-5.96853091707891 
1833	 5.54857487506079 
1834	 6.09797120535397 
1835	 12.6470888790029 
1836	 114.934307054556 
1837	-1.2122692992003 
1838	-0.755393727304374 
1839	-1.0056920689893 
1840	 26.1641900509003 
1841	 3.01045856885469 
1842	 1.76692177845031 
1843	 1.48829717686902 
1844	 3.8709314353414 
1845	 4.09737627826574 
1846	 0.814255637297498 
1847	 0.692964695064542 
1848	 2.31810396976403 
1849	-5.19696906847877 
1850	-1.15894650847275 
1851	 5.76851554318582 
1852	-1.18295250768908 
1853	 0.804093245649766 
1854	 0.771119653449693 
1855	 0.829707796154745 
1856	 0.64763288721483 
1857	 1.53373864107339E-02 
1858	-5.93381006199539E-02 
1859	 1.59848677212531E-02 
1860	 0.276737128246239 
1861	 0.747176949990689 
1862	 1.56641577843723 
1863	 1.17872299518777 
1864	 1.34174636726937 
1865	 1.41544387075574 
1866	 1.0670042093128 
1867	 1.24415046772037 
1868	 4.71782342300378 
1869	-6.15695824133418 
1870	-1.3785484988285 
1871	-1.69572177947398 
1872	-1.47051932570144 
1873	-1.31946520018955 
1874	 2.00479945657714 
1875	 1.3745020707043 
1876	 0.989519578554242 
1877	 0.522068717799162 
1878	 0.771280559082994 
1879	 1.87057744530051 
1880	 2.16691083999835 
1881	 2.72785563786877 
1882	 3.93900691286501 
1883	 6.3225725136581 
1884	-3.28055120065288 
1885	-2.50153306000647 
1886	-2.9610225221406 
1887	 0.836240293719484 
1888	-0.195364581985716 
1889	-0.185087359168992 
1890	 3.87125766590632E-02 
1891	 0.115337418690241 
1892	 0.589738144797747 
1893	 1.84558056690471 
1894	 2.70618640468046 
1895	-2.40958821370217 
1896	-0.495529542852892 
1897	-0.39772186427218 
1898	-0.783587851675538 
1899	-1.11797255070767 
1900	-1.53897795263763 
1901	-3.735656681921 
1902	-5.01508702559848 
1903	-4.15289301327467 
1904	-3.16704604703618 
1905	-2.12612117605025 
1906	 1.16423688637341 
1907	 1.59577126721592E-03 
1908	 0.265789637840249 
1909	 0.351565010302519 
1910	 1.40378804523407 
1911	 4.62027912930096 
1912	-5.1154214643476 
1913	-2.12929242769059 
1914	-1.62197555883362 
1915	-1.11911248832849 
1916	-0.132600988722088 
1917	-0.166414158768424 
1918	 3.34004824551124 
1919	 9.97212810154955 
1920	 7.59701418504199 
1921	-5.73976169171991 
1922	-0.987149647513636 
1923	-0.966831224077099 
1924	-0.198701698583538 
1925	 0.290689504936086 
1926	 0.466220287626576 
1927	 0.404870239282024 
1928	 0.195058912035751 
1929	-0.28385070949156 
1930	-2.21409004895948 
1931	-1.27314042828022 
1932	-1.51345672442974 
1933	-1.70659969552136 
1934	-1.80457409037112 
1935	 7.57010281589314 
1936	 1.62464048499949 
1937	 1.25047492313041 
1938	 1.78398084561049 
1939	 1.66030642092365 
1940	 1.89590505284321 
1941	 0.723790259771247 
1942	 0.409388484363787 
1943	-0.270783538794284 
1944	-3.72969170803537E-02 
1945	 1.46254415813825 
1946	 1.9041968866426 
1947	 1.66033732226239 
1948	 1.78278179552928 
1949	 1.13759587221479 
1950	 1.18738890138095 
1951	-2.07471289337207 
1952	-0.770179756169902 
1953	 2.08755744326796E-02 
1954	-0.225750612080872 
1955	-0.727958948684386 
1956	-0.680847810811986 
1957	-0.678213048450346 
1958	-0.918946614196652 
1959	 2.51645282994612 
1960	 1.85652163283123 
1961	 0.984448315807841 
1962	 0.678661372740492 
1963	 0.366957257159509 
1964	-0.573925772414313 
1965	 0.416831754846284 
1966	 1.46986567299998 
1967	 18.3186474245791 
1968	-5.12290670061313 
1969	-2.12787595327053 
1970	 0.522455307235286 
1971	-4.62008001118597 
1972	-3.21692261797873 
1973	-1.42459634198791 
1974	-1.34095559068806 
1975	-1.28876404699025 
1976	-0.553995996320036 
1977	-2.47659339727523 
1978	-0.613533889374244 
1979	-0.10364701231892 
1980	-0.482796865662348 
1981	 2.21118714503516 
1982	 2.34024264652311 
1983	 2.09380770554669 
1984	 2.93010355754473 
1985	 1.80211911399799 
1986	 1.21880559377782 
1987	 0.512705875123643 
1988	 0.434447281209899 
1989	 0.461425846144047 
1990	 0.422412830100155 
1991	 0.650337119221212 
1992	 0.524833913636804 
1993	 0.347855486290172 
1994	 0.347998835266925 
1995	 0.439085447605495 
1996	 0.380663456397833 
1997	-32.7093206465487 
1998	-1.85434689224112 
1999	-1.31232706729083 
2000	-0.903886037006252 
2001	-1.09735259394194 
2002	-0.530369359849122 
2003	-4.78862794628782E-03 
2004	-1.23382671209965 
2005	-21.5555455176855 
2006	 61.8058388813451 
2007	 3.01036249269833 
2008	-3.57963598626463 
2009	 4.85272566033054 
2010	 1.65205857478202 
2011	 2.1692414404576 
2012	 0.984290389089311 
2013	-3.29642956667447E-02 
2014	 0.150960000444743 
2015	 0.562417454769562 
2016	 0.484962086883125 
2017	 0.589447163073292 
2018	 0.459509328169438 
2019	 0.189165211001135 
2020	 2.38318463276039 
2021	-2.5712256960922 
2022	 9.32170258309662 
2023	 1.32838079783223 
2024	 1.07228423610162 
2025	 0.581253145183205 
2026	 0.860978465912194 
2027	 4.06062599329612 
2028	-2.45414310043164 
2029	-1.41467334268729 
2030	-2.1963214368303 
2031	-157.262689128428 
2032	 1.64164291259978 
2033	 0.571860888883523 
2034	 0.306302911013509 
2035	 0.254098897326706 
2036	-0.412272519788627 
2037	-5.52872260063617E-02 
2038	 0.336545788669017 
2039	 0.408435846645143 
2040	 0.132683182884377 
2041	 0.110539797638268 
2042	 0.556168096205651 
2043	 0.285633525201454 
2044	-3.58859094684618E-02 
2045	-0.20977646644013 
2046	-0.53354701550285 
2047	-1.05124787083276 
2048	-1.45592678264329 
2049	 0.283798002561684 
2050	-0.385073094738983 
2051	 3.99613593554058 
2052	-0.266448151103 
2053	-0.587998093455658 
2054	-0.350631872427777 
2055	 0.16301503712196 
2056	 0.387327057547288 
2057	 1.49500048489453 
2058	 1.59016891759059 
2059	 0.498853519185904 
2060	 0.142797650879483 
2061	-0.41026409985777 
2062	-0.271201180136546 
2063	-0.800703826123949 
2064	-1.79184031314607E-03 
2065	 0.886203506834408 
2066	 0.728202832065208 
2067	 0.794015595095919 
2068	 0.789376843657798 
2069	 0.32437049100001 
2070	-0.231182370127446 
2071	-0.345734856479703 
2072	-0.591579712135229 
2073	-0.788722177730419 
2074	-1.41230746675416 
2075	-0.997901768707106 
2076	-0.261782534398872 
2077	 0.115821193736887 
2078	 0.198087261625561 
2079	 0.213596357948003 
2080	 0.327863697941524 
2081	 9.79399730380724E-02 
2082	-2.27820263605139 
2083	-36.6159111241204 
2084	-1.38460201849122 
2085	-0.683242599475616 
2086	-0.354554409954314 
2087	 4.54369672854376E-02 
2088	 0.878097036978075 
2089	-19.5000851427091 
2090	-1.33752767338759 
2091	-0.664763824818854 
2092	-0.904244473794027 
2093	 0.761081234522282 
2094	 0.501231129775854 
2095	 1.11139188452035 
2096	 1.32084299019618 
2097	 1.4809608466956 
2098	 1.61789892527874 
2099	 2.72160308148398 
2100	 7.69544528227074 
2101	 2.88775178525057 
2102	 1.52858368242016 
2103	 0.410886961063859 
2104	 9.49515534962429E-02 
2105	-1.40521062445956E-02 
2106	-0.101079588312297 
2107	-1.61895992802174E-02 
2108	 0.106368355046231 
2109	 0.4040471403664 
2110	 0.432147498324626 
2111	 0.420913951200232 
2112	 0.609247699438537 
2113	 0.602640772798678 
2114	 0.624637169888541 
2115	 0.625245438223224 
2116	 0.548722506404446 
2117	 0.426403370546581 
2118	 0.223736715708753 
2119	 6.14667249820885E-02 
2120	-0.272173590106513 
2121	-0.244275906361358 
2122	-0.133990024836398 
2123	 7.6830088057367E-03 
2124	 0.374941071527244 
2125	 0.598455555085971 
2126	 0.49823503491286 
2127	 0.447845953187262 
2128	 0.3203915763003 
2129	 5.72874211991455E-02 
2130	 5.77295801815508E-02 
2131	 0.108239587169823 
2132	 7.46318513892896E-02 
2133	 0.13927552620396 
2134	 0.232490016753344 
2135	 0.316043088722857 
2136	 0.36098239195466 
2137	 0.553536643853741 
2138	 0.572015559397724 
2139	 0.447335495465939 
2140	 0.391179954443243 
2141	 0.158155634018144 
2142	 0.156377393003526 
2143	 0.365890125968767 
2144	 0.430029061323007 
2145	 0.596768766302669 
2146	 0.667776936770047 
2147	 0.312303548633943 
2148	 0.16069603175887 
2149	 0.167938026881598 
2150	 0.143822604070921 
2151	 0.141466589613372 
2152	 0.273855567712842 
2153	 0.506507686338576 
2154	 0.645881805037533 
2155	 0.712008155417159 
2156	 0.7203054713704 
2157	 0.616826207299635 
2158	 0.162802154054607 
2159	 0.088999762165984 
2160	 0.251323054028808 
2161	 0.201826459896792 
2162	 9.96304430170314E-02 
2163	 4.18164417868681E-02 
2164	-9.06854103966232E-02 
2165	-0.102568664891565 
2166	 2.60459399402128E-02 
2167	 3.22287335045229E-02 
2168	-1.78514188050315E-02 
2169	-2.32689792084461E-02 
2170	-2.23337268710638E-02 
2171	-8.76737898122552E-02 
2172	-0.108944964770975 
2173	-9.53689403316137E-02 
2174	-4.90303339954434E-03 
2175	 0.116253300181171 
2176	 0.177977048551988 
2177	 0.243575828414539 
2178	 0.26682284236141 
2179	 0.235215748523085 
2180	 0.315795946527568 
2181	 0.409748829980241 
2182	 0.184871468621226 
2183	-1.36520865152983E-02 
2184	-2.78767899987599E-02 
2185	-7.82350290746876E-02 
2186	-0.155871067982642 
2187	-0.247596753925279 
2188	-0.209480756525595 
2189	-0.172103827457787 
2190	-0.137735803415863 
2191	 8.46308598140585E-02 
2192	 0.132099935105383 
2193	-1.50709492316192E-02 
2194	 5.82509696747583E-03 
2195	 7.28614463508422E-02 
2196	 0.151745418525368 
2197	 0.409871262666637 
2198	 0.517920010735587 
2199	 0.540326798071733 
2200	 0.59967721007998 
2201	 0.489436675156269 
2202	 0.181022231904321 
2203	 0.015959436204284 
2204	-5.69726807529891E-02 
2205	-0.127114437822733 
2206	-6.03245627544663E-02 
2207	 3.99551602310772E-03 
2208	 4.44993104007281E-02 
2209	 0.133307369324312 
2210	 0.173367636144235 
2211	 0.182165398898671 
2212	 0.213549783397635 
2213	 0.206426553668257 
2214	 0.141831853006248 
2215	 0.131895881659869 
2216	 5.84430834920969E-02 
2217	 3.40960187150659E-02 
2218	 6.33486521516148E-03 
2219	 3.14970737778627E-02 
2220	 0.108157363740907 
2221	 0.171932051015784 
2222	 0.239998919362549 
2223	 0.278242286629848 
2224	 0.342505788365429 
2225	 0.367396782993822 
2226	 0.324586782086012 
2227	 0.331001639066742 
2228	 0.375954635457653 
2229	 0.334511884882681 
2230	 0.281810869554105 
2231	 0.195486486317351 
2232	-6.87998726764939E-02 
2233	-0.151107302637658 
2234	-0.214604866776229 
2235	-9.82988721055812E-02 
2236	 0.134319913819308 
2237	 0.255494852605021 
2238	 0.201839237803796 
2239	 0.057212555676164 
2240	-5.26002307290159E-02 
2241	-0.108769414546978 
2242	 5.20325619173582E-02 
2243	 0.218123427256602 
2244	 0.326934871659717 
2245	 0.343866183178271 
2246	 0.233753465104344 
2247	 0.144754601396152 
2248	 0.107698631669906 
2249	 0.12360400609909 
2250	 0.261039749558021 
2251	 0.48620415808204 
2252	 0.613111330441249 
2253	 0.636797511198385 
2254	 0.593147259891271 
2255	 0.28318310492376 
2256	 2.97474182377654E-02 
2257	-3.12009387750542E-02 
2258	-9.19947144664552E-02 
2259	-0.236386587732511 
2260	-0.30002597137211 
2261	-0.384016183643754 
2262	-0.422209003530946 
2263	-0.371046503056037 
2264	-0.344214827797939 
2265	-0.290424401955906 
2266	-0.323915593229085 
2267	-0.661183742925146 
2268	-0.621441319051084 
2269	-0.274273892659662 
2270	-0.127931389824541 
2271	-1.00587483163555E-02 
2272	 5.03358888386534E-02 
2273	-2.60078378730286E-02 
2274	 3.28377083032157E-02 
2275	 0.425579425530781 
2276	 0.529266305683293 
2277	 0.330079549691222 
2278	 0.340520536275162 
2279	 0.288896552377806 
2280	 0.220018712563061 
2281	 0.252885999717044 
2282	 0.321658517143886 
2283	 0.179842648458705 
2284	 0.226652485600149 
2285	 0.449439005708658 
2286	 0.804238605641608 
2287	-2.42841895985093 
2288	 644.548041046321 
2289	 1.66555445247447 
2290	 2.11358720421367 
2291	 1.82852244122109 
2292	 2.26993358350953 
2293	 8.4054626061237 
2294	 28.5355411066383 
2295	 40.5318336792083 
2296	 3.91590529236141 
2297	 1.19085603866938 
2298	 0.266283944686237 
2299	-0.276190292418935 
2300	-0.373315301349614 
2301	-0.191861789625595 
2302	 0.206148340945355 
2303	 0.92390336590165 
2304	 0.986805648959624 
2305	 9.35318254178084E-02 
2306	-0.393440592838012 
2307	-0.610862963802819 
2308	-0.525027225030005 
2309	-0.216778561573176 
2310	 0.330586841574341 
2311	 0.604014388542673 
2312	 0.761008098870176 
2313	 0.796146719623371 
2314	 0.329521671961377 
2315	 0.122235230597603 
2316	-0.121184887776435 
2317	-1.31584830552608 
2318	-1.22237742927218 
2319	-9.11800168142969E-02 
2320	 1.153973573513 
2321	 2.52932766991101 
2322	 4.35121357715175 
2323	 4.76177693127579 
2324	 1.8726969664681 
2325	 0.989876657371837 
2326	 0.845549342903808 
2327	 0.765002874385535 
2328	 0.687533133476284 
2329	 0.69387337467719 
2330	 0.48946890349592 
2331	 0.241158101970335 
2332	 0.04506526600312 
2333	-0.33922061133662 
2334	-0.33177262478868 
2335	 0.236550280468173 
2336	 1.22573657119232 
2337	 2.27938406607036 
2338	 1.57441230631059 
2339	 0.592691035161812 
2340	 0.557972596205689 
2341	 0.404677930117722 
2342	 7.10074196251536E-02 
2343	 0.812491564771055 
2344	 2.93470448007811 
2345	 10.9798464491718 
2346	-1.74124069336033 
2347	-1.04155608749485 
2348	 4.54256933093826E-02 
2349	-0.204566977709596 
2350	 2.20914347377019 
2351	 3.20549370019906 
2352	-3.05150292992337 
2353	-0.751133269875419 
2354	 0.169342818745386 
2355	 0.569121126150802 
2356	 1.03673847760289 
2357	-4.38486582267759 
2358	 1.55812247478565 
2359	 2.20564947888282 
2360	 1.52194986614349 
2361	-6.55968610665442 
2362	-0.142079072942054 
2363	 4.53046621924403E-02 
2364	 0.14958391718257 
2365	 0.248941323333715 
2366	-0.55526702131284 
2367	 29.0767773886918 
2368	-0.237059615853135 
2369	-0.668203679581882 
2370	-0.538907032134411 
2371	-0.467017363159985 
2372	-0.449207730196404 
2373	-0.184516482774561 
2374	 0.257897733214672 
2375	 5.99269915920206E-02 
2376	 1.42431965968288 
2377	 1.80250795327195 
2378	-0.361659809927124 
2379	-0.487269329868482 
2380	-0.945874810753931 
2381	-1.29862041006047 
2382	-6.11221605148931 
2383	 11.2327492306775 
2384	 3.40338751657234 
2385	 2.10833695465416 
2386	 6.97889559238709 
2387	 3.97290066565951 
2388	 4.65864116408718 
2389	-1.31052898021714 
2390	-1.06887647637769 
2391	 0.372539494063573 
2392	 0.762919011496326 
2393	-2.64996788168471 
2394	-2.1410041877003 
2395	-2.80494481193974 
2396	 1.31701307536524 
2397	 2.61291917909108E-02 
2398	-0.892045030845853 
2399	-2.37323726071115 
2400	-1.96027735699319 
2401	 0.246474793870339 
2402	 0.181594537291602 
2403	 0.908518236036433 
2404	 0.913801862751826 
2405	-0.288668091452489 
2406	 2.93841227684964E-02 
2407	-1.47804249831779 
2408	 5.23471844743021 
2409	-1.37868890564978 
2410	-0.776880156343824 
2411	-0.670748953097316 
2412	-0.580677502934283 
2413	-0.423617194969959 
2414	-0.322060430354991 
2415	-0.417344374015293 
2416	-0.397569809945396 
2417	-0.858240055659098 
2418	-2.60246291783512 
2419	-5.56899248211784 
2420	-5.85346179031324 
2421	 1.91338463155837 
2422	 0.800509479248763 
2423	 0.167661786479 
2424	 0.389901634094586 
2425	 1.13999213764319 
2426	 0.761765344713926 
2427	 0.585388860811214 
2428	-7.38308486768813E-02 
2429	 0.13583618171161 
2430	 5.39520354705577E-02 
2431	-0.27198358181331 
2432	-0.211906206053512 
2433	 0.125259875130797 
2434	 0.720829928783715 
2435	 0.398547901948681 
2436	 68.4752137142447 
2437	 0.24740057549515 
2438	-0.167965352524188 
2439	-0.233151850857777 
2440	-1.1756118629949 
2441	-2.71094254978772 
2442	 9.71053748296862 
2443	 1.58181729513993 
2444	-2.56241521995624 
2445	-0.177961246086968 
2446	 0.275368306823985 
2447	 0.694113842339266 
2448	 0.935074411920296 
2449	 2.85117184329199 
2450	 7.176944729453 
2451	-1.71535925482738 
2452	 2.28888024229468 
2453	 0.97586200287209 
2454	 0.913998943592207 
2455	 0.749854342717411 
2456	 8.30808320075877 
2457	-1.21034761510289 
2458	-0.801535482222861 
2459	-0.711931135560667 
2460	-1.20334097177414 
2461	 0.790089226456875 
2462	-11.2966679349258 
2463	-10.8111238888544 
2464	 1.35723155135804 
2465	-33.8698120211271 
2466	-5.38629651313293 
2467	-10.6039644665644 
2468	-2.54038795742642 
2469	-0.771378261064716 
2470	-0.731028705492758 
2471	-8.51969588038844E-02 
2472	 1.9489068239218 
2473	-2.21918230292577 
2474	-1.42228186882954 
2475	-1.60423459283433 
2476	-1.56241155004426 
2477	-0.590409465773482 
2478	-0.797035594045738 
2479	-1.34787770131673 
2480	-1.62227801148129 
2481	-4.18264427425783 
2482	-1.94446934086018 
2483	-1.34348944160518 
2484	-0.981360170631964 
2485	-0.497314332536839 
2486	-0.548454730620659 
2487	-0.228517223510859 
2488	 7.32325326123717E-02 
2489	 0.645412475232264 
2490	-1.12744968821316E-02 
2491	 0.334121861829944 
2492	 0.407087641396723 
2493	-0.138325671548167 
2494	-1.04471913152937 
2495	-14.2171041367383 
2496	 1.47537950434378 
2497	 2.27708965722699 
2498	 4.86686009814947 
2499	 4.0652242020665 
2500	 9.46396777372322 
