Wavelength	rt0712west_close200000.asd
350	 7.45005895996928E-02 
351	 7.30474193812983E-02 
352	 7.42350413664072E-02 
353	 7.53045096951312E-02 
354	 7.47153895843496E-02 
355	 7.55130392885156E-02 
356	 0.076411546050339 
357	 7.56114986263021E-02 
358	 7.28272225079577E-02 
359	 7.48562693496939E-02 
360	 7.48813003319025E-02 
361	 0.073464125243212 
362	 7.57398154822852E-02 
363	 7.55129951995061E-02 
364	 7.53702363816893E-02 
365	 7.63041943514586E-02 
366	 7.52271776854912E-02 
367	 7.57191887431348E-02 
368	 7.60439391545673E-02 
369	 7.47308707383001E-02 
370	 7.65810209558708E-02 
371	 7.66167864550852E-02 
372	 0.075350680492336 
373	 7.61673653530848E-02 
374	 7.60677163409668E-02 
375	 7.64284258653267E-02 
376	 7.74805078097502E-02 
377	 7.73478984587216E-02 
378	 7.69649517570864E-02 
379	 7.72416844536308E-02 
380	 7.82708569773835E-02 
381	 7.76622153499544E-02 
382	 7.72973615469953E-02 
383	 7.75123538261612E-02 
384	 7.79304458054297E-02 
385	 7.92002368829122E-02 
386	 7.93726219851755E-02 
387	 7.83900504651979E-02 
388	 7.84368039356022E-02 
389	 7.89178687592426E-02 
390	 8.01644009413937E-02 
391	 8.17337739777931E-02 
392	 8.09844492228488E-02 
393	 8.03149610133416E-02 
394	 8.00299783868923E-02 
395	 7.97919472096819E-02 
396	 8.05987047249138E-02 
397	 8.12835665814934E-02 
398	 8.15520253160533E-02 
399	 8.19193443425626E-02 
400	 8.11563283142343E-02 
401	 8.10291979470378E-02 
402	 8.22291906628884E-02 
403	 8.21305546817764E-02 
404	 8.20426509372718E-02 
405	 8.23279639603022E-02 
406	 0.082888126502006 
407	 0.083068560040478 
408	 8.28853540897933E-02 
409	 8.27031550784001E-02 
410	 8.31103196365156E-02 
411	 8.31430758418582E-02 
412	 8.33262576962927E-02 
413	 8.39971258287292E-02 
414	 8.44583319430821E-02 
415	 0.084435490403496 
416	 8.44182143096769E-02 
417	 8.49844162514016E-02 
418	 8.50374912985194E-02 
419	 8.51051179988106E-02 
420	 0.085466680427785 
421	 8.59999156626237E-02 
422	 8.64590631036134E-02 
423	 8.67138093261579E-02 
424	 8.67659485266593E-02 
425	 8.67727692427359E-02 
426	 8.76260286686937E-02 
427	 0.088632306739709 
428	 8.85969835647004E-02 
429	 8.88741132275322E-02 
430	 8.94012402992758E-02 
431	 8.99305349623761E-02 
432	 9.01732672904722E-02 
433	 9.04253568441234E-02 
434	 9.09274577370096E-02 
435	 9.16133192151442E-02 
436	 9.14982514002965E-02 
437	 9.18979143160636E-02 
438	 9.27278262880472E-02 
439	 9.31531192141136E-02 
440	 9.32393500396665E-02 
441	 9.37231929699418E-02 
442	 9.46181113719372E-02 
443	 9.47775165261163E-02 
444	 0.094857134548663 
445	 9.50917086401356E-02 
446	 9.55556844831547E-02 
447	 9.62394420645659E-02 
448	 9.62586752523811E-02 
449	 9.60867566948666E-02 
450	 9.70278190577138E-02 
451	 9.73471233152409E-02 
452	 9.74266587478411E-02 
453	 9.76542592401718E-02 
454	 9.77428044963022E-02 
455	 9.82895197618675E-02 
456	 9.87188569367614E-02 
457	 9.84129378044924E-02 
458	 9.89888982859889E-02 
459	 9.92500755471981E-02 
460	 9.90385807766968E-02 
461	 9.93447297330474E-02 
462	 9.96031133353645E-02 
463	 9.97468042825616E-02 
464	 9.98392923138268E-02 
465	 0.100039626896007 
466	 0.100216972261422 
467	 0.100376455311503 
468	 0.10058329543949 
469	 0.100806506331724 
470	 0.101034503963243 
471	 0.101225985799109 
472	 0.101297832379628 
473	 0.101243446164775 
474	 0.101578739249251 
475	 0.102472221566716 
476	 0.102392938760961 
477	 0.102457226569391 
478	 0.102952627450258 
479	 0.103524468869245 
480	 0.103693714913356 
481	 0.103727777552796 
482	 0.103933794908094 
483	 0.104505682638188 
484	 0.104869021394158 
485	 0.105025528655286 
486	 0.105238678223198 
487	 0.105797173478256 
488	 0.106433843465132 
489	 0.106904689012035 
490	 0.107059299125881 
491	 0.10754665475193 
492	 0.10819170884715 
493	 0.108731502155118 
494	 0.109137778153638 
495	 0.109587824903565 
496	 0.110149761060423 
497	 0.110766334473526 
498	 0.110868667263339 
499	 0.111128131951218 
500	 0.111772593227147 
501	 0.112123364661106 
502	 0.112730121874258 
503	 0.113295606361139 
504	 0.11353858925944 
505	 0.114236505530202 
506	 0.115138168827578 
507	 0.115886562555367 
508	 0.116153630738513 
509	 0.116847996411274 
510	 0.117722215478175 
511	 0.118434798342385 
512	 0.118813343584964 
513	 0.119702054510938 
514	 0.120612804149307 
515	 0.120751746503084 
516	 0.1217882727639 
517	 0.122714365540637 
518	 0.123205362096084 
519	 0.124066425293631 
520	 0.124759762910251 
521	 0.125284628152465 
522	 0.125841512754996 
523	 0.126897257652531 
524	 0.127886592403678 
525	 0.128643570269926 
526	 0.129334397438194 
527	 0.130276705123191 
528	 0.131150027291549 
529	 0.131858245211095 
530	 0.132982241447453 
531	 0.133709801941334 
532	 0.134441637882913 
533	 0.135776503448964 
534	 0.136612026152509 
535	 0.137450109491546 
536	 0.138481168046311 
537	 0.139421204134632 
538	 0.140209065528353 
539	 0.141009565824164 
540	 0.141946463992554 
541	 0.142790855299022 
542	 0.143632430253181 
543	 0.144581863332685 
544	 0.145726656200981 
545	 0.146706732397362 
546	 0.147857114472433 
547	 0.149223177390389 
548	 0.150139160043097 
549	 0.150969354006552 
550	 0.151981021442444 
551	 0.153297405841329 
552	 0.154430606734231 
553	 0.155288120697411 
554	 0.156030492281684 
555	 0.157053732577016 
556	 0.157945783382301 
557	 0.158918653598358 
558	 0.160117785750161 
559	 0.161053587966186 
560	 0.161673169451043 
561	 0.162304978939217 
562	 0.163422237389782 
563	 0.164195859223174 
564	 0.164941638900638 
565	 0.165730800673777 
566	 0.165774801692473 
567	 0.166425250126672 
568	 0.167273127452536 
569	 0.167476737298743 
570	 0.168074928890355 
571	 0.168770171994466 
572	 0.169359415692959 
573	 0.169828098347232 
574	 0.17037786692445 
575	 0.170946032742283 
576	 0.171470526750587 
577	 0.172127253737183 
578	 0.172704814275077 
579	 0.173234778201455 
580	 0.173852765586403 
581	 0.174168550905558 
582	 0.174352737928587 
583	 0.174553167330625 
584	 0.174807066319134 
585	 0.174207776820444 
586	 0.173198212898861 
587	 0.172561030439718 
588	 0.171228651911775 
589	 0.170429621945388 
590	 0.170581323773876 
591	 0.170831976679737 
592	 0.171082459625188 
593	 0.171234859405529 
594	 0.171221761416245 
595	 0.170973285242419 
596	 0.170817813812987 
597	 0.170829204334948 
598	 0.170920856805887 
599	 0.170983364293969 
600	 0.170932229441102 
601	 0.170771333306501 
602	 0.170622019250241 
603	 0.170566566458384 
604	 0.17062229901362 
605	 0.170743987166295 
606	 0.170722343043485 
607	 0.170806061656206 
608	 0.170911648984976 
609	 0.170629255636132 
610	 0.170831227493185 
611	 0.171098703787366 
612	 0.171025744724304 
613	 0.171067614485529 
614	 0.171277123176177 
615	 0.1712955358332 
616	 0.170710739288169 
617	 0.170942148738331 
618	 0.171068444917413 
619	 0.170754952795069 
620	 0.171045494333225 
621	 0.171105479411955 
622	 0.170934775901339 
623	 0.170757947744976 
624	 0.17051017385693 
625	 0.170202217562858 
626	 0.16978849616706 
627	 0.169209952380274 
628	 0.169066017229873 
629	 0.16932629849245 
630	 0.169740573629672 
631	 0.169941064237636 
632	 0.169882115221429 
633	 0.169887917690276 
634	 0.170311012535027 
635	 0.170192687028372 
636	 0.17016885436379 
637	 0.170475243098825 
638	 0.170583878016432 
639	 0.170669811971762 
640	 0.170696596155953 
641	 0.17057418631882 
642	 0.170158241947289 
643	 0.169998313291366 
644	 0.169735278506628 
645	 0.16829383017833 
646	 0.167479746393569 
647	 0.167358547414735 
648	 0.167555656695242 
649	 0.167722302800188 
650	 0.168080583902397 
651	 0.168311349501923 
652	 0.168014726330703 
653	 0.167736238367611 
654	 0.167148119830607 
655	 0.166375761486699 
656	 0.166310659029035 
657	 0.166097495702019 
658	 0.165916599029798 
659	 0.165953496703804 
660	 0.165822063947366 
661	 0.16547953510646 
662	 0.165110721658898 
663	 0.165011500980127 
664	 0.164895333669888 
665	 0.164781443167063 
666	 0.164674999238507 
667	 0.164485653198371 
668	 0.164297398459682 
669	 0.164377106726422 
670	 0.164770683951586 
671	 0.164131237237365 
672	 0.163876877172706 
673	 0.164209637091537 
674	 0.164124064437962 
675	 0.164285110471602 
676	 0.164511323231083 
677	 0.164614503871854 
678	 0.16480243034114 
679	 0.164724567243051 
680	 0.164574757920855 
681	 0.164761839767123 
682	 0.165331251972985 
683	 0.165276121960107 
684	 0.164509260345262 
685	 0.164235568669299 
686	 0.163827139219141 
687	 0.163311753437804 
688	 0.163016834837987 
689	 0.1633402968455 
690	 0.16314200069982 
691	 0.162173145242902 
692	 0.160793102886542 
693	 0.160055449512029 
694	 0.160495644368632 
695	 0.161533907274022 
696	 0.161818068798392 
697	 0.160629777933726 
698	 0.158782025440848 
699	 0.157733514065777 
700	 0.157326497152322 
701	 0.156983641651259 
702	 0.156456405165169 
703	 0.155779990224583 
704	 0.154846839143889 
705	 0.153821785866098 
706	 0.152882035686782 
707	 0.151985718818444 
708	 0.150916546546077 
709	 0.149697942350211 
710	 0.148480425047098 
711	 0.147358103063748 
712	 0.145651594402891 
713	 0.143328117087772 
714	 0.141004664308319 
715	 0.1370171633542 
716	 0.131847239563968 
717	 0.127851568153709 
718	 0.124479883158538 
719	 0.123375920462626 
720	 0.123459370599573 
721	 0.123020770493205 
722	 0.120531628189633 
723	 0.116931181128689 
724	 0.113971477898482 
725	 0.112364413215513 
726	 0.109917198769089 
727	 0.107189853118103 
728	 0.104917637624588 
729	 0.102712362102219 
730	 9.98090398307246E-02 
731	 9.71363999165495E-02 
732	 9.54272612690542E-02 
733	 9.43238493665659E-02 
734	 9.27034829630217E-02 
735	 9.04323132977191E-02 
736	 8.87651170855841E-02 
737	 8.83159025230905E-02 
738	 8.81201010419788E-02 
739	 8.74936396227502E-02 
740	 8.74705415334542E-02 
741	 8.73086836665312E-02 
742	 8.71879867309686E-02 
743	 8.75839212140462E-02 
744	 0.087685991153101 
745	 8.74810922685705E-02 
746	 8.72279190574234E-02 
747	 8.74244856682413E-02 
748	 8.75018185557042E-02 
749	 8.72902686915082E-02 
750	 8.68987458360798E-02 
751	 8.69240634499085E-02 
752	 8.73013644960593E-02 
753	 8.74813969922762E-02 
754	 8.68718527232589E-02 
755	 8.68082022667081E-02 
756	 8.67896815948095E-02 
757	 8.65048859404626E-02 
758	 0.086061587024319 
759	 8.53643499895687E-02 
760	 0.083434846758163 
761	 8.13525896210116E-02 
762	 8.17297301681102E-02 
763	 8.19698585352028E-02 
764	 8.32910812411731E-02 
765	 8.62445050122529E-02 
766	 8.66094578354933E-02 
767	 8.65933390381602E-02 
768	 8.70510330077354E-02 
769	 8.78918370748386E-02 
770	 0.088547839046271 
771	 8.87435627338937E-02 
772	 8.85874198785384E-02 
773	 8.89796018557237E-02 
774	 8.95670682199561E-02 
775	 8.98668608098251E-02 
776	 8.96210463264158E-02 
777	 9.02848193958091E-02 
778	 9.08342473146865E-02 
779	 0.091072564035547 
780	 9.17632197109658E-02 
781	 0.092016961069315 
782	 9.21376714937627E-02 
783	 9.24435801888748E-02 
784	 9.27710044667212E-02 
785	 9.31916080931595E-02 
786	 9.35766881986125E-02 
787	 9.37750717103453E-02 
788	 9.39838745446432E-02 
789	 9.42526860348407E-02 
790	 9.49746892021256E-02 
791	 9.65718682914649E-02 
792	 9.72990386343215E-02 
793	 9.73394193609271E-02 
794	 9.71981261430373E-02 
795	 9.74765239819987E-02 
796	 9.78845772008077E-02 
797	 9.83963067561651E-02 
798	 9.89950750277436E-02 
799	 9.93930547087192E-02 
800	 9.93047362917963E-02 
801	 9.95397752126286E-02 
802	 0.101081456773623 
803	 0.101365371824197 
804	 0.101245652377669 
805	 0.101421447645397 
806	 0.102050029354585 
807	 0.102040719481269 
808	 0.100932019760062 
809	 9.90771962878003E-02 
810	 9.88429507581504E-02 
811	 9.86405397063354E-02 
812	 9.79558483221098E-02 
813	 9.67009441256896E-02 
814	 9.47431354415447E-02 
815	 9.24632716301304E-02 
816	 9.15382316956087E-02 
817	 9.33820820343965E-02 
818	 9.33718534138117E-02 
819	 9.28364837309882E-02 
820	 9.23744055787134E-02 
821	 0.091125416725537 
822	 9.02074342395058E-02 
823	 8.82825956607308E-02 
824	 8.52596488207288E-02 
825	 8.42489079101776E-02 
826	 8.24467662822051E-02 
827	 7.99492654715774E-02 
828	 7.79658188864932E-02 
829	 0.075360481701611 
830	 7.38971074550872E-02 
831	 7.28724512494279E-02 
832	 7.04052644798182E-02 
833	 6.96837667220766E-02 
834	 6.98777742952789E-02 
835	 6.98791339868672E-02 
836	 6.89043672956993E-02 
837	 6.78427337992919E-02 
838	 6.78520850309204E-02 
839	 6.87498960928302E-02 
840	 6.70115836167268E-02 
841	 6.61088702884813E-02 
842	 0.066442756892462 
843	 6.69541800658849E-02 
844	 6.53833284312305E-02 
845	 6.48156423714301E-02 
846	 6.56074373794625E-02 
847	 6.60653932656146E-02 
848	 6.46851764249839E-02 
849	 6.35480250034679E-02 
850	 6.36090506795008E-02 
851	 6.37066335243497E-02 
852	 6.25841899788689E-02 
853	 6.23458278385269E-02 
854	 6.35331246108219E-02 
855	 6.19954563738766E-02 
856	 6.18198901809987E-02 
857	 6.19413017229152E-02 
858	 6.09778341019323E-02 
859	 6.16335963301499E-02 
860	 6.17226639138387E-02 
861	 6.08711421018519E-02 
862	 5.98604423247855E-02 
863	 6.00621538933301E-02 
864	 6.05164259880185E-02 
865	 6.03865201934781E-02 
866	 0.059363812387386 
867	 5.92458593204063E-02 
868	 5.92827159669563E-02 
869	 5.88252694580512E-02 
870	 5.78768768738607E-02 
871	 5.71809058028454E-02 
872	 5.68235582170903E-02 
873	 5.67029061492583E-02 
874	 5.67110134839394E-02 
875	 0.056392671295905 
876	 5.58267517778266E-02 
877	 5.52427528908773E-02 
878	 5.46830233070051E-02 
879	 5.38438652053155E-02 
880	 5.31564431778771E-02 
881	 5.31819474893692E-02 
882	 5.31976061066884E-02 
883	 5.25133364227611E-02 
884	 5.18822055181901E-02 
885	 5.26776116535259E-02 
886	 5.16054073328182E-02 
887	 5.10315717057187E-02 
888	 5.12868217274488E-02 
889	 4.98423634900083E-02 
890	 4.99635350383103E-02 
891	 4.99629681295063E-02 
892	 4.85710905255918E-02 
893	 4.75500354666387E-02 
894	 4.91692717479813E-02 
895	 4.93905162999674E-02 
896	 4.51076429293188E-02 
897	 4.74158089767606E-02 
898	 4.73629858087463E-02 
899	 4.66032564114679E-02 
900	 4.83547183863106E-02 
901	 4.56138872993287E-02 
902	 4.42716584416455E-02 
903	 4.39196986740357E-02 
904	 4.30206955525214E-02 
905	 4.69763491393272E-02 
906	 4.58287650736444E-02 
907	 4.18113141094207E-02 
908	 4.55836131976556E-02 
909	 4.01687759132531E-02 
910	 3.89783062366362E-02 
911	 4.36177105367175E-02 
912	 4.25471635886684E-02 
913	 3.95987045269136E-02 
914	 4.06025490111109E-02 
915	 4.38327823268251E-02 
916	 4.04072414462291E-02 
917	 4.10980162192968E-02 
918	 0.040814745982011 
919	 3.78109792347261E-02 
920	 0.036430941454736 
921	 4.06718931376681E-02 
922	 4.34256017312475E-02 
923	 0.039672738557782 
924	 3.37146526172376E-02 
925	 3.50101218315861E-02 
926	 3.98418185587001E-02 
927	 3.98192180877248E-02 
928	 3.26859818276127E-02 
929	 0.041272929470056 
930	 0.05356463739518 
931	 0.033271495440723 
932	 0.052700204835385 
933	 8.05513660822458E-02 
934	 8.89631893579284E-02 
935	 7.33595136430624E-02 
936	 5.03185401137062E-02 
937	 0.072330956145696 
938	 8.98332760034451E-02 
939	 5.52257458633841E-02 
940	 3.07864587202712E-02 
941	 2.26934562996688E-02 
942	 0.025730050398085 
943	 3.17722425503369E-02 
944	 4.57068698145786E-02 
945	 4.50341594308754E-02 
946	 3.31128645799277E-02 
947	 3.04822584971854E-02 
948	 3.18393258123994E-02 
949	 4.73674332155847E-02 
950	 6.49796711943048E-02 
951	 6.77782230557143E-02 
952	 4.11999765004764E-02 
953	 3.74227345514142E-02 
954	 0.036981661446506 
955	-8.06697787997092E-04 
956	 5.03673443245486E-02 
957	 4.71107444897507E-02 
958	 2.13654856138322E-02 
959	 8.32131781756403E-02 
960	 5.76001975478226E-02 
961	 3.37434533758598E-02 
962	 4.08612835976666E-02 
963	 5.35835632627062E-02 
964	 4.53266914071664E-02 
965	 2.78341211411463E-02 
966	 2.48374910012042E-02 
967	 5.05177212932354E-02 
968	 4.07263868227808E-02 
969	 3.42204361401569E-02 
970	 4.08479262948378E-02 
971	 4.18561646848312E-02 
972	 3.73882760308502E-02 
973	 3.45505636653252E-02 
974	 3.79322540978974E-02 
975	 4.52960712732455E-02 
976	 3.46354158829384E-02 
977	 3.94575797516351E-02 
978	 0.049891597409033 
979	 2.98762355908286E-02 
980	 3.35065860455879E-02 
981	 3.78604648004365E-02 
982	 3.47579430927252E-02 
983	 3.29888703627162E-02 
984	 4.40526735352111E-02 
985	 4.10079282568021E-02 
986	 3.09938243752098E-02 
987	 0.041209932731177 
988	 4.30573319740123E-02 
989	 0.037077853955919 
990	 3.11266381824917E-02 
991	 3.44702511725786E-02 
992	 3.94626659844279E-02 
993	 3.96526885605244E-02 
994	 0.037899228308379 
995	 4.13888325296967E-02 
996	 0.043901248581299 
997	 4.26359246197469E-02 
998	 4.03559644123064E-02 
999	 4.11983723871024E-02 
1000	 3.68425321761434E-02 
1001	 3.61494804570928E-02 
1002	 3.31994638248934E-02 
1003	 3.19842383194958E-02 
1004	 2.95211466234935E-02 
1005	 0.028198758126108 
1006	 2.77580417359713E-02 
1007	 2.78086930203009E-02 
1008	 2.77311230206365E-02 
1009	 2.51903373351911E-02 
1010	 2.28659017841478E-02 
1011	 2.31576309441772E-02 
1012	 2.52648886419199E-02 
1013	 2.78318548317511E-02 
1014	 2.81633694901967E-02 
1015	 2.64797941441748E-02 
1016	 2.71109856888453E-02 
1017	 2.73306016306551E-02 
1018	 2.86647991914482E-02 
1019	 3.30944033820317E-02 
1020	 0.035565068640506 
1021	 0.038033403397164 
1022	 3.76807389168382E-02 
1023	 3.77472106693236E-02 
1024	 3.83667584996388E-02 
1025	 3.57808831667704E-02 
1026	 3.32113343428276E-02 
1027	 3.07682831822287E-02 
1028	 2.61708395436617E-02 
1029	 2.51494915793214E-02 
1030	 2.52020534987558E-02 
1031	 2.69853050213627E-02 
1032	 3.27618814653577E-02 
1033	 3.48980282939275E-02 
1034	 3.70071341106553E-02 
1035	 3.80839949247177E-02 
1036	 0.036992130936986 
1037	 3.64946733206062E-02 
1038	 3.53724634084577E-02 
1039	 3.54539648437604E-02 
1040	 3.60332612834719E-02 
1041	 3.44090722131655E-02 
1042	 3.41680803544794E-02 
1043	 3.50804648225028E-02 
1044	 3.45246248952875E-02 
1045	 0.03287250080475 
1046	 3.24744505075437E-02 
1047	 0.031854060658108 
1048	 3.18438359736396E-02 
1049	 3.37412666202964E-02 
1050	 0.033728344574149 
1051	 3.18152118772784E-02 
1052	 3.18242782214777E-02 
1053	 3.27257234798719E-02 
1054	 3.24532956570496E-02 
1055	 3.25907665485831E-02 
1056	 0.03296343274633 
1057	 0.033019375153032 
1058	 3.11622132241517E-02 
1059	 3.18493401251733E-02 
1060	 3.53202661176263E-02 
1061	 3.51709705700762E-02 
1062	 3.37830003781718E-02 
1063	 3.30758238693356E-02 
1064	 2.94524901067594E-02 
1065	 2.93235864981659E-02 
1066	 0.032417874809868 
1067	 3.37729711994751E-02 
1068	 3.73180792822498E-02 
1069	 3.77025892799368E-02 
1070	 3.41566765090074E-02 
1071	 3.30613621290586E-02 
1072	 3.19923185933258E-02 
1073	 3.04364059483421E-02 
1074	 2.96418829618489E-02 
1075	 3.03659748336729E-02 
1076	 3.12821869717691E-02 
1077	 3.30339193170999E-02 
1078	 3.22659979712489E-02 
1079	 3.02820714682434E-02 
1080	 3.05064326766725E-02 
1081	 2.93467842450764E-02 
1082	 2.92411086027309E-02 
1083	 3.38526501375428E-02 
1084	 3.48011172597134E-02 
1085	 3.16390089284665E-02 
1086	 3.08785906992825E-02 
1087	 3.06967537956326E-02 
1088	 2.99758742545364E-02 
1089	 2.73778104866388E-02 
1090	 0.030431051078249 
1091	 0.030769390613867 
1092	 2.91241601988714E-02 
1093	 0.030690647710591 
1094	 3.66689085621803E-02 
1095	 3.61708192897284E-02 
1096	 3.37281592616804E-02 
1097	 3.36672515498376E-02 
1098	 2.71453415636957E-02 
1099	 2.51811409388388E-02 
1100	 0.033331899168423 
1101	 3.31658231873575E-02 
1102	 2.46966610396126E-02 
1103	 2.41147699853524E-02 
1104	 0.031946225494752 
1105	 2.14026610188406E-02 
1106	 1.86555768459959E-02 
1107	 3.52380404800374E-02 
1108	 3.36228376084496E-02 
1109	 3.47704343894259E-02 
1110	 3.54787446939816E-02 
1111	 2.96692234278227E-02 
1112	 2.90623903071065E-02 
1113	 3.56594819531954E-02 
1114	 4.18421540232806E-02 
1115	 5.95178056993013E-02 
1116	 7.14034467989205E-02 
1117	 7.75923275462762E-02 
1118	 7.80219246152959E-02 
1119	 5.44717250770117E-02 
1120	 3.64657475488192E-02 
1121	-2.72961956852088E-02 
1122	-4.44335878043173E-02 
1123	-4.38875674335994E-03 
1124	 3.83481802629329E-02 
1125	 0.206642584472064 
1126	 0.180294936402433 
1127	-3.68431225991548E-02 
1128	 2.36125189524096E-02 
1129	 5.58623783015518E-02 
1130	 8.25362344336666E-02 
1131	 9.85683202102119E-02 
1132	 0.21101480638509 
1133	 0.16479098619499 
1134	-4.19682271980339E-05 
1135	-5.65420958307007E-03 
1136	 4.94021686624316E-02 
1137	 0.04068433083182 
1138	 5.84794422534371E-02 
1139	 5.32151177222367E-02 
1140	 5.93046228067488E-02 
1141	 3.01323173342548E-02 
1142	 3.59007405292042E-02 
1143	 0.158800399264982 
1144	 0.165361874445332 
1145	 0.110489757001396 
1146	 4.76964196408972E-02 
1147	-0.044807028789343 
1148	-2.73039070843676E-02 
1149	 2.98227106732814E-02 
1150	 3.88277808174066E-02 
1151	 8.70972265505127E-02 
1152	 9.86430539836461E-02 
1153	 6.86141819859506E-02 
1154	 5.37462887079876E-02 
1155	 5.11833703344052E-02 
1156	 4.63799885988457E-02 
1157	 3.50571572736119E-02 
1158	 1.97945699132101E-02 
1159	 1.56502451940715E-02 
1160	 2.47342825636236E-02 
1161	 2.66319424309841E-02 
1162	 2.53070484777906E-02 
1163	 2.97653610811816E-02 
1164	 3.02277663765049E-02 
1165	 3.12982868757476E-02 
1166	 3.78945890826202E-02 
1167	 4.15081150527776E-02 
1168	 0.039235441228124 
1169	 3.28063338839758E-02 
1170	 3.14561210258522E-02 
1171	 3.24629933521845E-02 
1172	 3.57577864399125E-02 
1173	 3.70494122720064E-02 
1174	 0.042596524437162 
1175	 4.09502591740383E-02 
1176	 3.27456112107764E-02 
1177	 3.29464232894306E-02 
1178	 3.12788579474429E-02 
1179	 2.79983798832153E-02 
1180	 3.40381463533933E-02 
1181	 3.44909279369205E-02 
1182	 2.92329603548842E-02 
1183	 3.16131096862079E-02 
1184	 3.36568232031167E-02 
1185	 0.033955731811526 
1186	 3.65906050076568E-02 
1187	 3.49249616571846E-02 
1188	 2.82227256258865E-02 
1189	 2.57659360975307E-02 
1190	 2.94402825430032E-02 
1191	 3.23073449909104E-02 
1192	 3.35924067956934E-02 
1193	 3.63990218235442E-02 
1194	 3.63789413577122E-02 
1195	 3.19141371565331E-02 
1196	 3.11999206422212E-02 
1197	 3.33932310061693E-02 
1198	 3.23058891496506E-02 
1199	 3.14376888156886E-02 
1200	 0.030665751159489 
1201	 2.70100945341224E-02 
1202	 2.60482308173663E-02 
1203	 3.03880226255696E-02 
1204	 3.20016702692925E-02 
1205	 3.17718757909162E-02 
1206	 0.0338985323215 
1207	 3.14562843106853E-02 
1208	 2.91454389228245E-02 
1209	 3.51316006924116E-02 
1210	 3.72093530342757E-02 
1211	 3.11069083347159E-02 
1212	 3.14372014137715E-02 
1213	 3.43576292294902E-02 
1214	 3.25772242099326E-02 
1215	 2.81317903479532E-02 
1216	 2.99864609897523E-02 
1217	 3.14438156834993E-02 
1218	 2.76754155315098E-02 
1219	 2.96129920916604E-02 
1220	 3.44999351850768E-02 
1221	 3.45978265018615E-02 
1222	 3.08173676826013E-02 
1223	 2.79532243054944E-02 
1224	 2.97997534707413E-02 
1225	 3.11309676037051E-02 
1226	 3.09238809730126E-02 
1227	 3.09248943882496E-02 
1228	 3.07755135896001E-02 
1229	 3.02690328106165E-02 
1230	 2.79850768026926E-02 
1231	 0.027033861147913 
1232	 2.60725860794786E-02 
1233	 2.52478299077701E-02 
1234	 2.81273500274653E-02 
1235	 2.90315246487614E-02 
1236	 2.94405253835645E-02 
1237	 3.02158842223586E-02 
1238	 3.01002753047347E-02 
1239	 3.11125871701126E-02 
1240	 0.032295539302578 
1241	 3.28492210758288E-02 
1242	 3.34803825968503E-02 
1243	 3.26453840604696E-02 
1244	 3.09257866393748E-02 
1245	 3.25329878559425E-02 
1246	 3.54056855163059E-02 
1247	 3.51798275822315E-02 
1248	 0.033520054690155 
1249	 3.49835073337022E-02 
1250	 3.64177977759452E-02 
1251	 0.033515532263157 
1252	 3.21293016657011E-02 
1253	 3.35289634537642E-02 
1254	 0.032250211379707 
1255	 3.04514546374572E-02 
1256	 3.05918869516197E-02 
1257	 3.42999646592819E-02 
1258	 3.53764249523278E-02 
1259	 3.51672775474695E-02 
1260	 3.61390042564213E-02 
1261	 3.92765696054006E-02 
1262	 3.84290586718549E-02 
1263	 3.37964552934057E-02 
1264	 3.29698097488812E-02 
1265	 3.37873913289385E-02 
1266	 2.97116444116724E-02 
1267	 3.07914061074321E-02 
1268	 3.30069653029841E-02 
1269	 3.00762135550773E-02 
1270	 3.10250760934712E-02 
1271	 3.18741562538168E-02 
1272	 3.30474373000254E-02 
1273	 3.53973236440705E-02 
1274	 3.41035226078811E-02 
1275	 3.44734432994236E-02 
1276	 3.33142966005315E-02 
1277	 2.88807182862077E-02 
1278	 2.83943712835732E-02 
1279	 2.88788499717131E-02 
1280	 2.86151355133462E-02 
1281	 2.89513295602917E-02 
1282	 3.19280352177501E-02 
1283	 3.20538276235193E-02 
1284	 2.91217483793829E-02 
1285	 2.96925046534072E-02 
1286	 3.26773097894808E-02 
1287	 3.35124643528384E-02 
1288	 3.44861821183992E-02 
1289	 3.51984661367356E-02 
1290	 3.50856933371723E-02 
1291	 3.34420866831793E-02 
1292	 3.15663317734088E-02 
1293	 3.24348732702675E-02 
1294	 3.17451907076281E-02 
1295	 2.97024676763532E-02 
1296	 2.94983473273689E-02 
1297	 3.02919684105407E-02 
1298	 2.85740506879015E-02 
1299	 2.57099595965343E-02 
1300	 2.79160406609904E-02 
1301	 2.96623054421184E-02 
1302	 0.026243774019977 
1303	 2.78431086929569E-02 
1304	 3.14979198497326E-02 
1305	 2.85410901561179E-02 
1306	 2.88139160936165E-02 
1307	 0.034363343658005 
1308	 3.86072815132229E-02 
1309	 4.13056005026903E-02 
1310	 4.28100273564906E-02 
1311	 4.41180811655623E-02 
1312	 4.75596580227009E-02 
1313	 5.16958749721074E-02 
1314	 0.054025659185564 
1315	 6.05966414063475E-02 
1316	 6.12112344186832E-02 
1317	 4.97548610190687E-02 
1318	 4.43196826622191E-02 
1319	 4.32868736269439E-02 
1320	 3.90310967178962E-02 
1321	 3.00410100876015E-02 
1322	 2.77818319686334E-02 
1323	 3.75278195976746E-02 
1324	 3.81173039574712E-02 
1325	 3.32881587262203E-02 
1326	 4.50558515488845E-02 
1327	 5.65875390529277E-02 
1328	 5.51644124476853E-02 
1329	 5.62706956155045E-02 
1330	 6.12614583732329E-02 
1331	 3.99454642546795E-02 
1332	 4.00752648522115E-03 
1333	 2.74303205414199E-03 
1334	 1.75942519414592E-02 
1335	 0.023103295966389 
1336	 2.39880780641692E-02 
1337	 3.73789754890721E-02 
1338	 0.061588512956843 
1339	 7.33807710328427E-02 
1340	 0.094630263640838 
1341	 0.106415253515261 
1342	 0.105470239494599 
1343	 0.112493713181656 
1344	 9.95296992710786E-02 
1345	 7.86627751099621E-02 
1346	 6.37045779958682E-02 
1347	 5.95973662866023E-02 
1348	 3.17527991053383E-02 
1349	 2.44116381777472E-02 
1350	 0.134451764464305 
1351	 0.14595089463172 
1352	-0.139134456504104 
1353	-6.77193768393625E-02 
1354	 0.447144209646565 
1355	 1.2304949524346 
1356	 2.13724456364313 
1357	 0.404933963559366 
1358	 0.262250739139124 
1359	 1.70369870653934 
1360	 0.244656684813446 
1361	 0.585894200526176 
1362	 0.941227948295121 
1363	 1.99440720395041 
1364	 1.18075293197483 
1365	 0.795549254387296 
1366	 1.74003457837674 
1367	 12.7764602718406 
1368	-8.81526812065617 
1369	-1.6099919884372 
1370	-1.37886264511506 
1371	-2.26252571633512 
1372	-6.79706013524167 
1373	 10.653908097657 
1374	 51.8965287415796 
1375	-0.113871708634114 
1376	 0.891261782193489 
1377	-0.293518430656402 
1378	-0.550489703692309 
1379	 1.0170668306833 
1380	 1.04677995627577 
1381	 2.62733147476632 
1382	 2.11877729482246 
1383	 0.110933186722117 
1384	 0.252629215098426 
1385	 0.689953431607895 
1386	 0.914167810773931 
1387	 8.82496962324936 
1388	 24.8256270016347 
1389	 1.73599606057657 
1390	 1.80288691784851 
1391	 7.2361781467677 
1392	 2.11818916184276 
1393	 0.535416551470926 
1394	-1.55755836812615 
1395	-0.160550593228062 
1396	-0.505817359148929 
1397	-1.62954244921048 
1398	-0.590035700841157 
1399	-0.479904725728118 
1400	-0.192232394797994 
1401	-0.645536957110878 
1402	-0.508042995477053 
1403	 9.67317120327656E-02 
1404	 1.55606797975551 
1405	 2.11973332001206 
1406	-1.41154026553545 
1407	-1.64881981768275 
1408	 0.810754871461893 
1409	 0.185699186918417 
1410	 0.46910824009089 
1411	 1.05691482736985 
1412	 0.432620346500783 
1413	-0.501597276750246 
1414	 0.24842667225287 
1415	-1.3891230244404 
1416	 2.8929813812446 
1417	 1.44059007778871 
1418	 0.629626668914697 
1419	 0.648444871045536 
1420	 0.636427793215648 
1421	 0.499822292175738 
1422	 0.365766957786745 
1423	 1.29926265920521 
1424	-0.973232068168428 
1425	-0.274400074448972 
1426	 5.58636104836207 
1427	 2.11710161562033 
1428	 0.552331565567708 
1429	 0.391158150525204 
1430	 1.804201045514 
1431	 2.13247444113874 
1432	 2.47610028182001 
1433	 1.42482927193953 
1434	 7.00644518341313E-02 
1435	-0.237655843014913 
1436	-5.36619530154813 
1437	-11.1124101472372 
1438	-1.17076015138307 
1439	-0.794567268926282 
1440	-15.0926362185497 
1441	 4.89042497054657 
1442	 0.299367015731671 
1443	 0.110559352119874 
1444	 0.777858634197812 
1445	 0.931374715489229 
1446	 0.790711943661841 
1447	 1.71541624970638 
1448	 2.18293219057287 
1449	 2.1042358782704 
1450	-1.39544400673344 
1451	-0.537842678131517 
1452	 9.61652585143746 
1453	 0.066131994965214 
1454	-0.505702165626455 
1455	-32.9335207046601 
1456	 0.106759695240611 
1457	-0.436571714067926 
1458	-0.319737749893425 
1459	 0.840697563164675 
1460	 0.568687154880159 
1461	-9.69277010105052E-02 
1462	-0.250074163098843 
1463	-0.58867440155412 
1464	-0.800797055922798 
1465	-1.7573127280023 
1466	-4.67406417917645 
1467	-1.01032300991814 
1468	-0.761832545154155 
1469	-5.54186617597294E-02 
1470	-0.735476820639311 
1471	 12.2529886794371 
1472	 4.47157255272577 
1473	-101.095670445326 
1474	 2.21523064011163 
1475	 0.151492862846477 
1476	 3.35498912939593E-03 
1477	-7.92357282711235E-02 
1478	-0.217418246876436 
1479	-1.43807069326977 
1480	 83.4238095006047 
1481	-65.208790535775 
1482	 8.3852059859208 
1483	-2.95415083991178 
1484	 12.4476461937172 
1485	 1.5647754338142 
1486	 0.699146417428475 
1487	-0.022565694514268 
1488	-0.25241330618303 
1489	-1.78308217286577 
1490	-1.3964996617029 
1491	-0.143420615604672 
1492	-1.09042523718463E-02 
1493	 0.115865800962005 
1494	 7.59682722530046E-02 
1495	-0.360663136051431 
1496	-0.461137747331199 
1497	-0.321264386860139 
1498	-0.288819579879504 
1499	-0.147265133467115 
1500	-0.147882766591224 
1501	-0.289171424781728 
1502	-0.272520254336734 
1503	-0.266976872999738 
1504	-0.193578341688578 
1505	 4.92653835367345E-02 
1506	 0.20251729177992 
1507	 0.206903379769759 
1508	 0.19920414800186 
1509	 0.125498328599259 
1510	 0.012764138649099 
1511	 1.44005161572557E-02 
1512	 1.43620947788345E-02 
1513	-0.05645102097209 
1514	-4.32380084342307E-02 
1515	-3.59140849080118E-02 
1516	-0.109568438088406 
1517	-0.068289402100439 
1518	 1.53854304893233E-04 
1519	-2.43639756774285E-02 
1520	-1.89351823976245E-02 
1521	 0.010123247214927 
1522	 1.99869663008842E-02 
1523	 3.13475714190744E-02 
1524	 4.27305532835952E-02 
1525	 2.98137179636967E-02 
1526	 2.76282957823265E-02 
1527	 5.25386695133689E-02 
1528	 5.65718119796866E-02 
1529	 5.94334266495874E-02 
1530	 5.53469984485803E-02 
1531	 4.53441135474654E-02 
1532	 5.17569676032206E-02 
1533	 5.43920536173602E-02 
1534	 5.03282527046642E-02 
1535	 3.10615180215869E-02 
1536	 2.89010971653257E-02 
1537	 3.65536515088037E-02 
1538	 0.03795600032186 
1539	 5.33751498161215E-02 
1540	 5.03664545753444E-02 
1541	 4.01646859625921E-02 
1542	 3.06995936092581E-02 
1543	 2.46057572312032E-02 
1544	 2.54737654465102E-02 
1545	 2.50074046711139E-02 
1546	 1.84979244079473E-02 
1547	 3.7681938203376E-03 
1548	 2.51667662776437E-03 
1549	-3.59225602228316E-04 
1550	-7.62887006630306E-03 
1551	-1.51429855319427E-02 
1552	-1.69443720610083E-02 
1553	 1.04285339177117E-02 
1554	 1.69506027832693E-02 
1555	 5.7347945192755E-03 
1556	 2.03207415605283E-02 
1557	 9.62638586755943E-03 
1558	-3.36623036439375E-03 
1559	 1.89861378066275E-02 
1560	 3.92168810958256E-02 
1561	 4.47817398938387E-02 
1562	 4.85487296339121E-02 
1563	 4.95825430560156E-02 
1564	 3.60253989633589E-02 
1565	 1.17334840007051E-02 
1566	 1.15643778465947E-02 
1567	 2.75203176887967E-02 
1568	 1.81220842323898E-02 
1569	 7.78699865612627E-04 
1570	 5.51460929772438E-03 
1571	 1.81427024217358E-02 
1572	 1.48416826479405E-02 
1573	 1.37151758829412E-02 
1574	 2.04815513964216E-02 
1575	 1.53388377857472E-02 
1576	 1.66551593721987E-02 
1577	 0.03740948741905 
1578	 3.71164344201184E-02 
1579	 1.53512966808768E-02 
1580	 2.25183845467935E-02 
1581	 4.13604704017305E-02 
1582	 4.72900227023007E-02 
1583	 3.44970574950838E-02 
1584	 3.10772856634622E-02 
1585	 5.22307255307566E-02 
1586	 5.13107180132396E-02 
1587	 4.61228977805084E-02 
1588	 0.050237038695604 
1589	 4.04478846311963E-02 
1590	 0.040303659060038 
1591	 6.02388850560612E-02 
1592	 5.38121348580004E-02 
1593	 3.08190859415387E-02 
1594	 3.29481734288846E-02 
1595	 3.41388230020195E-02 
1596	 3.90684470452994E-02 
1597	 5.25206900751094E-02 
1598	 3.87244185936744E-02 
1599	 0.025411884392139 
1600	 1.86277300690924E-02 
1601	 5.40205485419533E-03 
1602	 0.016529005794539 
1603	 3.26008111246202E-02 
1604	 3.83567020671859E-02 
1605	 5.02593143123404E-02 
1606	 4.29014380509644E-02 
1607	 1.98286786470959E-02 
1608	 2.04731043733275E-02 
1609	 2.41794527147656E-02 
1610	 1.65392108510321E-02 
1611	 2.24567005854616E-02 
1612	 2.86199145234197E-02 
1613	 2.50894921012364E-02 
1614	 4.08392221264428E-02 
1615	 5.66944961489839E-02 
1616	 5.53935598197045E-02 
1617	 6.03827313802987E-02 
1618	 4.35176335826477E-02 
1619	 2.05824628804631E-02 
1620	 2.42041745351583E-02 
1621	 1.55809171723186E-02 
1622	 3.18181625669608E-03 
1623	 1.63280148301558E-02 
1624	 3.11750109068599E-02 
1625	 2.77180881339053E-02 
1626	 2.14930504095849E-02 
1627	 0.018195455265132 
1628	 1.37267755890608E-02 
1629	 0.017373038447812 
1630	 3.35797288735016E-02 
1631	 4.27544012975904E-02 
1632	 1.95477406558165E-02 
1633	-9.78407146630387E-03 
1634	-4.64585476912607E-03 
1635	 1.29179200672126E-02 
1636	 6.96715035252499E-03 
1637	-8.16361917797526E-03 
1638	-6.01905783719749E-03 
1639	-2.10612017295677E-03 
1640	-0.001595894594206 
1641	 6.90600027654387E-03 
1642	 0.014405552940139 
1643	 9.11124736783318E-03 
1644	-3.40556722271271E-03 
1645	 4.34700920318745E-03 
1646	 2.32274237992557E-02 
1647	 1.93208362247593E-02 
1648	 0.013655832536174 
1649	 1.92866901641767E-02 
1650	 2.28639448184556E-03 
1651	-2.23780422176583E-02 
1652	-2.25954249301085E-02 
1653	 2.24679733979881E-02 
1654	 3.32019499031189E-02 
1655	 3.48761690492436E-02 
1656	 4.20986130862516E-02 
1657	 3.34541404848533E-02 
1658	 3.05893430172614E-02 
1659	 4.15387914787984E-02 
1660	 4.75437827774913E-02 
1661	 3.90573436663661E-02 
1662	 4.20237669779083E-02 
1663	 7.48251998753266E-02 
1664	 6.72753278123524E-02 
1665	 2.22720703757182E-02 
1666	 1.52835052767041E-02 
1667	 9.58899711093251E-03 
1668	 1.03412077173892E-02 
1669	 2.95699419426042E-02 
1670	 3.08632402390156E-02 
1671	 7.20811155018207E-03 
1672	 1.47503382284295E-02 
1673	 3.68683917525848E-02 
1674	 4.10946749646457E-02 
1675	 4.39611171019515E-02 
1676	 5.03391727877061E-02 
1677	 5.23595669335211E-02 
1678	 3.12652671611002E-02 
1679	 0.017285204352319 
1680	 2.92976910981381E-02 
1681	 2.95018569538803E-02 
1682	 2.71237092493462E-02 
1683	 3.48536847354078E-02 
1684	 2.61414724816504E-02 
1685	 1.65914675545679E-02 
1686	 3.98465882247523E-02 
1687	 6.09214682507209E-02 
1688	 5.37951759666074E-02 
1689	 4.45651396175343E-02 
1690	 3.13789043064716E-02 
1691	 3.06656295478432E-02 
1692	 4.80393892936825E-02 
1693	 4.56969472916464E-02 
1694	 4.00416119582798E-02 
1695	 3.80703976724023E-02 
1696	 0.028683130778996 
1697	 4.27558674022722E-02 
1698	 6.41240182837416E-02 
1699	 6.23917783639683E-02 
1700	 5.67406368126948E-02 
1701	 4.54140281433856E-02 
1702	 2.68204364695548E-02 
1703	 1.79859128191713E-02 
1704	 0.010739133052131 
1705	 1.33435067972943E-02 
1706	 1.57450367658037E-02 
1707	 2.56759102880267E-02 
1708	 5.52434189457609E-02 
1709	 5.91761117069824E-02 
1710	 5.30883380876193E-02 
1711	 5.33562717780508E-02 
1712	 5.05263161086802E-02 
1713	 2.68474042173984E-02 
1714	 3.21687483961531E-02 
1715	 5.62523831612536E-02 
1716	 3.29436491204257E-02 
1717	 4.53568680922071E-02 
1718	 4.85066568663999E-02 
1719	 2.96071791838348E-02 
1720	 3.63974147807412E-02 
1721	 6.03849137552401E-02 
1722	 6.51863277678642E-02 
1723	 4.00755280600768E-02 
1724	 3.22422175099721E-02 
1725	 2.74632847732742E-02 
1726	 1.39638829390246E-02 
1727	 3.45171595173837E-03 
1728	 9.10603108014491E-03 
1729	 4.29007469153674E-02 
1730	 3.27675885586732E-02 
1731	 2.15717349220943E-02 
1732	 4.04609925566291E-02 
1733	 1.46891978431561E-02 
1734	 2.27417819537231E-02 
1735	 5.22805669686956E-02 
1736	 3.88841318951821E-02 
1737	 3.49795553006966E-02 
1738	 4.11692589171169E-02 
1739	 4.71306432404122E-02 
1740	 0.034825052566676 
1741	 1.84143336309448E-02 
1742	 3.84291030365698E-02 
1743	 4.75211426011063E-02 
1744	 4.17944204995923E-02 
1745	 4.77579859919305E-02 
1746	 6.35967812729413E-03 
1747	-6.30482389081983E-03 
1748	 2.48522774056869E-02 
1749	 2.83991136376228E-02 
1750	 1.77915875211123E-02 
1751	 1.02167606062397E-02 
1752	-7.10125734885027E-03 
1753	-7.08960798169361E-03 
1754	-6.7109150811533E-03 
1755	-7.61792998135646E-03 
1756	 1.68533365039605E-02 
1757	 1.77038153292755E-02 
1758	-5.43802316870841E-04 
1759	-6.3822105150282E-04 
1760	 1.81521526788956E-02 
1761	 5.19948129263187E-02 
1762	 9.90356302378435E-02 
1763	 9.36059875493682E-02 
1764	 6.02411860723235E-02 
1765	 4.30514562600439E-02 
1766	-1.03612018888934E-04 
1767	-1.02705601352839E-02 
1768	 1.70768142150742E-02 
1769	 0.044728156634943 
1770	 0.130936896730671 
1771	 0.124379361841807 
1772	 5.94994406425652E-02 
1773	 2.73888688491028E-02 
1774	-0.213473036527318 
1775	-2.23155442504556E-02 
1776	 4.15159994006617E-02 
1777	 0.131165914368058 
1778	 0.184297016154617 
1779	 0.133593714665915 
1780	 3.36115733567235E-02 
1781	-0.205675414553743 
1782	-0.265964655051918 
1783	-0.160583653529293 
1784	-0.195431340876239 
1785	-0.213185196455738 
1786	-0.184562374880025 
1787	-0.410189505493267 
1788	-0.304619886108217 
1789	 0.102080267536642 
1790	-1.24424987487106E-02 
1791	 0.108426626730818 
1792	 0.108019249917587 
1793	-0.568779257254057 
1794	-0.622101855202953 
1795	-0.456050521968629 
1796	-0.88104096332226 
1797	 0.731647810028599 
1798	 1.76411686243848 
1799	 6.37402320419017 
1800	 0.316528002836994 
1801	-0.212936032783876 
1802	-0.509814897964183 
1803	-0.53489029644118 
1804	-0.616237145422746 
1805	-0.434615247855808 
1806	 7.32110011393762 
1807	 82.6891905414772 
1808	-0.620381846050483 
1809	-1.17920464066875 
1810	 0.787821246724108 
1811	 0.779161344289283 
1812	 0.415650914146578 
1813	 0.715518667274065 
1814	-1.87693714011423 
1815	-1.13480911021158 
1816	-0.49866518693026 
1817	-0.883616057023936 
1818	-1.84899878110311 
1819	-3.93274887365007 
1820	 39.6460770745399 
1821	-3.34191755272385 
1822	-1.46409673271339 
1823	 5.11364025808587E-02 
1824	 0.120975841315129 
1825	 0.885112318297278 
1826	 0.898376112552498 
1827	 1.49794680414715 
1828	 2.69354237242156 
1829	-0.981586394551861 
1830	-0.364163334880476 
1831	 2.78595080465327 
1832	 6.20820178471431 
1833	-2.48090292697642 
1834	-1.69829973342366 
1835	-0.829783306253517 
1836	-2.30538495367956 
1837	-0.550203088386026 
1838	-0.374435250710148 
1839	 0.483462056216682 
1840	-37.4281174659112 
1841	-5.20030488903142 
1842	-3.64148466973858 
1843	-2.97829100635104 
1844	-6.52194601119702 
1845	-7.11910975348761 
1846	-0.855850161573857 
1847	-0.472409330527153 
1848	-1.84375925607593 
1849	-0.365548626668292 
1850	 0.218442699582391 
1851	 0.370102593790519 
1852	 1.42895046996234 
1853	 0.488990445917192 
1854	 0.288088981748803 
1855	 6.31730415532515E-03 
1856	-6.41170276628713E-02 
1857	-0.398596289599643 
1858	-0.328266692576255 
1859	 0.132267376298275 
1860	 0.585015141376403 
1861	 0.676087113239778 
1862	 1.23295411065699 
1863	 0.547910189185626 
1864	 0.17614946445474 
1865	 6.43209421886123E-02 
1866	 0.176811045452045 
1867	 0.200866154899411 
1868	 0.870464583976786 
1869	-1.17278048607532 
1870	-0.260282409144297 
1871	-0.32423061845688 
1872	 3.87895481306442E-02 
1873	 0.504553398131302 
1874	-1.1902409117133 
1875	-0.901223921647711 
1876	-0.530460931677409 
1877	 3.43192370470666E-02 
1878	 0.308070360573427 
1879	 1.26613228657157 
1880	 1.36359061647931 
1881	 0.846053109168826 
1882	 1.16907538774733E-02 
1883	 0.320387441273833 
1884	 0.769322945035028 
1885	 1.49523097762201 
1886	 1.41616425201746 
1887	-0.420143194313285 
1888	-0.833800627929605 
1889	-0.862957138003063 
1890	-0.579769309072993 
1891	-0.54633044435111 
1892	-0.980669599522233 
1893	-1.54454846398773 
1894	-0.988369684999653 
1895	 1.87053973486857 
1896	 0.8252007943261 
1897	 0.827326233131088 
1898	 0.99483646549804 
1899	 0.872721621573392 
1900	 0.720809658998366 
1901	 0.654303780900709 
1902	 0.497178842716131 
1903	-6.22217270575272E-02 
1904	-0.541232447224115 
1905	 0.244734104378265 
1906	-0.266732856918839 
1907	-0.174708941185793 
1908	-0.777161442705258 
1909	-0.796292084918845 
1910	-1.4736255151791 
1911	-2.54617107137122 
1912	 2.03064160420675 
1913	 0.709057131706677 
1914	 0.291041199274712 
1915	 0.311603035947467 
1916	 0.904672077803584 
1917	 1.28412761091453 
1918	 3.55570579377013 
1919	 20.222101593907 
1920	-4.99544991594396 
1921	-1.55478917246542E-04 
1922	-0.151070227907777 
1923	-8.01002871176287E-02 
1924	 0.255969228508735 
1925	 0.337420345181438 
1926	 0.354218158068898 
1927	 0.434189806704907 
1928	 0.73238138838721 
1929	 0.706346491573964 
1930	-0.908062785018606 
1931	-3.96255154976222E-02 
1932	-0.501717295314498 
1933	-1.34657134944395 
1934	-0.845641740565126 
1935	 3.85784149667608 
1936	 1.6383765490025 
1937	 1.27581371625247 
1938	 1.56524041412919 
1939	 1.62663878109136 
1940	 2.29820434961761 
1941	 1.27517697887393 
1942	-2.77088479937865E-02 
1943	-0.55431611066554 
1944	-0.344641172849544 
1945	-0.59686559134094 
1946	-0.41331531684899 
1947	-0.223442372364431 
1948	-0.582652577976864 
1949	-0.717629511669091 
1950	-0.858537272203921 
1951	-0.429052231066903 
1952	-0.437775240296081 
1953	-0.161409514221978 
1954	-0.100978793929595 
1955	-0.370460013449836 
1956	-0.985474260138506 
1957	-0.837174267193773 
1958	-0.883611418385764 
1959	 0.516230217921959 
1960	-1.78321264964939 
1961	-1.76432020930819 
1962	-1.22273762424418 
1963	-2.53041581955154 
1964	-4.98333729391296 
1965	-3.16685706736917 
1966	-3.7516557688485 
1967	-17.5060737671458 
1968	 1.91984309062449 
1969	 1.59761730265093 
1970	 4.31969200055146 
1971	-4.03140205758347 
1972	-1.93540678660834 
1973	-1.0877167035189 
1974	-1.73105074988433 
1975	-5.13228581849154 
1976	-1.62559867556639 
1977	-4.1796154460372 
1978	-2.24616072646416 
1979	-1.10638989004778 
1980	-0.206169758640649 
1981	 2.10652369671555 
1982	-0.590044867976099 
1983	-0.871901321217073 
1984	-2.67064212693474 
1985	-2.9383715903008 
1986	-2.68816042055889 
1987	-2.56945276008312 
1988	-2.28053634534304 
1989	-1.51237536686337 
1990	-0.843421060847263 
1991	-0.465363942837341 
1992	-0.349842027238238 
1993	-0.104967781574501 
1994	 0.101275341116465 
1995	 0.819865790568682 
1996	 2.32442445543709 
1997	-88.7286158808119 
1998	-1.10078760741925 
1999	-0.236017118541933 
2000	 0.717834206440255 
2001	 0.656622154490618 
2002	 0.129213704011759 
2003	-2.19520120218096E-02 
2004	 4.74643871247144E-02 
2005	-5.70081491591517 
2006	-2.15081667169316 
2007	-1.52340977658176 
2008	-13.3605377705222 
2009	 7.94668725475743 
2010	 2.93616366493894 
2011	 3.87239801355107 
2012	 3.44934718356013 
2013	-3.74288381960566 
2014	-0.993532257030428 
2015	-1.06076352767171 
2016	-0.565477158833263 
2017	-0.748507495130749 
2018	-1.64232271078441 
2019	-2.39642273213026 
2020	-9.12712232600196 
2021	 3.84624517369083 
2022	 0.544383231966759 
2023	 0.170694933245035 
2024	 0.385289489780061 
2025	 0.357584553777709 
2026	 0.352295348122637 
2027	-0.161100396327276 
2028	-0.491868496381311 
2029	-0.151810312896257 
2030	-0.61813940913076 
2031	-131.07257720569 
2032	 1.06663868158601 
2033	 0.367372298226535 
2034	 0.322890412041266 
2035	 0.229993315663332 
2036	-1.24357878392318 
2037	-2.78034722069333 
2038	-3.25403690808936 
2039	-3.44391477357985 
2040	-3.20689409328998 
2041	-2.64280636122625 
2042	-2.75462477159525 
2043	-1.78829749518236 
2044	-0.791459575257903 
2045	-0.481101721466834 
2046	-0.319918736768213 
2047	 7.92374243647793E-02 
2048	-0.113385365132477 
2049	 1.64814215877335 
2050	 2.19596621340912 
2051	-10.0251599417049 
2052	-1.24165626831096 
2053	 0.133833513576878 
2054	 0.248720132840404 
2055	-5.80376976715953E-02 
2056	-0.235452140844197 
2057	-1.61754983013783 
2058	-1.86055587417192 
2059	-0.828453135775716 
2060	-0.585069003288272 
2061	-0.112955711293049 
2062	 0.256814460283037 
2063	 1.3097348463962 
2064	 0.629279231865739 
2065	-0.182225386205447 
2066	-0.250534510209932 
2067	-0.427920934796254 
2068	-0.583575722218974 
2069	-0.308906028160035 
2070	-0.392212429275883 
2071	-0.629183053008525 
2072	-0.597838426337471 
2073	-0.726458997527918 
2074	-2.0018736456506 
2075	-2.14222868543411 
2076	-1.5130201054173 
2077	-1.30829424412409 
2078	-0.606980914164781 
2079	-0.677529019794201 
2080	-1.50250066038584 
2081	-1.55168628617298 
2082	-2.24014392103444 
2083	-20.7240206691882 
2084	-0.759977268691081 
2085	-0.672086598810542 
2086	-0.698527828280434 
2087	-0.727908587423312 
2088	-0.757854102770544 
2089	 7.62505547690745 
2090	 1.62239936784541 
2091	 3.24890878090616 
2092	 5.95293707514289 
2093	-24.453344544904 
2094	-6.2491166092359 
2095	-1.64508252593892 
2096	-1.06841658295581 
2097	 0.362542769436476 
2098	 0.776110134592074 
2099	 0.919073984276315 
2100	-1.11375144879779 
2101	-2.84454354318345 
2102	-2.91795268973448 
2103	-1.32805174646414 
2104	-0.38011032732466 
2105	-0.189754494175916 
2106	-6.63083690206701E-02 
2107	-8.72334541611679E-02 
2108	-0.245019021958983 
2109	-0.24271433162123 
2110	-9.67948384967548E-02 
2111	-7.48284649776862E-02 
2112	 0.158878608254114 
2113	 0.179522992761786 
2114	-1.15270960367855E-02 
2115	 4.79882119731035E-02 
2116	 0.154448551242675 
2117	 0.129647443891101 
2118	 0.149696760052417 
2119	 0.113595678301617 
2120	-7.09105440975176E-02 
2121	-0.151011151555607 
2122	-1.69862749931005E-02 
2123	-1.62554950677757E-03 
2124	-0.126835224456246 
2125	-0.169259267998259 
2126	-0.512831299871417 
2127	-0.686130024419091 
2128	-0.468632582606465 
2129	-0.385853942037729 
2130	-0.256188957871132 
2131	-8.49145769752126E-02 
2132	-5.93407174493648E-02 
2133	-0.08061452970218 
2134	-2.95385495737216E-02 
2135	-4.74667212127405E-02 
2136	-1.46444022287491E-02 
2137	 0.18796021062567 
2138	 0.241330701064022 
2139	 0.209856671147976 
2140	 0.175405522079261 
2141	-8.89133183480705E-02 
2142	-6.11789371435449E-02 
2143	 0.152807379124804 
2144	 0.334859453086907 
2145	 0.62159547821043 
2146	 0.753517854090356 
2147	 0.652326199876942 
2148	 0.683379152496169 
2149	 0.359192313181527 
2150	 0.198455478219042 
2151	 0.121482639092813 
2152	-3.31871863093983E-02 
2153	 2.39839398629012E-02 
2154	 0.145000077184863 
2155	 0.23939435014525 
2156	 0.377727587706613 
2157	 0.427588751013816 
2158	 0.475542115358625 
2159	 0.455733609490057 
2160	 0.319995381493296 
2161	 0.197102888253532 
2162	 1.48689437496598E-02 
2163	-0.101501329328382 
2164	-0.254470951388649 
2165	-0.32343708835864 
2166	-0.29182369524424 
2167	-0.259953895410015 
2168	-0.218017054081114 
2169	-0.161944931411632 
2170	-3.92418753379116E-03 
2171	 8.13264173826549E-02 
2172	 8.10169497092856E-02 
2173	 0.176140648885268 
2174	 5.20755164387154E-02 
2175	 3.77739113723007E-03 
2176	-1.04610818090046E-02 
2177	-9.28364183070757E-02 
2178	 0.024349631570506 
2179	 2.39254557729939E-03 
2180	-0.150179232718714 
2181	-0.136066637752518 
2182	-0.141537737150454 
2183	-6.12444070309503E-02 
2184	-6.12516706927934E-02 
2185	-0.180297546406747 
2186	-0.287662217530133 
2187	-0.630297426827887 
2188	-0.708279942806331 
2189	-0.65158780130322 
2190	-0.605574984030588 
2191	-0.43240867536201 
2192	-0.330229553890273 
2193	-0.261951010122609 
2194	-0.21322979676249 
2195	-0.142109185419466 
2196	-0.083985109226366 
2197	-5.51885929517561E-02 
2198	 2.29681210185287E-02 
2199	 0.21567749091356 
2200	 0.174292312431884 
2201	 0.181103445108653 
2202	 0.231548440953966 
2203	 0.231191745381998 
2204	 9.54819968538068E-02 
2205	-9.45021977662692E-02 
2206	-0.261769096472763 
2207	-0.33127877421665 
2208	-0.242636273734294 
2209	-0.175714424677462 
2210	-0.17122975195564 
2211	-0.221209918029344 
2212	-0.270964722508198 
2213	-0.199341630089867 
2214	-0.137355851439834 
2215	-4.47794509917423E-02 
2216	 5.69748784268212E-02 
2217	 0.129139259349938 
2218	 0.205323354656782 
2219	 0.240214905538796 
2220	 0.263217348166243 
2221	 0.255687920995254 
2222	 0.205493618927933 
2223	 0.194689094495324 
2224	 0.161561830992517 
2225	 0.142252993382838 
2226	 0.188974054555676 
2227	 0.158448003225166 
2228	 5.94796955137877E-02 
2229	-6.68053560782777E-04 
2230	-7.01224059478883E-02 
2231	-0.186401176458528 
2232	-0.330230519021899 
2233	-0.391231734713822 
2234	-0.512498563279356 
2235	-0.520056672859013 
2236	-0.218974992796209 
2237	-5.42832833434679E-02 
2238	 4.73429782460625E-02 
2239	 0.111850549441579 
2240	-0.031393272352199 
2241	-0.310173557528429 
2242	-0.516382326934999 
2243	-0.50660407738142 
2244	-0.590249063539076 
2245	-0.594189783673727 
2246	-0.372565025608686 
2247	-0.235107347599259 
2248	-0.160346943794615 
2249	-6.27975808734152E-02 
2250	-3.94764017232186E-02 
2251	-9.25889005922808E-02 
2252	-0.291670355292927 
2253	-0.478761500034366 
2254	-0.651405762064233 
2255	-0.698381767072417 
2256	-0.462836670697203 
2257	-0.210533890163892 
2258	-0.136878474560349 
2259	 0.104501334264403 
2260	 0.151236570767036 
2261	 0.022193664477731 
2262	-1.39415617799108E-02 
2263	-0.111501770116974 
2264	-0.14627020854233 
2265	-0.131116015622052 
2266	-0.251529749357025 
2267	-0.294631466964362 
2268	-0.107697497833159 
2269	-0.224897715682358 
2270	-0.050952118509962 
2271	 0.320076331916943 
2272	 0.298545071912995 
2273	 0.23583912477477 
2274	 5.33389284726863E-02 
2275	-0.496349530575443 
2276	-0.753331961989755 
2277	-0.864533183498046 
2278	-0.962942988574385 
2279	-0.984914110142218 
2280	-0.761579672067669 
2281	-0.460786568474499 
2282	-0.204762910986808 
2283	 2.33996233441658E-02 
2284	 0.10283724420556 
2285	-1.26592962792883E-02 
2286	-1.21715074020762 
2287	 3.58183946616896 
2288	-772.92994308874 
2289	-2.11758970706577 
2290	-1.96894506349587 
2291	-1.17570138274677 
2292	-0.942595971397013 
2293	 2.32087321175826 
2294	 9.05040414209181 
2295	 7.99613984094426 
2296	 0.91609449859238 
2297	-0.445062417592427 
2298	-0.313975335611383 
2299	-0.204504062546396 
2300	-0.332117817194611 
2301	-0.449151897565229 
2302	-0.779534439330135 
2303	-1.12950420975058 
2304	-1.03365229113479 
2305	-0.906991939412149 
2306	-0.790115545849086 
2307	-0.453785036266456 
2308	-0.169443210598914 
2309	 0.223649986406004 
2310	 0.775483851091771 
2311	 0.544739192307446 
2312	 0.278671943024782 
2313	-0.183394137074108 
2314	-0.503281729701059 
2315	-0.522176142390189 
2316	-0.889792387437446 
2317	-0.903605431756546 
2318	-0.173390651710603 
2319	 8.20236591764794E-02 
2320	-0.234582837582192 
2321	-1.281141455733 
2322	-2.873327470639 
2323	-4.17012725751483 
2324	-2.53211110407001 
2325	-1.77944630139924 
2326	-1.49208018458227 
2327	-1.4104884822433 
2328	-0.995110236541304 
2329	-0.164401690399544 
2330	 3.79050575986949E-02 
2331	-0.140971068725947 
2332	-0.138540436510737 
2333	-0.136450470112375 
2334	-1.15890216250595 
2335	-0.826221777711661 
2336	-0.651922297181967 
2337	-1.49559299730502 
2338	-1.44325671152884 
2339	 3.27586093655822E-02 
2340	 0.165771679285823 
2341	-8.80755003622745E-02 
2342	-0.413649568809912 
2343	-1.63524859950979 
2344	-5.58981294189066 
2345	-33.0868673789684 
2346	 3.39884408863653 
2347	 2.32179996870064 
2348	 3.79874341631447 
2349	 4.09685366909628 
2350	-5.6431205491005 
2351	-5.61163182890245 
2352	 5.12848171553734 
2353	 3.01601052825061 
2354	 2.65217300042105 
2355	 2.59594258662102 
2356	 2.57306901882677 
2357	-39.2504227481924 
2358	-1.90490780446044 
2359	-1.73027530577814 
2360	-1.24805005659636 
2361	 6.5952278379228 
2362	 0.854003582140249 
2363	 0.734778783337404 
2364	 0.860431547174628 
2365	 0.922649100038533 
2366	 1.18230696274507 
2367	-94.2057838985352 
2368	-2.00837836488655 
2369	-0.680305657346348 
2370	-0.314910715903568 
2371	-0.274876199986951 
2372	-0.903185970817852 
2373	-3.34204228152637 
2374	-3.94800924843173 
2375	-7.20478919037197 
2376	-11.3386164529673 
2377	-3.82801812372907 
2378	 0.94183870691176 
2379	 0.127049032864109 
2380	-0.522161416614951 
2381	-0.336949776362119 
2382	 1.17263831634363 
2383	-3.62346765212213 
2384	-3.24400432963676 
2385	-5.2884994368736 
2386	-11.7549282200494 
2387	-2.8292392273398 
2388	-8.15101776375833 
2389	 3.76622280963091 
2390	 2.04576623261194 
2391	 0.990650794474133 
2392	 1.09078863250812 
2393	-4.39136276364835 
2394	-4.53143788761168 
2395	-11.6165023726532 
2396	 6.96049386927336 
2397	 1.74293716026774 
2398	 1.87717606014519 
2399	 3.83431046751947 
2400	 6.92334734951307 
2401	-1.62939695642943 
2402	-2.21363899468937 
2403	 4.150059460145 
2404	 4.95470551674373 
2405	 3.98845415925051 
2406	 1.92140290288408 
2407	 3.24146991258098 
2408	-1.8705771734792 
2409	 0.411894062339576 
2410	 0.128876032836246 
2411	 0.538451326634438 
2412	 0.74831788293263 
2413	 0.835339478844812 
2414	 1.05117538749213 
2415	 0.956085901916022 
2416	 1.12015029672737 
2417	 1.68678602909982 
2418	 3.17608109556823 
2419	 5.46076247050918 
2420	 3.59232640853769 
2421	-0.737476779377599 
2422	-0.914060592506331 
2423	-1.02983157896158 
2424	-0.892161188586456 
2425	-1.33735246524106 
2426	-2.26878582316149 
2427	 2.24148789679961 
2428	 1.14903842830525 
2429	 0.766154893427942 
2430	 0.268550549965189 
2431	 0.22797542659417 
2432	 0.372047925119591 
2433	-2.70327436872064E-02 
2434	-1.10437512239288 
2435	-2.75973562680807 
2436	 475.130844209169 
2437	 5.42307973467202 
2438	 1.39223424101764 
2439	 0.092994290086075 
2440	-0.725078585653707 
2441	-2.33177998753212 
2442	 14.0113358355851 
2443	 2.72886069455327 
2444	-5.16978314560696 
2445	 0.134517999219647 
2446	 1.22568491936615 
2447	 1.02710983594675 
2448	 1.28281146162639 
2449	 3.20454691995442 
2450	 5.9074366759004 
2451	-0.924340925109834 
2452	 4.2491471387423 
2453	 0.722327170856573 
2454	 2.61955090332472E-02 
2455	-0.117890160732896 
2456	-2.31995788520406 
2457	-0.389868787314094 
2458	-0.987717462679968 
2459	-0.724977929068496 
2460	-0.925179484169662 
2461	 5.43939635631929E-04 
2462	 57.3311267905216 
2463	 13.6173985122713 
2464	 4.23842061747671 
2465	-77.3505744781019 
2466	-4.67734314328264 
2467	-2.40175101116383 
2468	-1.56231282381399 
2469	-1.1112971064664 
2470	-1.48662830141009 
2471	-2.43928161835327 
2472	-5.01206801412759 
2473	 3.55051304411422 
2474	 1.69082449615965 
2475	 1.07264323287641 
2476	 1.19954181429037 
2477	 0.724845176382241 
2478	 0.839938442459287 
2479	 1.69355463631505 
2480	 2.53367034635031 
2481	 4.7500450312253 
2482	 1.87856033012842 
2483	 0.362952325008475 
2484	-0.255098838881833 
2485	-0.132593014282958 
2486	-0.248605259605856 
2487	-0.445755711603471 
2488	-0.527206108859952 
2489	 3.11795384784356 
2490	 0.688181238206924 
2491	 0.161255000602989 
2492	-0.178965019771704 
2493	 0.203752820518811 
2494	 0.757165986032892 
2495	 26.6071064408921 
2496	 4.03743400464375 
2497	 0.914965718370442 
2498	-0.497775249219886 
2499	-1.21690011250071 
2500	-3.09757946819617 
