Wavelength	rt0622clean00006.asd
350	 3.83053668053694E-02 
351	 3.80649554275557E-02 
352	 3.77103439002097E-02 
353	 3.77531549356778E-02 
354	 3.84173768742835E-02 
355	 3.95134595672055E-02 
356	 3.93387671301724E-02 
357	 0.03839214834855 
358	 3.78987022045733E-02 
359	 3.87006841738832E-02 
360	 3.90779862086475E-02 
361	 3.90959120302583E-02 
362	 3.99100865533446E-02 
363	 3.99130332571626E-02 
364	 3.94764444044309E-02 
365	 3.92136241325481E-02 
366	 3.97191779933886E-02 
367	 3.97243292493347E-02 
368	 3.94723335933583E-02 
369	 3.94970452168599E-02 
370	 3.98456146920875E-02 
371	 3.96768826428513E-02 
372	 3.95828077063537E-02 
373	 4.06487308199518E-02 
374	 4.02857304701936E-02 
375	 4.01174391619623E-02 
376	 4.08544637998196E-02 
377	 4.13490595119166E-02 
378	 4.13459100043857E-02 
379	 4.14363654400979E-02 
380	 4.20072251501628E-02 
381	 4.21273483982152E-02 
382	 4.18790582093388E-02 
383	 4.19255917781105E-02 
384	 0.042849910347193 
385	 4.26341525191435E-02 
386	 4.25402874320031E-02 
387	 4.28085190114916E-02 
388	 4.23145821917199E-02 
389	 4.29841105459542E-02 
390	 4.37540489470622E-02 
391	 4.36932540232302E-02 
392	 4.35907672597382E-02 
393	 4.36320125812393E-02 
394	 4.37900275027248E-02 
395	 4.39799337753518E-02 
396	 4.45029125476477E-02 
397	 4.45567137613143E-02 
398	 4.42626047155476E-02 
399	 4.45106067668654E-02 
400	 4.46246642564958E-02 
401	 0.044790278113641 
402	 4.50874127692866E-02 
403	 4.50510396833482E-02 
404	 4.50271916995483E-02 
405	 0.045166200325866 
406	 4.54564787990788E-02 
407	 4.54232123881457E-02 
408	 4.54485996657372E-02 
409	 0.045737037066328 
410	 4.62283712018491E-02 
411	 4.60272137829571E-02 
412	 4.58938247393296E-02 
413	 4.63411213426004E-02 
414	 4.65777151208355E-02 
415	 4.67546041148414E-02 
416	 4.69217282850728E-02 
417	 4.70882701907426E-02 
418	 4.71514039671749E-02 
419	 4.72996803592003E-02 
420	 4.76072815507518E-02 
421	 4.79994382107642E-02 
422	 4.81927677685356E-02 
423	 4.83335297634708E-02 
424	 4.85848303406479E-02 
425	 4.88827708317122E-02 
426	 0.049193323558414 
427	 4.94845115886538E-02 
428	 4.97453304510915E-02 
429	 0.05007366307141 
430	 5.04889694263889E-02 
431	 5.08921025867898E-02 
432	 5.10663782940368E-02 
433	 5.13261060431334E-02 
434	 5.15991135602595E-02 
435	 5.18277598022656E-02 
436	 0.052293355859646 
437	 5.26103559541147E-02 
438	 5.28549155819422E-02 
439	 5.33112438014264E-02 
440	 0.053685218973265 
441	 5.39526592334458E-02 
442	 5.41755058344875E-02 
443	 0.054489639488109 
444	 5.49792344461266E-02 
445	 0.055380449153597 
446	 5.54930980055629E-02 
447	 5.57428312835921E-02 
448	 0.05603972773791 
449	 5.63188507960172E-02 
450	 5.65455855626958E-02 
451	 5.67211613123322E-02 
452	 5.70372293093594E-02 
453	 5.74804151965508E-02 
454	 5.75644827370329E-02 
455	 0.057625490542447 
456	 0.057732175957173 
457	 5.78615743723676E-02 
458	 5.80153014815174E-02 
459	 5.81936155531322E-02 
460	 5.83583244243503E-02 
461	 5.84400293631545E-02 
462	 5.85754888042808E-02 
463	 5.87296430370131E-02 
464	 5.88630143473959E-02 
465	 5.90312066280309E-02 
466	 5.91282687947122E-02 
467	 5.92734839053659E-02 
468	 5.96216625424872E-02 
469	 5.97118787287591E-02 
470	 5.97761107917558E-02 
471	 5.99463249472975E-02 
472	 6.01314415780343E-02 
473	 6.03192590005042E-02 
474	 6.04697135539312E-02 
475	 6.05616891819486E-02 
476	 6.06106542616806E-02 
477	 6.09673950763778E-02 
478	 6.14305337594551E-02 
479	 6.14860449719279E-02 
480	 6.16756139118259E-02 
481	 6.19259504374259E-02 
482	 6.21466591030376E-02 
483	 6.23798496026076E-02 
484	 6.26323647646059E-02 
485	 6.29099032504788E-02 
486	 6.32204038101776E-02 
487	 6.36000053065597E-02 
488	 6.39390553334069E-02 
489	 6.42494300473756E-02 
490	 6.46588509793468E-02 
491	 6.49854727207339E-02 
492	 6.54379216697382E-02 
493	 6.60803513910934E-02 
494	 6.63853473831878E-02 
495	 6.67095295665103E-02 
496	 6.70968548460402E-02 
497	 6.74639004278068E-02 
498	 6.80443003158606E-02 
499	 6.86165299932878E-02 
500	 6.90835190319711E-02 
501	 6.96110203200593E-02 
502	 0.070135032388438 
503	 0.070663663992723 
504	 7.12275927925745E-02 
505	 7.18971804063197E-02 
506	 7.23381701671004E-02 
507	 7.26780664832871E-02 
508	 7.33730460795052E-02 
509	 7.39355528565726E-02 
510	 7.45052144515554E-02 
511	 7.51698045839719E-02 
512	 7.56410526510673E-02 
513	 7.62857506869863E-02 
514	 7.70236330455096E-02 
515	 7.76201292216992E-02 
516	 7.83212735506147E-02 
517	 7.89791866134825E-02 
518	 7.95974846194733E-02 
519	 8.04042604504048E-02 
520	 8.12418686413449E-02 
521	 8.19470706746513E-02 
522	 8.25087057515774E-02 
523	 8.34109135684972E-02 
524	 8.42707489231885E-02 
525	 8.50105550151168E-02 
526	 8.57847420265867E-02 
527	 8.66368697115082E-02 
528	 8.74495905571834E-02 
529	 8.81914372364121E-02 
530	 8.90581389123952E-02 
531	 8.98430120947818E-02 
532	 9.06949493783031E-02 
533	 9.17859390593887E-02 
534	 9.26283314293188E-02 
535	 9.34784086421167E-02 
536	 9.44205747814348E-02 
537	 9.52866072846259E-02 
538	 0.09623164284205 
539	 9.72037806771417E-02 
540	 9.81428860981966E-02 
541	 9.91411458614757E-02 
542	 0.10011237505972 
543	 0.101021314970593 
544	 0.101879067278307 
545	 0.102760915474576 
546	 0.103710801661639 
547	 0.104683915894572 
548	 0.105472045130809 
549	 0.106300468692113 
550	 0.107180698389044 
551	 0.108060177121876 
552	 0.108980017783339 
553	 0.109898370618063 
554	 0.110797712654329 
555	 0.111685493519413 
556	 0.11241682606835 
557	 0.113158681978165 
558	 0.114065693431504 
559	 0.115039210199596 
560	 0.115886544137691 
561	 0.116627714799882 
562	 0.117417956848155 
563	 0.118191193426248 
564	 0.118938876371517 
565	 0.119653922240647 
566	 0.12033329409691 
567	 0.120815392641016 
568	 0.121245864591444 
569	 0.121828693947972 
570	 0.122381039569187 
571	 0.122815168480364 
572	 0.123112354068018 
573	 0.12332176786046 
574	 0.123533217194982 
575	 0.123751393321656 
576	 0.123974289420884 
577	 0.124281600083962 
578	 0.124470722106371 
579	 0.124516333673347 
580	 0.124518720622267 
581	 0.124597424477331 
582	 0.124550712767343 
583	 0.124311636524617 
584	 0.124130354373738 
585	 0.123920544114522 
586	 0.123541858175255 
587	 0.122926817180334 
588	 0.122626285455616 
589	 0.122455759776801 
590	 0.122188464298835 
591	 0.121636285671652 
592	 0.121239434596654 
593	 0.120752001746161 
594	 0.120006782230109 
595	 0.11949547720852 
596	 0.118856855410677 
597	 0.117941206017737 
598	 0.116781317607533 
599	 0.115808071572543 
600	 0.11497855507961 
601	 0.114280069696664 
602	 0.11386260584644 
603	 0.113575583151609 
604	 0.113397108521783 
605	 0.113321640072928 
606	 0.113196857056473 
607	 0.113113890402604 
608	 0.113100575947213 
609	 0.113105102517102 
610	 0.113069427114055 
611	 0.113058486243577 
612	 0.11311968005788 
613	 0.113190365880497 
614	 0.113066341630743 
615	 0.112888202419096 
616	 0.112948113039688 
617	 0.112915158226925 
618	 0.112822090077831 
619	 0.112747054069987 
620	 0.112783682004944 
621	 0.112702822203279 
622	 0.112615144349865 
623	 0.112662567626622 
624	 0.112575200937336 
625	 0.112333788588884 
626	 0.112074444436009 
627	 0.112060631987199 
628	 0.112208795056649 
629	 0.112258967483325 
630	 0.112087772240869 
631	 0.111993282015348 
632	 0.11195088298212 
633	 0.111874310396019 
634	 0.111662546379123 
635	 0.11140161115005 
636	 0.111277807277544 
637	 0.111261437428159 
638	 0.111009205386873 
639	 0.110700692676425 
640	 0.110494682204695 
641	 0.110447996724728 
642	 0.110241488297732 
643	 0.109850266098522 
644	 0.109458928766669 
645	 0.109368927450855 
646	 0.108731780868307 
647	 0.108193208113603 
648	 0.108153144199096 
649	 0.107738245944148 
650	 0.107479736921628 
651	 0.107197044584117 
652	 0.106572065649103 
653	 0.106089508600104 
654	 0.105635394099747 
655	 0.105037532963561 
656	 0.104194090629052 
657	 0.103360579496135 
658	 0.102768271675536 
659	 0.10243823788104 
660	 0.101902058526924 
661	 0.101485987008793 
662	 0.101086516236567 
663	 0.100407556638524 
664	 0.100013728681639 
665	 9.96819498758692E-02 
666	 9.92634099993103E-02 
667	 9.89262598009496E-02 
668	 9.87490652217344E-02 
669	 9.86212530370015E-02 
670	 9.83956085101888E-02 
671	 9.80939879433463E-02 
672	 9.79766662998165E-02 
673	 9.80100855638865E-02 
674	 9.78965580599311E-02 
675	 9.79038484041066E-02 
676	 9.80124214876676E-02 
677	 9.81489165887863E-02 
678	 9.82444000893098E-02 
679	 9.83268791728409E-02 
680	 9.85602900477337E-02 
681	 9.90830851225966E-02 
682	 9.94057960402695E-02 
683	 9.97495536490026E-02 
684	 0.100245345878496 
685	 0.10087882155344 
686	 0.101216171655077 
687	 0.101589462882795 
688	 0.102310799286381 
689	 0.102795829570241 
690	 0.103034035696365 
691	 0.10292389359315 
692	 0.102384831450768 
693	 0.102350896499686 
694	 0.102361467482721 
695	 0.102036669575303 
696	 0.101452121091171 
697	 0.10097870682522 
698	 0.100364922860076 
699	 9.93982865039014E-02 
700	 9.89331397013917E-02 
701	 9.82489435729613E-02 
702	 0.097223256301217 
703	 9.62275634254677E-02 
704	 9.51273552852515E-02 
705	 9.40226340118493E-02 
706	 9.29558053733106E-02 
707	 0.091686699902265 
708	 9.03723314672012E-02 
709	 8.89685651490366E-02 
710	 8.73905561479562E-02 
711	 8.57189333673582E-02 
712	 8.38925194969411E-02 
713	 8.19567638868359E-02 
714	 8.00242349338301E-02 
715	 7.80924203520962E-02 
716	 7.60077656180757E-02 
717	 0.073850610922316 
718	 7.18576448865781E-02 
719	 0.069950194779126 
720	 6.84267002135696E-02 
721	 6.71640863368839E-02 
722	 6.55916286409377E-02 
723	 6.38428788980826E-02 
724	 6.21862896032847E-02 
725	 6.03952626502428E-02 
726	 5.88097825118038E-02 
727	 5.72518957715316E-02 
728	 0.055541017398541 
729	 5.37252583149509E-02 
730	 5.20630021077424E-02 
731	 5.07543599193941E-02 
732	 4.97585221944453E-02 
733	 4.87837193388893E-02 
734	 0.047891765023724 
735	 0.047138785553218 
736	 4.65252015194829E-02 
737	 0.046010616708276 
738	 4.57307001616981E-02 
739	 4.57357806959799E-02 
740	 4.57106948321933E-02 
741	 4.56158829020502E-02 
742	 4.54894261100432E-02 
743	 4.54174943966124E-02 
744	 4.54788898067531E-02 
745	 4.54546744161449E-02 
746	 4.53312493202993E-02 
747	 4.54040651347927E-02 
748	 4.54993301888406E-02 
749	 4.54713334508426E-02 
750	 4.52871446664048E-02 
751	 4.52461989512154E-02 
752	 4.52070507642718E-02 
753	 4.51648235665617E-02 
754	 4.51874091964599E-02 
755	 4.53186054687117E-02 
756	 4.52179116479724E-02 
757	 0.044879936174038 
758	 4.48296738090108E-02 
759	 4.46646595277858E-02 
760	 4.42304885213308E-02 
761	 4.39523348711712E-02 
762	 4.41619059464053E-02 
763	 4.43759181468029E-02 
764	 4.45953881803358E-02 
765	 4.48966729164737E-02 
766	 4.48004719280619E-02 
767	 4.48597429227399E-02 
768	 4.51088375019611E-02 
769	 4.51221392964209E-02 
770	 4.53056136305271E-02 
771	 4.54314406993672E-02 
772	 4.53589521824618E-02 
773	 0.045532974669291 
774	 4.55549441674989E-02 
775	 4.56198110587132E-02 
776	 4.60030359034279E-02 
777	 0.045796302696943 
778	 4.58060981064925E-02 
779	 4.62126721829716E-02 
780	 0.046448425334294 
781	 4.64861764719757E-02 
782	 4.65653452098944E-02 
783	 4.67937401886926E-02 
784	 4.68426307856944E-02 
785	 0.046981431043971 
786	 4.71807626957046E-02 
787	 4.73010988707089E-02 
788	 4.72129176218993E-02 
789	 4.74189782871387E-02 
790	 4.79061369204265E-02 
791	 4.82341056223666E-02 
792	 4.85077710171249E-02 
793	 4.87708536220102E-02 
794	 4.89864866751823E-02 
795	 4.89716820258129E-02 
796	 4.91642499545269E-02 
797	 4.94932095774278E-02 
798	 4.97486836523761E-02 
799	 4.97462845233409E-02 
800	 4.98909116105415E-02 
801	 5.01181659608517E-02 
802	 5.01595427839481E-02 
803	 5.04434693768995E-02 
804	 5.06836030692984E-02 
805	 5.07541893665985E-02 
806	 5.07651501962018E-02 
807	 5.05123325759186E-02 
808	 5.03989937962808E-02 
809	 5.05881998921815E-02 
810	 5.03084700981907E-02 
811	 0.0497539838609 
812	 4.93204201698768E-02 
813	 4.93893947122353E-02 
814	 4.93246789355116E-02 
815	 4.86827016153081E-02 
816	 4.79900734451752E-02 
817	 4.82702496134306E-02 
818	 4.81689411736194E-02 
819	 0.047653727942521 
820	 4.70220590568107E-02 
821	 4.68043021967273E-02 
822	 0.046091605381853 
823	 4.52781356445215E-02 
824	 4.47571945155377E-02 
825	 4.39970496076833E-02 
826	 4.33757453845971E-02 
827	 4.29626613869559E-02 
828	 4.26207224241841E-02 
829	 4.16529762121796E-02 
830	 0.040763308374405 
831	 4.02903271987035E-02 
832	 4.01854695335365E-02 
833	 3.99610889259799E-02 
834	 3.96576032814586E-02 
835	 3.94276205754818E-02 
836	 3.94599366680038E-02 
837	 3.93417758333555E-02 
838	 3.91558621000148E-02 
839	 3.89934713963239E-02 
840	 3.86440630084372E-02 
841	 3.84818980492801E-02 
842	 3.85080432259787E-02 
843	 0.038557306040041 
844	 3.84537919461459E-02 
845	 3.83629801402142E-02 
846	 3.82746808455548E-02 
847	 3.80705736367173E-02 
848	 3.79091283899424E-02 
849	 0.037650727435086 
850	 3.75399571375767E-02 
851	 3.82387829135597E-02 
852	 3.78340316925821E-02 
853	 3.75156279861185E-02 
854	 3.80271146754243E-02 
855	 3.77435221891049E-02 
856	 0.037504677867024 
857	 3.74658162809259E-02 
858	 3.74951593708228E-02 
859	 3.71002300548727E-02 
860	 3.70789601489432E-02 
861	 3.72914665255579E-02 
862	 3.71744008970262E-02 
863	 0.036831273008645 
864	 3.68471441372115E-02 
865	 3.71397895646935E-02 
866	 3.70535129523978E-02 
867	 3.71421891982231E-02 
868	 3.69281640785784E-02 
869	 3.65619511790797E-02 
870	 0.037090602752477 
871	 0.036565237613802 
872	 3.62467096365838E-02 
873	 3.68955660045676E-02 
874	 3.65811445917531E-02 
875	 3.64257195872586E-02 
876	 3.63457265156813E-02 
877	 3.60405367869985E-02 
878	 3.57376206713802E-02 
879	 3.58433819181669E-02 
880	 3.59433782023024E-02 
881	 3.54638979315473E-02 
882	 3.52374178468059E-02 
883	 3.58164774376313E-02 
884	 3.61893716998119E-02 
885	 3.47425500758537E-02 
886	 3.49135523064257E-02 
887	 3.52871757738183E-02 
888	 3.51832005889769E-02 
889	 3.53492333467099E-02 
890	 3.52998012544981E-02 
891	 3.48644455069359E-02 
892	 0.034451348235908 
893	 3.54504060031527E-02 
894	 3.42585890438961E-02 
895	 3.31589280123423E-02 
896	 3.44853060105177E-02 
897	 3.43973441938551E-02 
898	 3.32800432146761E-02 
899	 0.032888107479537 
900	 3.41670217610553E-02 
901	 3.38649718320627E-02 
902	 3.27473331944226E-02 
903	 3.19340638424451E-02 
904	 3.22647177045585E-02 
905	 3.25843902015798E-02 
906	 3.34855043055858E-02 
907	 3.44621122940155E-02 
908	 3.41626804499636E-02 
909	 3.18730305266454E-02 
910	 3.16607376915625E-02 
911	 3.29407308842306E-02 
912	 3.12312501937422E-02 
913	 3.09341018775605E-02 
914	 3.08630108224251E-02 
915	 3.07989690237775E-02 
916	 3.20986282493913E-02 
917	 3.24891831498762E-02 
918	 3.20591735112878E-02 
919	 3.13682607317406E-02 
920	 3.10355304802389E-02 
921	 0.031192540223496 
922	 3.14388127654801E-02 
923	 3.17031818078916E-02 
924	 0.032835402542215 
925	 3.45088566861493E-02 
926	 3.41623869392708E-02 
927	 3.04287433731343E-02 
928	 2.96429766307036E-02 
929	 3.05715226068396E-02 
930	 3.08575747793444E-02 
931	 2.78274158090174E-02 
932	 2.69890048299611E-02 
933	 2.80789279396302E-02 
934	 3.03713333089131E-02 
935	 3.18260049617813E-02 
936	 2.93892440166923E-02 
937	 2.56650864950144E-02 
938	 0.025363814064638 
939	 2.90850668309755E-02 
940	 2.04818165314421E-02 
941	 2.35005090005504E-02 
942	 3.32167447507765E-02 
943	 3.20379600431353E-02 
944	 2.41823089855067E-02 
945	 3.01343617194382E-02 
946	 3.88337309110455E-02 
947	 2.81867061242109E-02 
948	 2.67904446944961E-02 
949	 2.53191072490744E-02 
950	 2.12868612861623E-02 
951	 0.01899565914358 
952	 2.74558687804003E-02 
953	 3.05371406967768E-02 
954	 2.85237838977514E-02 
955	 3.18525254017993E-02 
956	 3.05195340323771E-02 
957	 2.83484934605578E-02 
958	 2.64095924904526E-02 
959	 2.36520579878268E-02 
960	 2.41267525693895E-02 
961	 2.49606135812191E-02 
962	 2.49373748326745E-02 
963	 0.02505023089751 
964	 3.00876881974139E-02 
965	 2.76286555253663E-02 
966	 2.22436165658062E-02 
967	 2.79802973893746E-02 
968	 2.89108821533244E-02 
969	 2.90357427631353E-02 
970	 2.89321631667301E-02 
971	 0.025664983264319 
972	 2.48803947491915E-02 
973	 2.62348517518218E-02 
974	 2.81997353747001E-02 
975	 2.88280368183898E-02 
976	 0.026727589800302 
977	 2.69495226557941E-02 
978	 0.028831034794906 
979	 2.72114405679529E-02 
980	 2.62646977628247E-02 
981	 2.64658177657852E-02 
982	 2.75407654421059E-02 
983	 2.85310845122745E-02 
984	 2.57392175490089E-02 
985	 2.48238319098866E-02 
986	 2.65148263613125E-02 
987	 0.027208711778645 
988	 2.78240155309372E-02 
989	 2.71922237571355E-02 
990	 2.59544841668193E-02 
991	 2.62364787998592E-02 
992	 3.02230680161993E-02 
993	 2.88640679635222E-02 
994	 2.41923661906631E-02 
995	 2.50717682484426E-02 
996	 2.69075698338191E-02 
997	 2.70848324769368E-02 
998	 2.53289162350078E-02 
999	 0.023640624307852 
1000	 2.68989395353932E-02 
1001	 3.00370067851495E-02 
1002	 3.03796490248191E-02 
1003	 3.02159415013424E-02 
1004	 2.95798097628739E-02 
1005	 2.92872324310204E-02 
1006	 2.88812935211756E-02 
1007	 2.85984564656839E-02 
1008	 2.83538214739638E-02 
1009	 2.84365452465866E-02 
1010	 2.80235748918658E-02 
1011	 2.74794676566927E-02 
1012	 0.02779316210813 
1013	 2.79793697408508E-02 
1014	 2.82467281832657E-02 
1015	 2.90221933993706E-02 
1016	 2.91621924098877E-02 
1017	 2.87400876112075E-02 
1018	 2.88321308725493E-02 
1019	 2.88083925094004E-02 
1020	 2.90380292422768E-02 
1021	 2.98336837204484E-02 
1022	 3.01639740719261E-02 
1023	 3.09799438648539E-02 
1024	 3.13060765529782E-02 
1025	 3.06479641432978E-02 
1026	 3.08174822193119E-02 
1027	 3.05279861900549E-02 
1028	 2.94666972113661E-02 
1029	 2.91618280246094E-02 
1030	 2.92745037942634E-02 
1031	 2.93010712642198E-02 
1032	 2.93574328241551E-02 
1033	 2.94982153980548E-02 
1034	 2.99925419689349E-02 
1035	 0.030143578725006 
1036	 3.02621505163867E-02 
1037	 3.03776341260474E-02 
1038	 3.02423781235442E-02 
1039	 3.00426936454389E-02 
1040	 3.07572036180052E-02 
1041	 3.06397698126734E-02 
1042	 3.06796191043614E-02 
1043	 3.09733920115664E-02 
1044	 0.0306332148801 
1045	 2.94561808929913E-02 
1046	 2.93360938679621E-02 
1047	 2.96056811856051E-02 
1048	 2.95794582552414E-02 
1049	 2.97680357405782E-02 
1050	 3.00648496418173E-02 
1051	 3.04181519021491E-02 
1052	 3.03536870092747E-02 
1053	 3.03481270756723E-02 
1054	 3.03729954222802E-02 
1055	 2.97527470752286E-02 
1056	 2.94621339923242E-02 
1057	 2.93726052484409E-02 
1058	 2.97503778167864E-02 
1059	 2.98654010052004E-02 
1060	 2.99943538721813E-02 
1061	 2.99934912782679E-02 
1062	 2.99460087609123E-02 
1063	 2.99633519483395E-02 
1064	 2.98049887143316E-02 
1065	 2.98458108016725E-02 
1066	 3.04488706016512E-02 
1067	 3.03046549337773E-02 
1068	 2.92498246829973E-02 
1069	 2.91828185895335E-02 
1070	 2.95291932563759E-02 
1071	 2.94684958812036E-02 
1072	 2.97367150038042E-02 
1073	 3.02693865557173E-02 
1074	 3.01745586119574E-02 
1075	 2.89562885091483E-02 
1076	 2.90645668087274E-02 
1077	 2.99260868352643E-02 
1078	 3.01325699885409E-02 
1079	 3.07060965106629E-02 
1080	 3.07242822873002E-02 
1081	 3.00029826461306E-02 
1082	 0.029621484014375 
1083	 2.91802110042422E-02 
1084	 2.89426873915077E-02 
1085	 2.87262833059088E-02 
1086	 2.86195366359867E-02 
1087	 2.88228701440693E-02 
1088	 2.88037771732868E-02 
1089	 2.83002185373608E-02 
1090	 2.88269891476897E-02 
1091	 2.87793582458918E-02 
1092	 2.83265988717406E-02 
1093	 2.84155589191817E-02 
1094	 2.89089539641441E-02 
1095	 2.88556489695801E-02 
1096	 2.88960144980473E-02 
1097	 2.89688002272134E-02 
1098	 2.87777053405915E-02 
1099	 2.83505714387376E-02 
1100	 2.72875337466426E-02 
1101	 2.73238890272262E-02 
1102	 2.83681359836032E-02 
1103	 2.83271247168703E-02 
1104	 2.85227273602965E-02 
1105	 0.028728077548593 
1106	 2.78768952148192E-02 
1107	 2.61281382363394E-02 
1108	 2.60580804177721E-02 
1109	 0.027463208577862 
1110	 0.027545269176375 
1111	 2.71373165722234E-02 
1112	 2.66689504588857E-02 
1113	 2.50763943340204E-02 
1114	 2.47199182694993E-02 
1115	 2.53789087949564E-02 
1116	 2.59027361495665E-02 
1117	 0.028398537323572 
1118	 2.87494903975472E-02 
1119	 2.55796153627341E-02 
1120	 2.52464538483073E-02 
1121	 2.45609790474068E-02 
1122	 2.66411789585202E-02 
1123	 3.36658281581028E-02 
1124	 3.34338377099053E-02 
1125	 3.33096898699799E-02 
1126	 0.024254904711793 
1127	 3.27047132777738E-03 
1128	 8.04292671861849E-03 
1129	 1.17426833553841E-02 
1130	 1.57477138140737E-02 
1131	 2.04415482251838E-02 
1132	 3.58770180747988E-02 
1133	 3.54374503698449E-02 
1134	 2.95646066864786E-02 
1135	 2.79054610409536E-02 
1136	 1.75652366828038E-02 
1137	 1.69867862601543E-02 
1138	 2.28580476380726E-02 
1139	 0.027133372318351 
1140	 2.82113330815969E-02 
1141	 2.87859899972903E-02 
1142	 2.41958051709379E-02 
1143	 2.01937303319569E-02 
1144	 2.03691523278457E-02 
1145	 2.12035570192514E-02 
1146	 2.26139323765886E-02 
1147	 2.38143788127218E-02 
1148	 2.44545928153196E-02 
1149	 2.38617116499761E-02 
1150	 2.30832142020305E-02 
1151	 2.16462971459584E-02 
1152	 2.09157709048349E-02 
1153	 1.97470760886856E-02 
1154	 1.98933221751245E-02 
1155	 2.12513909717564E-02 
1156	 0.020211130537789 
1157	 0.020583712838168 
1158	 2.20728296829589E-02 
1159	 2.15810238759646E-02 
1160	 2.16914122169582E-02 
1161	 2.29373938367257E-02 
1162	 2.29106239690222E-02 
1163	 2.29007953421578E-02 
1164	 2.32441688230401E-02 
1165	 2.24981264653582E-02 
1166	 2.16947976852407E-02 
1167	 2.20933010266252E-02 
1168	 2.26585150676146E-02 
1169	 2.24455239847493E-02 
1170	 2.21760670508331E-02 
1171	 2.20030680000896E-02 
1172	 2.12981895130885E-02 
1173	 2.11358495859957E-02 
1174	 2.14887822874254E-02 
1175	 2.14687136002127E-02 
1176	 2.11507349780417E-02 
1177	 2.10411799176105E-02 
1178	 2.05858949390398E-02 
1179	 2.05185243801444E-02 
1180	 2.17834826682358E-02 
1181	 2.23908462550357E-02 
1182	 2.18273414687949E-02 
1183	 2.19485677806085E-02 
1184	 2.19480583999356E-02 
1185	 2.14282827423596E-02 
1186	 0.021212525522491 
1187	 2.11656839487929E-02 
1188	 2.10659583551648E-02 
1189	 2.08587235939157E-02 
1190	 2.12807305736519E-02 
1191	 0.021945569871536 
1192	 2.20019605854307E-02 
1193	 2.13567890544688E-02 
1194	 0.02113969742267 
1195	 2.16942358118303E-02 
1196	 2.16670163342251E-02 
1197	 2.15098388247043E-02 
1198	 2.15089157766423E-02 
1199	 2.10890764201731E-02 
1200	 2.12436631107686E-02 
1201	 2.23179344885394E-02 
1202	 2.25113396318102E-02 
1203	 2.18496287666828E-02 
1204	 2.14096629810578E-02 
1205	 2.10480560168361E-02 
1206	 0.021150309578545 
1207	 0.021409901338816 
1208	 2.11022101438083E-02 
1209	 2.10066132013369E-02 
1210	 2.15421573397688E-02 
1211	 2.22899774979971E-02 
1212	 2.27245867037546E-02 
1213	 2.22403875855523E-02 
1214	 2.20624055258879E-02 
1215	 2.13159445108272E-02 
1216	 2.12565286050091E-02 
1217	 2.15976102229673E-02 
1218	 2.20418421561359E-02 
1219	 2.23709696134658E-02 
1220	 2.19828376551931E-02 
1221	 2.11505593906017E-02 
1222	 2.11252190551284E-02 
1223	 2.10314614662759E-02 
1224	 2.06730385296574E-02 
1225	 2.16746955650649E-02 
1226	 2.23886642751813E-02 
1227	 2.19346362848442E-02 
1228	 2.20668856342815E-02 
1229	 2.22127422442624E-02 
1230	 2.19609574286479E-02 
1231	 2.19184118376226E-02 
1232	 0.02180685786372 
1233	 2.16022742327038E-02 
1234	 2.14518989081316E-02 
1235	 2.14813018731291E-02 
1236	 2.24516447480528E-02 
1237	 2.24588719353334E-02 
1238	 2.18792022164195E-02 
1239	 0.021423616029399 
1240	 2.16570490690205E-02 
1241	 2.19957169721117E-02 
1242	 2.24102986968828E-02 
1243	 2.28062069491367E-02 
1244	 2.24299528834939E-02 
1245	 2.18896564244045E-02 
1246	 2.21910626356198E-02 
1247	 2.24600909508574E-02 
1248	 0.022403299057134 
1249	 2.27947354366919E-02 
1250	 2.27777744934078E-02 
1251	 2.20257107213521E-02 
1252	 2.17827756974434E-02 
1253	 2.20818139811783E-02 
1254	 2.22873058712628E-02 
1255	 2.23275612389654E-02 
1256	 2.23138136908103E-02 
1257	 2.19971090893056E-02 
1258	 2.20142131511538E-02 
1259	 2.22553189494315E-02 
1260	 2.23240480180134E-02 
1261	 2.27639613100006E-02 
1262	 0.022671346871948 
1263	 2.19884581331317E-02 
1264	 2.12747280905242E-02 
1265	 0.021310865121992 
1266	 2.16406339944523E-02 
1267	 2.15118295996436E-02 
1268	 2.19138731248254E-02 
1269	 2.29860565620131E-02 
1270	 0.022960593582303 
1271	 2.23217288609285E-02 
1272	 2.24472128737071E-02 
1273	 2.24338120078771E-02 
1274	 2.17587761279545E-02 
1275	 2.16745103413826E-02 
1276	 2.20772266662168E-02 
1277	 2.21071819923196E-02 
1278	 2.18484213187637E-02 
1279	 2.17231314047921E-02 
1280	 2.17851096142252E-02 
1281	 2.17663320840884E-02 
1282	 2.14138373664669E-02 
1283	 2.14383373481471E-02 
1284	 2.19446671468721E-02 
1285	 2.20294157807211E-02 
1286	 2.18065461955489E-02 
1287	 2.18591991697824E-02 
1288	 2.20182445823183E-02 
1289	 2.18760162406083E-02 
1290	 2.15495319234028E-02 
1291	 2.17717009699866E-02 
1292	 2.14994022632222E-02 
1293	 2.10733609334129E-02 
1294	 2.14341316499549E-02 
1295	 0.021452463566558 
1296	 2.05744527609793E-02 
1297	 2.05491084995693E-02 
1298	 2.09879760050091E-02 
1299	 2.03653663021894E-02 
1300	 2.00550412408729E-02 
1301	 0.020649023482751 
1302	 0.020373072808657 
1303	 1.97162958149721E-02 
1304	 2.04210520751225E-02 
1305	 2.08032223299388E-02 
1306	 2.05693583018835E-02 
1307	 1.97215994147544E-02 
1308	 1.99577246695684E-02 
1309	 2.00881764641272E-02 
1310	 1.98731342579801E-02 
1311	 2.04311813170973E-02 
1312	 2.05539676067837E-02 
1313	 2.00192650846975E-02 
1314	 1.95593994777235E-02 
1315	 1.88639580222999E-02 
1316	 1.86681568811545E-02 
1317	 1.86271314756943E-02 
1318	 1.83387508293608E-02 
1319	 1.82552643660492E-02 
1320	 1.87300861328888E-02 
1321	 1.93829425971461E-02 
1322	 1.95423243938159E-02 
1323	 1.96370093608094E-02 
1324	 1.96675124843703E-02 
1325	 1.90855413725075E-02 
1326	 1.79388980820451E-02 
1327	 1.69486773872728E-02 
1328	 1.73491180598655E-02 
1329	 1.87419620566981E-02 
1330	 1.80851592328058E-02 
1331	 1.67385545035822E-02 
1332	 1.68579590410812E-02 
1333	 1.74638891249872E-02 
1334	 0.017109028799213 
1335	 1.65103576865901E-02 
1336	 0.018002346100985 
1337	 0.018271957265693 
1338	 1.57469795406931E-02 
1339	 1.45593141219027E-02 
1340	 1.45437772755931E-02 
1341	 1.45729054340153E-02 
1342	 1.41507052434789E-02 
1343	 1.40264619066761E-02 
1344	 1.54913338489588E-02 
1345	 1.66315143547143E-02 
1346	 1.66500964037294E-02 
1347	 0.017816478538572 
1348	 2.29098632944073E-02 
1349	 2.71127441833044E-02 
1350	 3.18093917548687E-02 
1351	 3.40836947236066E-02 
1352	 2.63768518235439E-02 
1353	 2.43771487646328E-02 
1354	 1.08611173119722E-02 
1355	 4.19001090219911E-03 
1356	 4.92969858420233E-02 
1357	 0.117834603115698 
1358	 0.208717227116985 
1359	 0.227537262908856 
1360	 0.164815690009896 
1361	 0.411342538412898 
1362	 0.560306478392474 
1363	 0.248975081290074 
1364	 9.70837759773293E-02 
1365	 1.14047748309294E-02 
1366	 7.67645963123399E-02 
1367	 5.11341613635374E-02 
1368	-2.50687090187182E-02 
1369	-0.140297051444751 
1370	-0.211759877000223 
1371	-0.390893621896513 
1372	-0.279324843797247 
1373	 2.29950311934343E-02 
1374	 0.141940145213325 
1375	 0.349835602819688 
1376	 0.420409456207752 
1377	 0.579614611565643 
1378	 0.368082073116402 
1379	-0.131531163013807 
1380	-0.205202502843414 
1381	-0.143316005050549 
1382	-0.126875891790196 
1383	-1.08208180818527E-02 
1384	 0.268262710846061 
1385	-5.02411162854031 
1386	-2.94266153226941 
1387	-0.866112319325879 
1388	-0.531551139512237 
1389	-0.329664459461895 
1390	-0.372890228673363 
1391	-7.82995768700665E-02 
1392	-0.142232435746261 
1393	-1.09955049295246 
1394	-0.606282565822543 
1395	-2.63058820342182 
1396	 1.0359972306895 
1397	 0.491364770672235 
1398	 2.73582645501893 
1399	 1.65565058831943 
1400	 0.88400403039861 
1401	 0.705687444149374 
1402	 1.03084222275029 
1403	 0.82054782747646 
1404	-0.230462499819608 
1405	 0.040375646936186 
1406	 0.754588275865077 
1407	 1.14484900241266 
1408	 5.98687169800157 
1409	 2.34496157120569 
1410	 0.532503381129972 
1411	 0.390295641366698 
1412	 0.455703291683968 
1413	 0.376591972578571 
1414	 0.325712054395015 
1415	 0.267216595787783 
1416	 0.118437145918524 
1417	 5.38222576546818E-02 
1418	 4.07187783146392E-02 
1419	 4.94336092233404E-02 
1420	 0.110005052786747 
1421	 7.88666310967442E-02 
1422	 5.23290325069051E-03 
1423	 3.18278325302258E-05 
1424	-1.94869565332098E-02 
1425	-2.26799448895616E-02 
1426	 2.07195604433709E-02 
1427	 2.74000472178405E-02 
1428	 7.69411562036139E-03 
1429	 1.50891708964414E-02 
1430	 3.33136872635276E-02 
1431	 4.13214211937494E-02 
1432	 5.94479410144712E-02 
1433	 5.51356359717505E-02 
1434	 0.02009186295883 
1435	 1.43776646909596E-02 
1436	 1.96883284359632E-02 
1437	 0.025131979559562 
1438	 1.53938031026396E-02 
1439	 9.76414071828678E-03 
1440	 1.72328176914037E-02 
1441	 1.47975440502698E-02 
1442	 2.60326653208547E-02 
1443	 0.037550450448569 
1444	 2.43969087639554E-02 
1445	 0.011881338725986 
1446	 1.51894050505752E-02 
1447	 2.02414235814611E-02 
1448	 1.93846466719661E-02 
1449	 2.05400499591936E-02 
1450	 2.13242525042469E-02 
1451	 1.92590054991809E-02 
1452	 1.63323778653322E-02 
1453	 1.55653594383799E-02 
1454	 0.013424545715677 
1455	 9.23513039310489E-03 
1456	 6.87168312350993E-03 
1457	 5.48042868082891E-03 
1458	 3.75282749476752E-03 
1459	-1.66148030327922E-04 
1460	 9.57061747642086E-04 
1461	 7.23186148536474E-03 
1462	 6.80659573479185E-03 
1463	 4.33007182590271E-03 
1464	 5.62162469095231E-03 
1465	 2.96996425135108E-03 
1466	 2.71702133103029E-03 
1467	 1.10716736810722E-02 
1468	 0.014602079464616 
1469	 1.42671251503783E-02 
1470	 1.35059442656779E-02 
1471	 1.13142036406937E-02 
1472	 1.09561367721292E-02 
1473	 8.3642351412329E-03 
1474	 8.6071439073561E-03 
1475	 1.35149654567652E-02 
1476	 1.43542694502623E-02 
1477	 1.32878402967963E-02 
1478	 1.25031931354464E-02 
1479	 1.17629658157817E-02 
1480	 1.03896996425403E-02 
1481	 7.3005794540279E-03 
1482	 6.11768328515061E-03 
1483	 5.13905307274217E-03 
1484	 5.48245680731789E-03 
1485	 8.21722838761341E-03 
1486	 8.78340879796019E-03 
1487	 8.37017582436184E-03 
1488	 8.10926174225548E-03 
1489	 6.88136758935717E-03 
1490	 7.02938533074119E-03 
1491	 9.09012104019739E-03 
1492	 8.7207842857228E-03 
1493	 6.78870626362106E-03 
1494	 6.40410618641759E-03 
1495	 5.0595140968982E-03 
1496	 5.27830757887162E-03 
1497	 8.23226864711056E-03 
1498	 8.77817800264584E-03 
1499	 7.84207360343988E-03 
1500	 8.30288093473531E-03 
1501	 9.3002067775158E-03 
1502	 8.99086263716599E-03 
1503	 8.15293059877078E-03 
1504	 8.45686460222718E-03 
1505	 9.07573630510166E-03 
1506	 8.15366002774378E-03 
1507	 7.9435965705403E-03 
1508	 8.74267496099841E-03 
1509	 9.23419563726855E-03 
1510	 9.13973670337754E-03 
1511	 9.02996461866737E-03 
1512	 9.46438039719515E-03 
1513	 9.68215088297676E-03 
1514	 9.44372156632792E-03 
1515	 8.88359870441391E-03 
1516	 8.61981509065051E-03 
1517	 8.68137134639528E-03 
1518	 8.26503337307418E-03 
1519	 8.42672650448475E-03 
1520	 9.62416915851622E-03 
1521	 9.91079150433793E-03 
1522	 9.33810672574562E-03 
1523	 9.43580301610642E-03 
1524	 9.84745658560083E-03 
1525	 9.67508205849813E-03 
1526	 9.37229732305111E-03 
1527	 9.59243745658882E-03 
1528	 9.76632954526497E-03 
1529	 9.6235079465903E-03 
1530	 9.65606767907487E-03 
1531	 9.99660856993486E-03 
1532	 9.84928435159032E-03 
1533	 9.30972726769001E-03 
1534	 9.32626810622745E-03 
1535	 9.62922138292813E-03 
1536	 9.65977970612717E-03 
1537	 9.37567733295195E-03 
1538	 9.4861555358403E-03 
1539	 9.94665717665635E-03 
1540	 1.00739901146769E-02 
1541	 9.98048550962857E-03 
1542	 9.84196921367371E-03 
1543	 1.01322130090681E-02 
1544	 1.06003820340738E-02 
1545	 1.07929088367419E-02 
1546	 1.06594901080707E-02 
1547	 1.02189269748899E-02 
1548	 1.00714503267413E-02 
1549	 1.01866595524186E-02 
1550	 1.05153186207399E-02 
1551	 1.07151325584301E-02 
1552	 1.03830303919405E-02 
1553	 1.01835840508852E-02 
1554	 0.010213248608309 
1555	 1.00575860319018E-02 
1556	 9.98645961167998E-03 
1557	 0.010627852767418 
1558	 1.11316390562541E-02 
1559	 1.07002096283963E-02 
1560	 1.04380076370835E-02 
1561	 1.03887702151885E-02 
1562	 1.00370480741593E-02 
1563	 1.00801628563706E-02 
1564	 1.03853427996017E-02 
1565	 1.02809683766171E-02 
1566	 1.06001709991808E-02 
1567	 1.11370651540601E-02 
1568	 1.06814875388285E-02 
1569	 1.03521122417462E-02 
1570	 0.010621517276108 
1571	 1.05911639894099E-02 
1572	 1.06496540302518E-02 
1573	 1.09045307778187E-02 
1574	 1.09023143259008E-02 
1575	 1.13566856229784E-02 
1576	 1.22811295805531E-02 
1577	 1.24691029385708E-02 
1578	 0.011984583883947 
1579	 1.13774919927046E-02 
1580	 1.12091671863223E-02 
1581	 1.15140810862815E-02 
1582	 1.14102451934313E-02 
1583	 1.13992706379057E-02 
1584	 1.16477196063025E-02 
1585	 1.11872446109977E-02 
1586	 1.09879014221613E-02 
1587	 1.12891836359888E-02 
1588	 1.11523732033539E-02 
1589	 1.14449239690201E-02 
1590	 1.15275266685488E-02 
1591	 1.07625480961079E-02 
1592	 1.09054917679506E-02 
1593	 0.011266024202064 
1594	 1.08553011608707E-02 
1595	 1.12260831810769E-02 
1596	 1.16128167449012E-02 
1597	 0.010918969976908 
1598	 1.09695849875902E-02 
1599	 1.16705919992283E-02 
1600	 0.011693300993726 
1601	 1.17862913320781E-02 
1602	 1.20258632000852E-02 
1603	 1.20168092567374E-02 
1604	 1.19422029591165E-02 
1605	 1.17559557770057E-02 
1606	 1.18702635147235E-02 
1607	 1.22470381080189E-02 
1608	 1.20828268275564E-02 
1609	 1.15224078110285E-02 
1610	 0.011976558539157 
1611	 1.26638903609589E-02 
1612	 1.22716158979718E-02 
1613	 1.19122777438299E-02 
1614	 1.20704862021296E-02 
1615	 1.21883928443572E-02 
1616	 1.18741760589798E-02 
1617	 1.24330078135383E-02 
1618	 0.013016063185605 
1619	 0.011965907966336 
1620	 1.19800224437769E-02 
1621	 0.012440054024802 
1622	 1.18856014058722E-02 
1623	 1.20137199277834E-02 
1624	 1.21584368435561E-02 
1625	 1.23328396571027E-02 
1626	 1.25493725019696E-02 
1627	 1.18621520616511E-02 
1628	 1.16161047120532E-02 
1629	 1.13784452855713E-02 
1630	 1.05024641209362E-02 
1631	 1.06382689924796E-02 
1632	 1.10355121163817E-02 
1633	 1.18158326618888E-02 
1634	 1.32069226562478E-02 
1635	 1.33352794672935E-02 
1636	 1.36171239172982E-02 
1637	 1.38295367086538E-02 
1638	 1.27126014891533E-02 
1639	 1.28733683605129E-02 
1640	 1.32056260007092E-02 
1641	 1.20385786366948E-02 
1642	 1.21197547297499E-02 
1643	 1.31224895260171E-02 
1644	 0.012973756983702 
1645	 1.21806736528564E-02 
1646	 0.01159002909661 
1647	 0.011095795952934 
1648	 0.011260857650949 
1649	 1.22279941504132E-02 
1650	 1.25266468681063E-02 
1651	 0.012206715383734 
1652	 1.20008772896166E-02 
1653	 1.20239544558358E-02 
1654	 1.22885267729578E-02 
1655	 1.30847289347823E-02 
1656	 1.30938863664134E-02 
1657	 1.25261699088044E-02 
1658	 1.26673286673445E-02 
1659	 1.28254609406317E-02 
1660	 0.012726307874356 
1661	 1.31577567645109E-02 
1662	 1.32291628703998E-02 
1663	 1.23993420390402E-02 
1664	 1.24761962238436E-02 
1665	 1.34901062809777E-02 
1666	 1.34164202796032E-02 
1667	 1.26400531238371E-02 
1668	 0.012179845005594 
1669	 1.28211035939514E-02 
1670	 1.33211181199026E-02 
1671	 0.013351265432951 
1672	 1.35296595466276E-02 
1673	 1.32216156421548E-02 
1674	 1.26246855669316E-02 
1675	 1.28710569862799E-02 
1676	 1.30435315639036E-02 
1677	 1.22778699847029E-02 
1678	 1.24297033827884E-02 
1679	 1.34158312984323E-02 
1680	 1.29799305878793E-02 
1681	 1.19441180827777E-02 
1682	 1.15058497823529E-02 
1683	 1.15608457771035E-02 
1684	 0.012428756191451 
1685	 1.33829486434798E-02 
1686	 1.40505564136915E-02 
1687	 0.013832289395396 
1688	 0.012490648041236 
1689	 1.17615633496401E-02 
1690	 1.14963617066794E-02 
1691	 1.17055665771353E-02 
1692	 1.27130989234202E-02 
1693	 1.34840624184726E-02 
1694	 1.37893479462084E-02 
1695	 1.31569711146821E-02 
1696	 1.22804262059993E-02 
1697	 1.23939500238309E-02 
1698	 1.27131581553072E-02 
1699	 1.28767568437089E-02 
1700	 1.33837096228312E-02 
1701	 1.32618586800007E-02 
1702	 1.25963088826857E-02 
1703	 1.22604983250618E-02 
1704	 1.15729869217013E-02 
1705	 1.14637414580308E-02 
1706	 1.21218017106462E-02 
1707	 1.21992611898183E-02 
1708	 1.26078975485484E-02 
1709	 1.30485593829883E-02 
1710	 1.22685547203707E-02 
1711	 1.18758930562373E-02 
1712	 1.24969516182396E-02 
1713	 1.32601599679598E-02 
1714	 1.32480593334628E-02 
1715	 1.25358015002494E-02 
1716	 1.16772947115625E-02 
1717	 1.19202335685616E-02 
1718	 1.29353445069687E-02 
1719	 1.35851968771818E-02 
1720	 1.35407113838083E-02 
1721	 1.33498394612547E-02 
1722	 1.35403471923758E-02 
1723	 1.35627872554965E-02 
1724	 1.30929997219834E-02 
1725	 1.18426627332975E-02 
1726	 1.07770111376185E-02 
1727	 1.12173559173094E-02 
1728	 1.16386767379444E-02 
1729	 1.23473827798473E-02 
1730	 1.27788934145661E-02 
1731	 1.13265812649107E-02 
1732	 1.07978558227737E-02 
1733	 1.15307333017629E-02 
1734	 1.18536976431616E-02 
1735	 1.21029909223922E-02 
1736	 1.14765500307256E-02 
1737	 1.07272527481593E-02 
1738	 1.16124702874153E-02 
1739	 1.27630616899796E-02 
1740	 1.33609205479429E-02 
1741	 1.30214473147782E-02 
1742	 1.13012404079855E-02 
1743	 1.02378752671143E-02 
1744	 1.12964936600569E-02 
1745	 1.24570810731456E-02 
1746	 1.17672586723666E-02 
1747	 0.011625057387364 
1748	 1.07192488997474E-02 
1749	 1.05980173213783E-02 
1750	 1.14397131361049E-02 
1751	 1.14235764851711E-02 
1752	 1.08896494746114E-02 
1753	 1.05860401574512E-02 
1754	 1.07461286422745E-02 
1755	 1.10101608164057E-02 
1756	 1.07840778400849E-02 
1757	 1.00184934725934E-02 
1758	 1.06529304567574E-02 
1759	 1.09862949051783E-02 
1760	 1.19702027217408E-02 
1761	 1.33039813930286E-02 
1762	 1.22997682874978E-02 
1763	 1.16787504035935E-02 
1764	 1.19262773346315E-02 
1765	 1.03449026279138E-02 
1766	 1.08139770754303E-02 
1767	 1.14937775360929E-02 
1768	 9.21828175058557E-03 
1769	 1.05615629865824E-02 
1770	 1.12382564015192E-02 
1771	 8.92468160700589E-03 
1772	 1.10757340114248E-02 
1773	 1.17405333305666E-02 
1774	 1.07603567831746E-02 
1775	 1.25577776750313E-02 
1776	 1.21100034067422E-02 
1777	 8.65905991116843E-03 
1778	 9.01145634776433E-03 
1779	 1.14344350524617E-02 
1780	 1.23432128646993E-02 
1781	 1.80617162923171E-02 
1782	 1.79178416357448E-02 
1783	 9.06038660544509E-03 
1784	 5.82851557976034E-03 
1785	 1.27053712732176E-03 
1786	 8.22865317269705E-04 
1787	 7.78196746108752E-03 
1788	 1.04803167139771E-02 
1789	 1.57234377634579E-02 
1790	 1.26016594094583E-02 
1791	 7.26696495729577E-03 
1792	 8.3115995060508E-03 
1793	 7.54088633551123E-03 
1794	 0.014317081455315 
1795	 2.28000451729947E-02 
1796	 2.31119270634759E-02 
1797	 2.43183951502953E-02 
1798	 1.68341114018276E-02 
1799	 1.42158891760833E-02 
1800	 0.023236557239831 
1801	 1.78984244797407E-02 
1802	-3.95624342931522E-04 
1803	-9.42472887892301E-03 
1804	-3.28723433139542E-02 
1805	-5.27833207291193E-02 
1806	-3.27373080509728E-02 
1807	-3.63213168324246E-02 
1808	-9.56865003095035E-02 
1809	-9.47231028782867E-02 
1810	-4.83772373315422E-02 
1811	 3.74932808307791E-02 
1812	 0.256543684387724 
1813	 0.493479148483981 
1814	 0.95273333285039 
1815	 1.07169416339856 
1816	 0.864967130135786 
1817	 0.143283720266448 
1818	-0.530667550402575 
1819	-0.449329815903664 
1820	-0.39118091481928 
1821	 0.751228904990605 
1822	 1.33230851223961 
1823	 0.150499658852409 
1824	 0.134936980346308 
1825	 5.28710982529059E-02 
1826	 3.71690596933002E-02 
1827	 1.20731590669148 
1828	 3.11670890630372 
1829	 0.716974545146091 
1830	 0.670611776102248 
1831	-0.143378497454696 
1832	-0.442813295064921 
1833	-2.86833565138207 
1834	-6.11504621123844 
1835	 0.187926858762734 
1836	 2.52229961334007 
1837	 6.11020375000856E-03 
1838	 6.85724546348214E-02 
1839	-0.445743337089266 
1840	 0.229942553758973 
1841	 0.779716734113279 
1842	 1.13530427707391 
1843	 1.55377976641443 
1844	 0.958974040057092 
1845	 0.835706581253858 
1846	 0.877194917874463 
1847	 0.850109079842485 
1848	 0.257993758020262 
1849	 0.216843760553289 
1850	-0.368668441662641 
1851	 0.313930711046983 
1852	-5.43603827828209 
1853	-1.69706847335794E-02 
1854	 0.1076882584031 
1855	 0.221160041343627 
1856	 0.262389443755494 
1857	 0.9431039534994 
1858	 1.13029472183343 
1859	-3.81083515480437E-02 
1860	-0.864989952826758 
1861	-0.857206483278529 
1862	-1.74597548553148 
1863	-0.540130090356857 
1864	-1.89231687284078 
1865	-1.79085674233432 
1866	 2.65181205777938 
1867	 7.35344971087474 
1868	-8.90115576402267 
1869	-108.255052025074 
1870	 3.09723625844988 
1871	 1.99734515356529 
1872	 2.49017245293659 
1873	 4.83384995269705 
1874	-75.4480014046447 
1875	-3.23976756800102 
1876	-1.69593010652859 
1877	 4.71755749956488 
1878	-1.51547990061668 
1879	 0.76099219984137 
1880	 0.491803799539472 
1881	 4.85725436519666E-03 
1882	-0.324501726930456 
1883	 1.82430754807784 
1884	 0.863408080701037 
1885	-0.103916370980089 
1886	-0.565777124821593 
1887	 114.16120427275 
1888	 15.6878124357316 
1889	 8.90223165273317 
1890	 4.71292995658786 
1891	 4.94783717630887 
1892	-7.91239988394101 
1893	-22.8045602176975 
1894	 6.58343511535464 
1895	 14.5283077366274 
1896	-250.610666755726 
1897	-4.831448540829 
1898	-6.71185165763847 
1899	-2.84042497956247 
1900	-7.1367677437993 
1901	 3.91760839437457 
1902	 8.12864604477187 
1903	-1.12003762959186 
1904	-0.503376097372734 
1905	-0.229335397899449 
1906	 0.443808972310259 
1907	 0.257229829196923 
1908	 0.447116953400553 
1909	 1.26514581069156 
1910	 0.529487327873293 
1911	 1.17561592460553 
1912	 1.46285621140425 
1913	 0.165430888504708 
1914	 1.1246376945376 
1915	 0.767098309471102 
1916	 0.582864399428841 
1917	-1.87777361028498 
1918	-2.14311235410903 
1919	-3.49060600788598 
1920	-174.48789943764 
1921	 31.6928146641936 
1922	-11.6703988857703 
1923	 19.0145530398126 
1924	 9.42601726104837 
1925	 3.58201119275649 
1926	 3.535102114008 
1927	 2.34315439447554 
1928	 6.24212924032158 
1929	 0.407417249412218 
1930	 0.589152672399008 
1931	 0.985057231021309 
1932	 0.487383338718946 
1933	 6.47584641976868 
1934	-2.85898437875206 
1935	-0.972747361980492 
1936	-0.659483394433632 
1937	-0.310017536530169 
1938	-0.187302054906156 
1939	-6.08511595901452E-02 
1940	 0.12759335155698 
1941	 0.182024047155538 
1942	 8.18596053776736E-02 
1943	 0.100402805244771 
1944	 0.126795553044143 
1945	-1.45736005931021E-02 
1946	-5.81375661922062E-02 
1947	-7.26993740439127E-02 
1948	-0.134836597216001 
1949	-0.145323326851817 
1950	-0.164752836531497 
1951	-9.64725801053126E-02 
1952	-4.80503879314674E-02 
1953	-2.38497998079244E-02 
1954	 9.88273620452914E-03 
1955	 5.77166324967771E-02 
1956	 2.45797387898935E-02 
1957	-3.36261384122795E-02 
1958	-8.14996502761994E-02 
1959	-0.062385456630122 
1960	-2.72439369394361E-02 
1961	 3.9783850489224E-03 
1962	 2.11145465547869E-02 
1963	 1.84048447081967E-04 
1964	-6.02246569732947E-03 
1965	-2.47727124194799E-04 
1966	-1.34956014687044E-03 
1967	-1.70817648451748E-03 
1968	 8.06308029155048E-03 
1969	 1.31964457784815E-02 
1970	 1.24253296582234E-02 
1971	 1.20890829779871E-02 
1972	 0.011948185159593 
1973	 7.02570256410148E-03 
1974	-4.75972290934748E-03 
1975	-5.44894753099277E-03 
1976	-1.36617365193046E-03 
1977	 9.58105543003097E-05 
1978	 7.85976886727594E-03 
1979	 1.01873605479823E-02 
1980	 1.01149213910978E-02 
1981	 7.32096119789267E-03 
1982	 7.94507399805684E-03 
1983	 7.0186711218932E-03 
1984	 4.61492711158035E-03 
1985	 4.20736439904473E-03 
1986	 5.14774202391528E-03 
1987	 8.82952316864177E-04 
1988	-5.89330411631991E-04 
1989	 7.62824634979198E-04 
1990	 4.22410751798545E-04 
1991	 2.58864353778316E-03 
1992	 4.35706413888402E-03 
1993	 4.73650440034779E-03 
1994	 5.37200158594749E-03 
1995	 4.48444615842756E-03 
1996	 4.27997644343337E-03 
1997	 5.24561037874103E-03 
1998	 6.9777201937034E-03 
1999	 9.19399958405448E-03 
2000	 6.61270762036563E-03 
2001	 4.83723850013838E-04 
2002	 1.80299501915182E-03 
2003	 4.80438331841048E-03 
2004	 4.42809960265777E-03 
2005	 9.38950085927788E-03 
2006	 5.07532147400437E-03 
2007	-1.21619068513328E-02 
2008	-1.86678805322793E-02 
2009	-1.69439504828065E-02 
2010	-4.41119665880585E-03 
2011	 2.81227311574257E-04 
2012	 1.11992438070945E-02 
2013	 0.015269483070308 
2014	 8.0968985434463E-03 
2015	 5.45618825481154E-03 
2016	 2.28466130453218E-03 
2017	 3.07396135640489E-04 
2018	 3.78648787999452E-03 
2019	-1.49455881411839E-03 
2020	-2.07326475469517E-03 
2021	 2.61499377682272E-03 
2022	 3.40095992385827E-03 
2023	 6.4412628090781E-03 
2024	 6.93910090993375E-03 
2025	 4.73648988282146E-03 
2026	 3.99858536334389E-03 
2027	 2.56173614745864E-03 
2028	 3.20670440590998E-03 
2029	 5.41870189352977E-03 
2030	 7.36495409911384E-03 
2031	 7.4856658573136E-03 
2032	 6.82787083453223E-03 
2033	 4.49881969152216E-03 
2034	 4.05914560589738E-03 
2035	 3.79690548719361E-03 
2036	 1.51026091970994E-03 
2037	 3.70479932828433E-03 
2038	 6.49283924789809E-03 
2039	 6.68943098692245E-03 
2040	 7.27835143768602E-03 
2041	 7.67599600953519E-03 
2042	 3.86318364295075E-03 
2043	 2.9870495956813E-03 
2044	 3.78464357731444E-03 
2045	 7.21916362744766E-03 
2046	 6.86465975417828E-03 
2047	 5.70315031571407E-03 
2048	 8.93520960436955E-03 
2049	 9.20572569161152E-03 
2050	 7.93530599965298E-03 
2051	 8.45452069497462E-03 
2052	 5.77539538280421E-03 
2053	 3.14293664087222E-03 
2054	 3.11310583438454E-03 
2055	 2.98239415319412E-03 
2056	 2.94898999116068E-03 
2057	 2.66675346956781E-03 
2058	 2.4157501971544E-03 
2059	 2.70081415323914E-03 
2060	 2.92829846149992E-03 
2061	 4.1237847905487E-03 
2062	 5.63036594509431E-04 
2063	 2.04989845124552E-04 
2064	 2.83060851110341E-03 
2065	 2.04300753067866E-03 
2066	 3.31362322240909E-03 
2067	 5.34171759898942E-03 
2068	 5.76222814107561E-03 
2069	 8.22854335879839E-03 
2070	 9.87125893305863E-03 
2071	 9.14979149324094E-03 
2072	 8.0554800792398E-03 
2073	 7.96146328397946E-03 
2074	 8.38004514808538E-03 
2075	 8.04463385949444E-03 
2076	 8.93222746336566E-03 
2077	 7.73517057301565E-03 
2078	 3.11798447409346E-03 
2079	 1.82307739940454E-03 
2080	 8.74617042405277E-04 
2081	 1.57573499372832E-03 
2082	 3.08597391723589E-03 
2083	 5.00265715887797E-03 
2084	 7.40781128113797E-03 
2085	 6.29199951802164E-03 
2086	 4.51250482804131E-03 
2087	 6.55374073186597E-03 
2088	 6.75822383386185E-03 
2089	 7.06226381096235E-03 
2090	 9.43696841653702E-03 
2091	 8.57064422098877E-03 
2092	 7.75275299902962E-03 
2093	 5.96937459797253E-03 
2094	 5.49165058122512E-03 
2095	 4.69940277852392E-03 
2096	 4.59695045318337E-03 
2097	 5.13149650459158E-03 
2098	 5.34746181267328E-03 
2099	 5.65149798177625E-03 
2100	 5.76550496933822E-03 
2101	 6.82713650134616E-03 
2102	 8.70455106990768E-03 
2103	 6.69823116615454E-03 
2104	 6.47344247603804E-03 
2105	 7.57491279303574E-03 
2106	 6.56453803581639E-03 
2107	 6.40836025367234E-03 
2108	 6.31194771119685E-03 
2109	 4.33233647802534E-03 
2110	 2.45254441763731E-03 
2111	 2.58549423290877E-03 
2112	 3.88481663318976E-03 
2113	 5.04507472107786E-03 
2114	 6.57281704742978E-03 
2115	 7.86958101635764E-03 
2116	 1.00652518140874E-02 
2117	 1.03319859001701E-02 
2118	 1.05141542658811E-02 
2119	 9.88762813900903E-03 
2120	 7.33255440427437E-03 
2121	 4.95501818082245E-03 
2122	 4.99860830657574E-03 
2123	 4.06909254635924E-03 
2124	 5.30049295157795E-03 
2125	 7.01712626275847E-03 
2126	 8.5792684239655E-03 
2127	 8.88787789564672E-03 
2128	 6.59471058266569E-03 
2129	 4.25856895691396E-03 
2130	 3.92638216260304E-03 
2131	 3.71255766201446E-03 
2132	 2.86042998135229E-03 
2133	 4.45374492798554E-03 
2134	 4.56369908620602E-03 
2135	 1.52641826237803E-03 
2136	 1.91486497225636E-03 
2137	 5.89156566006904E-03 
2138	 6.36326619343969E-03 
2139	 5.69150721365073E-03 
2140	 5.98308547759558E-03 
2141	 5.06161001683869E-03 
2142	 3.92851615476792E-03 
2143	 2.79651370568762E-03 
2144	 3.86179295645024E-03 
2145	 4.00418498544679E-03 
2146	 3.68262015254002E-03 
2147	 3.78815729605644E-03 
2148	 4.20027806515713E-03 
2149	 5.23045877533387E-03 
2150	 3.7958400192728E-03 
2151	 4.05587810336786E-03 
2152	 6.37041974748811E-03 
2153	 4.4405453836011E-03 
2154	 3.7026309792382E-03 
2155	 4.50886867795801E-03 
2156	 3.01697193665157E-03 
2157	 3.12995414580024E-03 
2158	 4.78227872265398E-03 
2159	 4.91126748241846E-03 
2160	 5.33694634906846E-03 
2161	 5.40314704511013E-03 
2162	 3.53148809435876E-03 
2163	 3.65232121013527E-03 
2164	 5.47439426505096E-03 
2165	 5.6732242633468E-03 
2166	 5.33989143083727E-03 
2167	 5.60408527551944E-03 
2168	 5.59415287521575E-03 
2169	 4.65541278295007E-03 
2170	 2.67473766996072E-03 
2171	 3.89751223790962E-03 
2172	 3.73517805763078E-03 
2173	 4.16643304143857E-03 
2174	 7.50648080466769E-03 
2175	 9.92086478766907E-03 
2176	 9.74751497742522E-03 
2177	 1.11056560162077E-02 
2178	 1.14285705111586E-02 
2179	 8.98849813683012E-03 
2180	 6.95155946938709E-03 
2181	 4.2158649482868E-03 
2182	 3.20444871033979E-03 
2183	 3.76634785947107E-03 
2184	 6.26816523917903E-03 
2185	 8.93568129882491E-03 
2186	 9.52420518136118E-03 
2187	 7.85613074113048E-03 
2188	 6.72891252498984E-03 
2189	 4.18714909728796E-03 
2190	 3.75077357590592E-03 
2191	 3.77575537801595E-03 
2192	 3.46997294247179E-03 
2193	 4.74823435947024E-03 
2194	 4.91499928526825E-03 
2195	 2.95445489148808E-03 
2196	 3.89324827605767E-03 
2197	 5.69249933010744E-03 
2198	 8.17948886145202E-03 
2199	 1.44033134483955E-02 
2200	 1.77316163241654E-02 
2201	 1.46957325715747E-02 
2202	 1.31400873091276E-02 
2203	 8.24320913722835E-03 
2204	 5.26641867566133E-03 
2205	 8.21084324964217E-03 
2206	 9.15517469918996E-03 
2207	 7.7664198623811E-03 
2208	 6.97553729154754E-03 
2209	 2.31442666243429E-03 
2210	-3.13096036645986E-03 
2211	-1.86675244735224E-03 
2212	-1.58296118719862E-03 
2213	 2.41277218117554E-03 
2214	 1.14320629962676E-02 
2215	 1.46263378226997E-02 
2216	 0.015280413771847 
2217	 1.31554933057948E-02 
2218	 3.70233941957717E-03 
2219	 2.07699316414758E-03 
2220	 1.73869440410454E-03 
2221	 2.70067335211596E-04 
2222	 4.05646930452824E-03 
2223	 4.9885334570238E-03 
2224	 5.92851570134535E-04 
2225	 1.9582317707825E-03 
2226	 8.64435222438208E-03 
2227	 0.010005422946767 
2228	 0.010333792829463 
2229	 1.06515003929414E-02 
2230	 7.21194691288391E-03 
2231	 5.36142676196343E-03 
2232	 6.46044102033499E-03 
2233	 6.24943661128473E-03 
2234	 4.38073730006102E-03 
2235	 4.7108490388112E-03 
2236	 5.61131371817938E-03 
2237	 5.02377672648986E-03 
2238	 5.94789221008065E-03 
2239	 4.20776176094885E-03 
2240	 9.63831544268912E-04 
2241	-3.22675268082204E-03 
2242	-5.64706348562717E-03 
2243	-6.62485583221683E-03 
2244	-7.34982219495375E-03 
2245	-4.89564415437197E-03 
2246	-2.0700426406498E-03 
2247	 1.44277323919762E-03 
2248	 6.09691781178224E-03 
2249	 7.49396797458173E-03 
2250	 8.27929222506687E-03 
2251	 7.08515918072612E-03 
2252	 1.01525401082584E-03 
2253	-8.48323917282451E-04 
2254	 2.21128796353659E-03 
2255	 6.89288371862912E-03 
2256	 0.014447537937601 
2257	 1.59667511282472E-02 
2258	 1.13975512277126E-02 
2259	 7.24838928594965E-03 
2260	 5.00864828635089E-03 
2261	 4.7321736672671E-03 
2262	 3.8075523537593E-03 
2263	 3.79311876844516E-03 
2264	 2.76057028308711E-03 
2265	-0.00239572393611 
2266	-2.83309701247079E-03 
2267	-1.09393912451657E-03 
2268	 1.76483732211179E-03 
2269	 1.32564168949388E-02 
2270	 1.47942201215792E-02 
2271	 1.30382911541068E-02 
2272	 9.13858341859837E-03 
2273	-8.76724032185371E-03 
2274	-0.012462470565806 
2275	-9.02410095907944E-03 
2276	-7.43746436308075E-03 
2277	 2.78706610149611E-03 
2278	 7.41581878252629E-03 
2279	 8.21664789085817E-03 
2280	 1.13761492193449E-02 
2281	 1.52740111285041E-02 
2282	 1.82799134685181E-02 
2283	 1.55631077159296E-02 
2284	 5.9544650714467E-03 
2285	 5.32047927866964E-03 
2286	 6.16144087686215E-03 
2287	 7.08685982977341E-03 
2288	 1.08773815458924E-02 
2289	 5.56989356569362E-03 
2290	-3.80030167790337E-03 
2291	-5.1230554915966E-03 
2292	 1.06084638883697E-03 
2293	 7.82712497680504E-03 
2294	 1.29843207251032E-02 
2295	 1.86943821719328E-02 
2296	 2.00841919361957E-02 
2297	 0.013457191419889 
2298	 1.48359570266213E-03 
2299	-6.61988558168251E-03 
2300	-1.37587436833588E-02 
2301	-1.58472538511357E-02 
2302	-8.45861726521777E-03 
2303	-1.42382431778724E-02 
2304	-1.47304282713517E-02 
2305	 1.1707835568602E-03 
2306	 0.01023627166917 
2307	 1.86663995860729E-02 
2308	 2.18206431591975E-02 
2309	 1.79137848061882E-02 
2310	 1.54696775354135E-02 
2311	 0.011068521702209 
2312	 6.96350179515457E-03 
2313	-2.67403023124134E-03 
2314	-1.63388551826458E-02 
2315	-1.21703340485106E-02 
2316	 2.18974274199307E-03 
2317	 9.81002485956183E-03 
2318	 1.63103401238849E-02 
2319	-5.10571776040689E-03 
2320	-2.12575594878505E-02 
2321	-7.83635723510171E-03 
2322	-2.4468736898945E-03 
2323	 1.81124450045463E-02 
2324	 2.76811055973455E-02 
2325	 9.46694587932616E-03 
2326	-3.40950705281275E-03 
2327	-1.11877344248559E-02 
2328	-2.46733345256466E-02 
2329	-2.80756818750852E-02 
2330	-0.017524749328364 
2331	-2.30378861334206E-02 
2332	-3.58639500608101E-02 
2333	-3.08858366218166E-02 
2334	-2.76811901918515E-02 
2335	-3.46827752367051E-02 
2336	-1.29822911442311E-02 
2337	 8.55389804809959E-03 
2338	 5.63035216589483E-05 
2339	 3.23201055374931E-03 
2340	 5.38100037762143E-03 
2341	 8.69190790903632E-03 
2342	 2.44189879266944E-02 
2343	 2.57646313181825E-02 
2344	 3.68441183747759E-02 
2345	 0.039832683422376 
2346	 1.51968581430202E-02 
2347	 1.60122280144104E-02 
2348	 2.43160563006348E-02 
2349	-4.78251540437951E-04 
2350	-2.65293755485071E-02 
2351	-2.56722816983204E-02 
2352	-2.24238498968251E-02 
2353	-0.029277061745793 
2354	-1.50795254810652E-02 
2355	 1.14973202025474E-02 
2356	 2.42269846086259E-02 
2357	 3.76891289353659E-02 
2358	 4.58410876979547E-02 
2359	 2.24703934767051E-02 
2360	-0.013213237521954 
2361	-2.18548067437425E-02 
2362	-3.66056764446489E-02 
2363	-5.68077416333361E-02 
2364	-7.89472098468203E-02 
2365	-0.112327447366967 
2366	-8.39983649362902E-02 
2367	-2.49681530947566E-02 
2368	-1.26569990128359E-02 
2369	-5.08560887464803E-03 
2370	-5.23597438564719E-03 
2371	-4.64281241741806E-02 
2372	-4.72107668332308E-02 
2373	-1.15359810477706E-02 
2374	 4.89743699133794E-03 
2375	 2.50446436643311E-02 
2376	 3.14401815917096E-02 
2377	-1.06239988840581E-02 
2378	-3.46380880654802E-02 
2379	-5.11036787500031E-02 
2380	-7.11829492853364E-02 
2381	 1.21640980461467E-02 
2382	 0.111562141373704 
2383	 0.174448596926391 
2384	 0.205202250502283 
2385	 0.119490984320141 
2386	 4.43754635439549E-02 
2387	 1.24809720341119E-02 
2388	 4.07748834905082E-02 
2389	 7.65993309500984E-02 
2390	 2.83328891823198E-02 
2391	-1.44468318651253E-02 
2392	-4.84456464699114E-02 
2393	-9.96617830650278E-02 
2394	-9.22149791988544E-02 
2395	-2.89497625773184E-02 
2396	-3.95867366147885E-02 
2397	-0.112988307051054 
2398	-0.131636597631387 
2399	-0.135221435196616 
2400	-0.209857030825989 
2401	-0.211186708697332 
2402	-0.169650562139289 
2403	-0.275938630570818 
2404	-0.30764272814832 
2405	-0.247005597654097 
2406	-0.207040895959312 
2407	-3.02937958223545E-02 
2408	 0.112390823550229 
2409	 0.206735335105062 
2410	 0.256767671071157 
2411	 0.199502829920199 
2412	 0.269341028520571 
2413	 0.236964341632654 
2414	 0.160743395881862 
2415	 0.131339684091734 
2416	-2.17344897811901E-02 
2417	-4.20822478336597E-02 
2418	-1.99404107282994E-02 
2419	-0.103233804952953 
2420	-0.152820407578055 
2421	-0.383723680852756 
2422	-0.462270180120321 
2423	-0.180577764931454 
2424	-0.121380073542502 
2425	-5.96288369021948E-02 
2426	 9.12851296691467E-03 
2427	-0.140328437220379 
2428	-0.174789459429553 
2429	-0.132971691136495 
2430	-8.36900268651377E-02 
2431	 0.15661505468399 
2432	 0.24287357688612 
2433	 0.152028259743647 
2434	 9.76804859556779E-02 
2435	-0.140252163093187 
2436	-0.352363308940528 
2437	-0.491515988908021 
2438	-0.891640838311357 
2439	-0.614155628884216 
2440	-0.384954252392479 
2441	-0.491335497828583 
2442	-0.723062851729234 
2443	-1.17152478128678 
2444	-1.58926923312868 
2445	-3.17585360704035 
2446	-2.86227256921814 
2447	-0.853078541092037 
2448	-0.695115674939934 
2449	-0.896529120194367 
2450	-0.713217796253609 
2451	-0.449208722693871 
2452	-0.492925457707923 
2453	-0.890014160792904 
2454	-0.762642888842608 
2455	-1.28402157436226 
2456	-0.346142140809405 
2457	 0.312942487184811 
2458	 0.34528668850793 
2459	-2.46483204728764E-02 
2460	-1.70091762819432E-02 
2461	 1.60056171846639 
2462	-5.10795337331321 
2463	-0.70899760607818 
2464	-1.02607221465127 
2465	-2.00564637015573 
2466	-2.54265248757919 
2467	-0.665451552197759 
2468	 0.252557083239036 
2469	 1.03985378906783 
2470	 0.743392964462572 
2471	 0.612333857671033 
2472	 0.709684371836631 
2473	 0.132433104562496 
2474	-0.368311217832106 
2475	-0.76647102960501 
2476	-1.34499454962624 
2477	-3.65006168693877 
2478	 0.185236563047202 
2479	-0.820128782397663 
2480	 0.655910615124667 
2481	-0.623742409460293 
2482	 0.215760549859077 
2483	-0.23146164875807 
2484	-0.572178517884798 
2485	-0.70149113753062 
2486	-0.677598496667521 
2487	-0.616234245831425 
2488	-0.31813302145634 
2489	-0.022152969268451 
2490	-0.17228146306447 
2491	-0.239707017919505 
2492	 1.28763091334157E-03 
2493	-2.73540662749343E-03 
2494	 0.249291487744278 
2495	 0.231350064531676 
2496	-0.486613771190173 
2497	-0.655546302400441 
2498	-8.30678399293417 
2499	-1.98118852177421 
2500	-1.17205509558772 
