Wavelength	rt0728algea00000.asd
350	 9.98423542175817E-02 
351	 9.96946795836929E-02 
352	 9.98091787731658E-02 
353	 9.97921744637646E-02 
354	 9.94980148298822E-02 
355	 9.98665526418902E-02 
356	 0.100330503892547 
357	 0.100240061265854 
358	 9.93975984041665E-02 
359	 9.94604111447832E-02 
360	 9.97940609009293E-02 
361	 0.100168007256654 
362	 0.100643858273948 
363	 0.100776332233524 
364	 0.100322224697876 
365	 9.98699080357592E-02 
366	 0.10121464590102 
367	 0.101420534390623 
368	 0.101258151475105 
369	 0.101804423747292 
370	 0.101406166890527 
371	 0.101641480646506 
372	 0.102391228175338 
373	 0.102588916568015 
374	 0.102592212459891 
375	 0.103014634088543 
376	 0.103775420635925 
377	 0.103845315156343 
378	 0.103583731047536 
379	 0.103833393281997 
380	 0.104849990422288 
381	 0.104700004786063 
382	 0.105201094796416 
383	 0.105840761964027 
384	 0.105378004970097 
385	 0.105950680566038 
386	 0.106795611742049 
387	 0.107377196198338 
388	 0.107719475122901 
389	 0.107865306143174 
390	 0.10818933088477 
391	 0.108750850694575 
392	 0.108654640455458 
393	 0.109193786460171 
394	 0.109934010983354 
395	 0.110072355121102 
396	 0.110542317487995 
397	 0.110961799882161 
398	 0.111320082315767 
399	 0.111951494519232 
400	 0.112181089700656 
401	 0.112466125234956 
402	 0.112959604028982 
403	 0.112631008606756 
404	 0.11314793494179 
405	 0.113846359349208 
406	 0.113597859600768 
407	 0.114017877941257 
408	 0.114685786015688 
409	 0.11513904676293 
410	 0.115070273915369 
411	 0.115582567507852 
412	 0.116101695846514 
413	 0.116258445703746 
414	 0.116992930097723 
415	 0.117304214661468 
416	 0.117494315972859 
417	 0.118199041253169 
418	 0.118565697185514 
419	 0.118985706884045 
420	 0.119616651678254 
421	 0.120273326759231 
422	 0.120876513112008 
423	 0.12137639459287 
424	 0.121808297807165 
425	 0.122395263866405 
426	 0.12308083102719 
427	 0.123735552396152 
428	 0.124254553234382 
429	 0.124984234363665 
430	 0.125827511121857 
431	 0.126671844909372 
432	 0.127449685354686 
433	 0.128067739839262 
434	 0.128717472903689 
435	 0.129523588204562 
436	 0.130219559623718 
437	 0.130992945164034 
438	 0.13180207262775 
439	 0.132500938937315 
440	 0.133249418489953 
441	 0.133940410406725 
442	 0.134558000532854 
443	 0.135261193069847 
444	 0.135900626388222 
445	 0.136490537431708 
446	 0.137085733854229 
447	 0.137718372287774 
448	 0.138349026627173 
449	 0.138887909509368 
450	 0.139235746818679 
451	 0.139574121427572 
452	 0.140027153472613 
453	 0.140562202528885 
454	 0.140845523745054 
455	 0.141168729821509 
456	 0.14162465340944 
457	 0.142158230866927 
458	 0.142353734684283 
459	 0.142597749027771 
460	 0.142997757941389 
461	 0.143335861842576 
462	 0.143572792960096 
463	 0.143800943092301 
464	 0.144068722423036 
465	 0.144190279207302 
466	 0.14449258007271 
467	 0.144918174352815 
468	 0.14524562601698 
469	 0.145647545638302 
470	 0.145938617242162 
471	 0.146083398719416 
472	 0.1462807232675 
473	 0.14655340490105 
474	 0.14693798482531 
475	 0.147416837656532 
476	 0.147816590761177 
477	 0.148164134751954 
478	 0.14846638576009 
479	 0.148736550572922 
480	 0.149177801504541 
481	 0.149729008905201 
482	 0.150219651387253 
483	 0.150301529615732 
484	 0.15061837852169 
485	 0.151155497300774 
486	 0.151686321596251 
487	 0.152363074310688 
488	 0.152932766941186 
489	 0.153389176593893 
490	 0.153976999011701 
491	 0.15462562351336 
492	 0.155261364900183 
493	 0.155825590312655 
494	 0.156291827095748 
495	 0.156913516152486 
496	 0.157653762647697 
497	 0.15833452252407 
498	 0.159018591566733 
499	 0.159671482813663 
500	 0.160309338749721 
501	 0.161037316937519 
502	 0.161730250182236 
503	 0.162486818081893 
504	 0.163374280558765 
505	 0.164063209458697 
506	 0.164797711723354 
507	 0.165625746574577 
508	 0.166429966206277 
509	 0.167245520723497 
510	 0.168046010920777 
511	 0.168827184267322 
512	 0.169682745304502 
513	 0.170367817592647 
514	 0.171072184747048 
515	 0.172075685380461 
516	 0.172822152212544 
517	 0.173695507306482 
518	 0.174737623696954 
519	 0.175480933999628 
520	 0.176398816141883 
521	 0.177344099940718 
522	 0.178150431400176 
523	 0.179099581099281 
524	 0.17987215618236 
525	 0.180516110000934 
526	 0.181340989683749 
527	 0.182334855466634 
528	 0.183341955417825 
529	 0.184245920698175 
530	 0.185043854678561 
531	 0.185860570740744 
532	 0.186724893870386 
533	 0.187611424399879 
534	 0.188447983596412 
535	 0.189269007885774 
536	 0.190111138877195 
537	 0.190996526147533 
538	 0.191756521181859 
539	 0.192535134219968 
540	 0.193439798162686 
541	 0.194179737052443 
542	 0.195071070924856 
543	 0.196050439453447 
544	 0.196844342651757 
545	 0.197625423430176 
546	 0.198469092036349 
547	 0.199403479201046 
548	 0.200417117499227 
549	 0.201267428444244 
550	 0.202074963045647 
551	 0.203032696346943 
552	 0.203924533579551 
553	 0.204614680376652 
554	 0.205235263011829 
555	 0.206194829476459 
556	 0.206963527651215 
557	 0.20764028408353 
558	 0.208416742266364 
559	 0.209311203087282 
560	 0.21006607738838 
561	 0.210665293853228 
562	 0.211261033666809 
563	 0.211931030858086 
564	 0.212571765167966 
565	 0.213129531620913 
566	 0.213704697375405 
567	 0.214170371624284 
568	 0.214658270741368 
569	 0.215324280915564 
570	 0.215900532012615 
571	 0.216423866681862 
572	 0.216871269793709 
573	 0.217140983443756 
574	 0.217559006020964 
575	 0.218027775278658 
576	 0.218423410842896 
577	 0.218911484479376 
578	 0.219272962678595 
579	 0.219522909733562 
580	 0.219821078431774 
581	 0.220180672854716 
582	 0.220482341124605 
583	 0.220627753167506 
584	 0.220560023087072 
585	 0.220680480712357 
586	 0.220780780754786 
587	 0.220533448269639 
588	 0.220422818438156 
589	 0.220565654018983 
590	 0.22095274898501 
591	 0.221468723706121 
592	 0.221580767397182 
593	 0.2217067802432 
594	 0.222148373272438 
595	 0.222242342999333 
596	 0.222341485493272 
597	 0.22249589804561 
598	 0.222598453217573 
599	 0.222774987159401 
600	 0.222805632139685 
601	 0.222636449267328 
602	 0.222553126106571 
603	 0.222530154851489 
604	 0.222460550406673 
605	 0.222254634825288 
606	 0.222083794081167 
607	 0.222022129778158 
608	 0.221955969252845 
609	 0.22160253969452 
610	 0.221311316342912 
611	 0.221127643214337 
612	 0.22102591397359 
613	 0.221005320569675 
614	 0.220881043967879 
615	 0.220679120727779 
616	 0.220550178858032 
617	 0.220507942057439 
618	 0.220414127751509 
619	 0.220289507503806 
620	 0.220454231018985 
621	 0.220433500269089 
622	 0.220309997497741 
623	 0.220291672127733 
624	 0.220215552893579 
625	 0.220222846719819 
626	 0.220283242254641 
627	 0.220208765664836 
628	 0.220298016781538 
629	 0.220297397849203 
630	 0.220086002068275 
631	 0.220174645380716 
632	 0.220157753025103 
633	 0.220086816424802 
634	 0.220193041618219 
635	 0.220297345705654 
636	 0.220387367727137 
637	 0.220484148366054 
638	 0.220634757548455 
639	 0.220817746562953 
640	 0.220950090390276 
641	 0.220972978056066 
642	 0.221004987991172 
643	 0.220974371304183 
644	 0.220907014423311 
645	 0.220895197004056 
646	 0.220671271187337 
647	 0.220461507786454 
648	 0.220381156734236 
649	 0.220037038396443 
650	 0.21971298408836 
651	 0.219383432563098 
652	 0.218943326919546 
653	 0.218460048259426 
654	 0.2178606525379 
655	 0.21711520203954 
656	 0.216366210101319 
657	 0.215861394569791 
658	 0.215286074705081 
659	 0.214451488419426 
660	 0.213939566025923 
661	 0.213422014437437 
662	 0.212832809353141 
663	 0.212297630815263 
664	 0.212031625633278 
665	 0.211671354548914 
666	 0.211145647264229 
667	 0.211049806194706 
668	 0.210961398293638 
669	 0.210832926593857 
670	 0.210736672905208 
671	 0.210706370554076 
672	 0.210700627723266 
673	 0.210773275629058 
674	 0.211047000052548 
675	 0.211080749162787 
676	 0.211211501918435 
677	 0.211676169548252 
678	 0.212102625361038 
679	 0.212385588156977 
680	 0.212702253183697 
681	 0.213316997143842 
682	 0.214005036888084 
683	 0.214651193216452 
684	 0.215285380394947 
685	 0.216193390794208 
686	 0.217068700240971 
687	 0.21805463891415 
688	 0.219304494094475 
689	 0.220767309225961 
690	 0.222278590554214 
691	 0.223832194827502 
692	 0.225526734803346 
693	 0.227284169515289 
694	 0.229429780136916 
695	 0.231802517439887 
696	 0.233789561446856 
697	 0.235558653605387 
698	 0.237351024496442 
699	 0.239219159245782 
700	 0.240990650231204 
701	 0.242928595581761 
702	 0.244849231815845 
703	 0.246353224310034 
704	 0.247879302075275 
705	 0.249167084242486 
706	 0.250080499327557 
707	 0.251117074148154 
708	 0.251966107999212 
709	 0.252620144338168 
710	 0.25313417566441 
711	 0.253304891638285 
712	 0.253412462097851 
713	 0.253454108192266 
714	 0.253096392931928 
715	 0.25253032791816 
716	 0.251848647798275 
717	 0.251187761383712 
718	 0.250466448010682 
719	 0.249735960626281 
720	 0.249214930300167 
721	 0.248854864839429 
722	 0.248201194492293 
723	 0.246936557312773 
724	 0.245361716733895 
725	 0.244339398190721 
726	 0.243164419293126 
727	 0.241749903714805 
728	 0.240117945007941 
729	 0.238138151731302 
730	 0.236237638772768 
731	 0.234585828676621 
732	 0.233041539916201 
733	 0.23161159781673 
734	 0.230492779031013 
735	 0.229597169480613 
736	 0.228422279256764 
737	 0.227700530319507 
738	 0.227348356633731 
739	 0.22713817636946 
740	 0.227006337061677 
741	 0.226979803690265 
742	 0.227001301348452 
743	 0.227001450961698 
744	 0.227197425629281 
745	 0.227206783491103 
746	 0.227032292589581 
747	 0.227258206309687 
748	 0.227336798399096 
749	 0.227300118463959 
750	 0.22732643359565 
751	 0.227593250008166 
752	 0.227637831372174 
753	 0.227525140440857 
754	 0.22758831365068 
755	 0.227656670692801 
756	 0.22788587213135 
757	 0.228202935378537 
758	 0.228112462960564 
759	 0.227703991807039 
760	 0.227159214556782 
761	 0.227070151315211 
762	 0.227029831577477 
763	 0.227154844958838 
764	 0.227416346487827 
765	 0.227786328798714 
766	 0.228588340646693 
767	 0.228994258167118 
768	 0.228998058494973 
769	 0.229298791610397 
770	 0.229711742212431 
771	 0.230085521671347 
772	 0.230311029395096 
773	 0.230351855930446 
774	 0.230755789044288 
775	 0.231236778490442 
776	 0.231309282223846 
777	 0.23175308719467 
778	 0.232046203007773 
779	 0.232233844638767 
780	 0.232963059853973 
781	 0.233459229150685 
782	 0.233715757276326 
783	 0.233905414173988 
784	 0.234270337092269 
785	 0.234588025147475 
786	 0.235005050715573 
787	 0.235655884762375 
788	 0.235882985471794 
789	 0.236290841974103 
790	 0.236937337908687 
791	 0.237419004227286 
792	 0.238017963700417 
793	 0.238401742792982 
794	 0.238530294421031 
795	 0.238933218120047 
796	 0.23940916731567 
797	 0.239770712272751 
798	 0.240002314250406 
799	 0.240616498660818 
800	 0.240992966128768 
801	 0.241214127216813 
802	 0.241689406508851 
803	 0.241898350951981 
804	 0.241919632196815 
805	 0.241950090987547 
806	 0.242217001740161 
807	 0.242149266371947 
808	 0.241910311851423 
809	 0.241702409706563 
810	 0.241388144097036 
811	 0.241272247397962 
812	 0.241105237196398 
813	 0.24044303320817 
814	 0.239576472699286 
815	 0.23872019070153 
816	 0.238029375792812 
817	 0.237544347294942 
818	 0.237468304621047 
819	 0.237376938840839 
820	 0.236772174614578 
821	 0.235029480616831 
822	 0.233489787868999 
823	 0.232430041907355 
824	 0.231423242115705 
825	 0.229239921275344 
826	 0.227278213335369 
827	 0.225381986353291 
828	 0.223143367721039 
829	 0.221406905760362 
830	 0.219708088244606 
831	 0.217989988068747 
832	 0.216562256901394 
833	 0.215072884832541 
834	 0.214055765921916 
835	 0.213632323453002 
836	 0.213331184271164 
837	 0.212705400547859 
838	 0.211969386715416 
839	 0.211463811738244 
840	 0.211464028276056 
841	 0.211289489890428 
842	 0.210873180584219 
843	 0.210413901484048 
844	 0.210100768957906 
845	 0.209848216333807 
846	 0.209523533063864 
847	 0.209025209720154 
848	 0.208750199507567 
849	 0.208506811998272 
850	 0.20814934722732 
851	 0.207684334517863 
852	 0.20705059338307 
853	 0.206877900174293 
854	 0.207203039791566 
855	 0.206568217994751 
856	 0.206279186519533 
857	 0.20609084080982 
858	 0.205573410211632 
859	 0.20521363793438 
860	 0.205144281206578 
861	 0.205027444093684 
862	 0.204497585501829 
863	 0.204635875239128 
864	 0.20453729241582 
865	 0.203900078289341 
866	 0.203146127424722 
867	 0.202572876351595 
868	 0.202199015776583 
869	 0.2019702297644 
870	 0.201827237427176 
871	 0.20194638201852 
872	 0.20157491490733 
873	 0.20058008597313 
874	 0.200642810100008 
875	 0.200142410227092 
876	 0.199559668179339 
877	 0.199517067602646 
878	 0.19863680268128 
879	 0.198251918402082 
880	 0.197888403172998 
881	 0.196671787983907 
882	 0.196771574311865 
883	 0.196337955657196 
884	 0.195308573311793 
885	 0.195021491695641 
886	 0.195045550530091 
887	 0.194518166987492 
888	 0.193587742147872 
889	 0.193508989499004 
890	 0.193265738065446 
891	 0.193228540043866 
892	 0.193095626451607 
893	 0.190794227635155 
894	 0.190221155751197 
895	 0.190218455081432 
896	 0.189058821099934 
897	 0.189124407968708 
898	 0.188530650918364 
899	 0.187502734125234 
900	 0.1869861690145 
901	 0.187437486961249 
902	 0.186437612729185 
903	 0.185340303958239 
904	 0.186059012953097 
905	 0.185829559436492 
906	 0.185351453731577 
907	 0.184699406180344 
908	 0.183664953348368 
909	 0.183725012132783 
910	 0.183361877190874 
911	 0.182126371870628 
912	 0.180943465115213 
913	 0.181241824410489 
914	 0.179064099966644 
915	 0.175253262271311 
916	 0.175969921479158 
917	 0.176734882211499 
918	 0.176753999647719 
919	 0.176271494593752 
920	 0.176028659082239 
921	 0.174257837652431 
922	 0.173412316708231 
923	 0.173921131398879 
924	 0.170015793433133 
925	 0.171753434301487 
926	 0.17442325624383 
927	 0.170831774245838 
928	 0.165838919276019 
929	 0.163666217891154 
930	 0.16484684021147 
931	 0.165710207066682 
932	 0.16077013025 
933	 0.156675290658088 
934	 0.15707395594366 
935	 0.158353199206586 
936	 0.14887547518567 
937	 0.156087754952148 
938	 0.164785427658179 
939	 0.157516221257312 
940	 0.154654085666383 
941	 0.15571872984455 
942	 0.155728219336287 
943	 0.149319241906424 
944	 0.14594340371916 
945	 0.141192638218229 
946	 0.139861202781053 
947	 0.148007222763062 
948	 0.149935883103852 
949	 0.145412268726398 
950	 0.141731274299826 
951	 0.145781437377362 
952	 0.139454062800847 
953	 0.142540817911932 
954	 0.150101840251903 
955	 0.14483471431219 
956	 0.150120945679971 
957	 0.147157690021216 
958	 0.139145728992118 
959	 0.142522523881592 
960	 0.147609292204761 
961	 0.14640247455992 
962	 0.140822638892864 
963	 0.13824064165107 
964	 0.13785374306365 
965	 0.142273376271146 
966	 0.145358949567023 
967	 0.138731466525743 
968	 0.139846743043792 
969	 0.143907518462772 
970	 0.146164306205391 
971	 0.144341217998579 
972	 0.140419690468765 
973	 0.140107966997149 
974	 0.143030262854541 
975	 0.142869202391037 
976	 0.139757126112063 
977	 0.138570654483685 
978	 0.139991688255857 
979	 0.140595597134331 
980	 0.138880016749457 
981	 0.138173197914681 
982	 0.140114204737344 
983	 0.143648188910131 
984	 0.142941571422123 
985	 0.141781640673857 
986	 0.142128885758855 
987	 0.143248273256474 
988	 0.142023438265082 
989	 0.14217351055024 
990	 0.14335257004507 
991	 0.142725233095973 
992	 0.14569452073963 
993	 0.146719962965638 
994	 0.144893862083239 
995	 0.143085038166431 
996	 0.141058127747748 
997	 0.142222191508449 
998	 0.145453934217699 
999	 0.146698495997198 
1000	 0.143139735351352 
1001	 0.149874670215899 
1002	 0.150443373586704 
1003	 0.150950481899373 
1004	 0.151504298654412 
1005	 0.151917205023084 
1006	 0.15265274910892 
1007	 0.152990196257859 
1008	 0.153005748260953 
1009	 0.152128625853396 
1010	 0.151729219926689 
1011	 0.152021125405782 
1012	 0.152424089038437 
1013	 0.153106627551835 
1014	 0.153521988359783 
1015	 0.153858782297145 
1016	 0.154428867783588 
1017	 0.155287820366346 
1018	 0.155581803607086 
1019	 0.155653565437657 
1020	 0.155885010650288 
1021	 0.155478244777 
1022	 0.155877186713425 
1023	 0.156015313105292 
1024	 0.156747417257852 
1025	 0.15696871593885 
1026	 0.156094351350309 
1027	 0.156386166040455 
1028	 0.157125858471364 
1029	 0.157663864308515 
1030	 0.158827962938939 
1031	 0.159145688986963 
1032	 0.158764336419332 
1033	 0.158703483789942 
1034	 0.158263055316794 
1035	 0.158422667705387 
1036	 0.159143399173287 
1037	 0.159651101251484 
1038	 0.160204479549118 
1039	 0.160978272105177 
1040	 0.161900318550374 
1041	 0.161346477088942 
1042	 0.161944905201154 
1043	 0.163003554728468 
1044	 0.16340242289938 
1045	 0.163974004905721 
1046	 0.164275397005752 
1047	 0.163834444271041 
1048	 0.16383298562149 
1049	 0.163764719346142 
1050	 0.164183285775807 
1051	 0.165309735660552 
1052	 0.165728435902768 
1053	 0.1662737860722 
1054	 0.166535190849138 
1055	 0.165934918119286 
1056	 0.1656727914271 
1057	 0.165509049492725 
1058	 0.165420706178722 
1059	 0.165625039412685 
1060	 0.166151176962675 
1061	 0.166270501348478 
1062	 0.166275727374708 
1063	 0.166693767987432 
1064	 0.167052256835257 
1065	 0.167479092040117 
1066	 0.169202962605599 
1067	 0.169225934421088 
1068	 0.167445701051993 
1069	 0.166967038701212 
1070	 0.165952675032721 
1071	 0.165626373317594 
1072	 0.16584110199737 
1073	 0.167836686730115 
1074	 0.167871722985271 
1075	 0.167135319269116 
1076	 0.167240814018851 
1077	 0.166992031895804 
1078	 0.166940786782178 
1079	 0.168254359160211 
1080	 0.167770380101171 
1081	 0.165438533684797 
1082	 0.164753419040269 
1083	 0.164187049084383 
1084	 0.163529297062505 
1085	 0.163811324724922 
1086	 0.163795730870014 
1087	 0.162872461761977 
1088	 0.162552344543226 
1089	 0.162963417854923 
1090	 0.163377604017033 
1091	 0.163375520575241 
1092	 0.163449874460117 
1093	 0.163216948825109 
1094	 0.162763652668165 
1095	 0.16172075470245 
1096	 0.159382348494386 
1097	 0.158817986862183 
1098	 0.158802322347161 
1099	 0.158567828536414 
1100	 0.160018949336551 
1101	 0.160262086331943 
1102	 0.158926916264393 
1103	 0.158288741026456 
1104	 0.157486919529026 
1105	 0.157560071309603 
1106	 0.158132611221934 
1107	 0.158384342217588 
1108	 0.157915948691917 
1109	 0.156400146884151 
1110	 0.156391523255463 
1111	 0.157193708857768 
1112	 0.156600760465357 
1113	 0.155864355088706 
1114	 0.156288704443857 
1115	 0.154341620846859 
1116	 0.154325755734912 
1117	 0.162863375361674 
1118	 0.165941427788626 
1119	 0.159795600243908 
1120	 0.160009559638514 
1121	 0.158073865589955 
1122	 0.164404650157037 
1123	 0.17626776872124 
1124	 0.190110034632575 
1125	 0.201122593977143 
1126	 0.177957370863712 
1127	 0.165827860514123 
1128	 0.171911800772561 
1129	 0.158417955182579 
1130	 0.131845167534917 
1131	 0.134656920905897 
1132	 0.142536781801785 
1133	 0.141388100455102 
1134	 0.154522738391456 
1135	 0.153870534736442 
1136	 0.134709094762067 
1137	 0.132777786529255 
1138	 0.138559072902356 
1139	 0.139068834089582 
1140	 0.142636755100239 
1141	 0.152337041204007 
1142	 0.146121813268032 
1143	 0.142872239558218 
1144	 0.14661753554066 
1145	 0.14542031724907 
1146	 0.149637824314404 
1147	 0.14689319087832 
1148	 0.141478667997593 
1149	 0.140963426097093 
1150	 0.139408456722485 
1151	 0.141072769316437 
1152	 0.139525482416591 
1153	 0.135242880661078 
1154	 0.133876124301295 
1155	 0.132176959720551 
1156	 0.133030122802137 
1157	 0.134050993226257 
1158	 0.1329362415488 
1159	 0.13374209870376 
1160	 0.136521115308929 
1161	 0.136983228684294 
1162	 0.13627079734332 
1163	 0.13575720629923 
1164	 0.134865534234647 
1165	 0.134601011796045 
1166	 0.135481034836442 
1167	 0.135826730428621 
1168	 0.134552264722065 
1169	 0.133759655455091 
1170	 0.13459775573954 
1171	 0.134946318935422 
1172	 0.135631488951713 
1173	 0.135838559186613 
1174	 0.135957232177193 
1175	 0.1355736808837 
1176	 0.135495813814362 
1177	 0.135797050909566 
1178	 0.135386241919562 
1179	 0.134867207005917 
1180	 0.134404288661887 
1181	 0.13379427164365 
1182	 0.134257575619452 
1183	 0.134512876279091 
1184	 0.134268261702961 
1185	 0.134632280806455 
1186	 0.134186470120345 
1187	 0.133574837350659 
1188	 0.133894509675139 
1189	 0.13390484333787 
1190	 0.133785009950901 
1191	 0.134052524426704 
1192	 0.134157398442404 
1193	 0.134024188045461 
1194	 0.133932941929091 
1195	 0.133828467605976 
1196	 0.133661931104338 
1197	 0.133067125780399 
1198	 0.131746365301203 
1199	 0.131764039654101 
1200	 0.132352163396771 
1201	 0.132486870875193 
1202	 0.132854892196134 
1203	 0.132740828215824 
1204	 0.132768871205042 
1205	 0.133018616488256 
1206	 0.133184077002986 
1207	 0.133348804182876 
1208	 0.133219266977215 
1209	 0.133546062255285 
1210	 0.134346289289248 
1211	 0.134205357800962 
1212	 0.133158391428319 
1213	 0.133064825085031 
1214	 0.132935615330785 
1215	 0.132894346380938 
1216	 0.132510311229554 
1217	 0.132859770552537 
1218	 0.133033908069053 
1219	 0.132821006169998 
1220	 0.133168385338263 
1221	 0.133277345194867 
1222	 0.132655106419141 
1223	 0.132341997327223 
1224	 0.132691731338833 
1225	 0.133075306098847 
1226	 0.133576661347387 
1227	 0.13384675719357 
1228	 0.133703892959261 
1229	 0.133652837777577 
1230	 0.133646142552966 
1231	 0.133708261787428 
1232	 0.134052363160637 
1233	 0.134113360496466 
1234	 0.133455365113644 
1235	 0.133469057475402 
1236	 0.133613130214574 
1237	 0.133585151720173 
1238	 0.133752059282434 
1239	 0.134245070716232 
1240	 0.134288580595727 
1241	 0.133865603655136 
1242	 0.134038780405402 
1243	 0.134425788031881 
1244	 0.134191666709954 
1245	 0.133754298602267 
1246	 0.133456234670307 
1247	 0.133356699744231 
1248	 0.133265644856479 
1249	 0.13302286902075 
1250	 0.133244741270132 
1251	 0.13340638717209 
1252	 0.132930066546466 
1253	 0.132925684110412 
1254	 0.133272098759286 
1255	 0.133243601975858 
1256	 0.133179095196051 
1257	 0.133790101686276 
1258	 0.133707932740696 
1259	 0.132829554168302 
1260	 0.132392891649665 
1261	 0.13162653119347 
1262	 0.131769291448149 
1263	 0.132537506534007 
1264	 0.132965885161863 
1265	 0.133310810937784 
1266	 0.134117390149527 
1267	 0.134379176939672 
1268	 0.133930715229201 
1269	 0.13343766586666 
1270	 0.133459745840958 
1271	 0.133499623965609 
1272	 0.132892952419625 
1273	 0.132630612280587 
1274	 0.133076863995005 
1275	 0.132679903254835 
1276	 0.13188867513411 
1277	 0.132190245354141 
1278	 0.132330161007714 
1279	 0.132764619058104 
1280	 0.133971953896524 
1281	 0.13427325395398 
1282	 0.134298932503827 
1283	 0.134030882692813 
1284	 0.132652587963606 
1285	 0.132494391488114 
1286	 0.132972686416769 
1287	 0.132956386205244 
1288	 0.133385598730342 
1289	 0.133415167654491 
1290	 0.132911328119739 
1291	 0.13247578276741 
1292	 0.13210538776152 
1293	 0.132326811480775 
1294	 0.132688312694626 
1295	 0.132578162165964 
1296	 0.132306897267159 
1297	 0.131885839633947 
1298	 0.130806828979143 
1299	 0.129568713558311 
1300	 0.129890111628411 
1301	 0.13032896182094 
1302	 0.130029450768615 
1303	 0.130611157255603 
1304	 0.130987844867189 
1305	 0.130259567603085 
1306	 0.129354776802911 
1307	 0.127685249697899 
1308	 0.127339333160976 
1309	 0.127095936043413 
1310	 0.127312147338915 
1311	 0.129696325681287 
1312	 0.130025125807702 
1313	 0.128933413431286 
1314	 0.12811678751032 
1315	 0.126171110504997 
1316	 0.125228599835399 
1317	 0.124460748282922 
1318	 0.124474204180877 
1319	 0.126643781389057 
1320	 0.1262393815801 
1321	 0.124218760471622 
1322	 0.123801860800763 
1323	 0.122097082597939 
1324	 0.121579175827129 
1325	 0.12360709982221 
1326	 0.125096609529061 
1327	 0.12503492501865 
1328	 0.123941791515808 
1329	 0.124276038765626 
1330	 0.123903930123197 
1331	 0.120621437867655 
1332	 0.118584745671311 
1333	 0.12324995040784 
1334	 0.126473754132602 
1335	 0.125116998425874 
1336	 0.121846067898897 
1337	 0.122387730368596 
1338	 0.1184024039848 
1339	 0.117114419979623 
1340	 0.123419451535876 
1341	 0.125996492973898 
1342	 0.122619700469013 
1343	 0.122190764969397 
1344	 0.129427463416741 
1345	 0.131121509378579 
1346	 0.124565438683132 
1347	 0.124697005787074 
1348	 0.121259238537854 
1349	 0.12444618742822 
1350	 0.150820132709622 
1351	 0.181286694261754 
1352	 0.264835958782291 
1353	 0.340385697036016 
1354	 0.345835140504618 
1355	 0.296678479462218 
1356	 0.424404668767136 
1357	 0.689288735221766 
1358	 0.690921869648301 
1359	 1.03131585929116 
1360	 1.35550632072364 
1361	 1.27096030959578 
1362	 4.05061766061524 
1363	-9.72164127434555 
1364	-0.164105967896285 
1365	-1.02817584684776 
1366	-0.871844892909404 
1367	-0.223507562477158 
1368	-0.150082792103319 
1369	 0.111805435809932 
1370	 0.433045982297087 
1371	 0.207730994385971 
1372	 0.158493208972081 
1373	 0.29494410960312 
1374	 0.850333271242187 
1375	 3.1462204131344 
1376	 3.16252768531973 
1377	 3.61077744254143 
1378	 19.3927533421862 
1379	-9.32879253558586 
1380	 8.58869139565973 
1381	-2.91155783056392 
1382	 13.8707544223946 
1383	 0.610687426057635 
1384	 0.452842635935674 
1385	 0.536465110978463 
1386	 0.600257080772056 
1387	 0.66792303656143 
1388	 0.708901218338365 
1389	 1.01414111914606 
1390	 1.1351949385249 
1391	 0.921256695287838 
1392	 0.491318556146539 
1393	 0.224268604748821 
1394	 6.91592165703262E-02 
1395	 8.95021859642303E-03 
1396	 0.111595760916884 
1397	 0.239120660415688 
1398	 0.551778332349375 
1399	 0.728549879978894 
1400	 0.151421237214481 
1401	-0.445887265270655 
1402	-0.160934068933236 
1403	 0.686987679520864 
1404	 1.16097997670632 
1405	 1.27353605543147 
1406	 1.32740890444065 
1407	 1.63831014780242 
1408	 1.75509528619018 
1409	 1.27489517566484 
1410	 0.766888189216464 
1411	 0.68868964545099 
1412	 9.11907908457749E-02 
1413	-8.35913626286195E-02 
1414	 0.565182844639332 
1415	 0.679733433563329 
1416	 0.330257673111266 
1417	 0.292174685932336 
1418	 0.469341859017444 
1419	 0.713973612874305 
1420	 1.38385433010015 
1421	 1.10264742861906 
1422	 0.499060292710936 
1423	 0.449680193649412 
1424	 0.362795462193587 
1425	 0.257610333152346 
1426	 0.250195189379191 
1427	 0.244986498841134 
1428	 0.16445628314667 
1429	 0.11718519802269 
1430	 0.129469457844247 
1431	 0.149234210249425 
1432	 0.140943534282283 
1433	 0.129137971551968 
1434	 0.155511742777908 
1435	 0.191678957142789 
1436	 0.161934823042609 
1437	 0.231695077520173 
1438	 0.332754106997859 
1439	 0.364209031920128 
1440	 0.353369724338968 
1441	 0.255606693103588 
1442	 0.156863604746562 
1443	 0.128987194219477 
1444	 0.117651386176792 
1445	 8.67597822185229E-02 
1446	 6.76953495433059E-02 
1447	 6.52801552026942E-02 
1448	 6.89247515440454E-02 
1449	 7.94985476004161E-02 
1450	 7.34055935774807E-02 
1451	 6.60578318523314E-02 
1452	 8.33355436142228E-02 
1453	 8.84273839437426E-02 
1454	 8.21025390214205E-02 
1455	 7.94492739771852E-02 
1456	 8.03918785561158E-02 
1457	 6.81611344530364E-02 
1458	 6.48032357780044E-02 
1459	 7.55714701557175E-02 
1460	 7.26767206793219E-02 
1461	 5.65383578980835E-02 
1462	 5.51186048265723E-02 
1463	 6.06348266379858E-02 
1464	 6.09746725445814E-02 
1465	 6.17293723416903E-02 
1466	 6.69626165438894E-02 
1467	 7.72595945682341E-02 
1468	 0.076541594603832 
1469	 0.068946478240369 
1470	 7.44867450714852E-02 
1471	 0.084138469083524 
1472	 8.17337787358657E-02 
1473	 8.15062436941764E-02 
1474	 8.51045967333458E-02 
1475	 7.80625485411708E-02 
1476	 7.14480596823877E-02 
1477	 7.53794644322802E-02 
1478	 7.60631369544858E-02 
1479	 6.65130159815611E-02 
1480	 6.33792302592716E-02 
1481	 6.71017457015219E-02 
1482	 6.84338506691517E-02 
1483	 0.066483293489709 
1484	 6.75916955126451E-02 
1485	 7.38249283370806E-02 
1486	 7.45758848962772E-02 
1487	 7.12829722044404E-02 
1488	 7.15802678597466E-02 
1489	 7.26878428158554E-02 
1490	 0.071722627196199 
1491	 6.96176858325284E-02 
1492	 7.11348634080876E-02 
1493	 7.58073846647464E-02 
1494	 7.53464101245695E-02 
1495	 7.35331541975061E-02 
1496	 7.32880903144435E-02 
1497	 7.03885405516753E-02 
1498	 6.89294423927795E-02 
1499	 0.06999500283628 
1500	 6.99483325332243E-02 
1501	 6.84123970094775E-02 
1502	 6.85036736925243E-02 
1503	 7.06780894467222E-02 
1504	 7.10766926524452E-02 
1505	 7.16270645967346E-02 
1506	 7.03269219251755E-02 
1507	 0.069363669918161 
1508	 6.90768346071671E-02 
1509	 6.94051710853337E-02 
1510	 7.05407449762694E-02 
1511	 7.16331743365549E-02 
1512	 7.26359127671499E-02 
1513	 7.33168998361394E-02 
1514	 0.073155863734585 
1515	 7.30142846561343E-02 
1516	 7.29849403213786E-02 
1517	 7.24943854178606E-02 
1518	 7.28811606555597E-02 
1519	 7.40902172427204E-02 
1520	 7.44937074459478E-02 
1521	 7.50038294450702E-02 
1522	 7.53916214989129E-02 
1523	 7.53405832531988E-02 
1524	 7.54479941611675E-02 
1525	 7.53533150223431E-02 
1526	 0.076565695826115 
1527	 7.85431979338492E-02 
1528	 0.078332900744689 
1529	 7.70194003752357E-02 
1530	 7.68793633029213E-02 
1531	 7.67655851907717E-02 
1532	 7.62163993464153E-02 
1533	 7.63098170096721E-02 
1534	 7.70152728634532E-02 
1535	 7.71562414961516E-02 
1536	 7.71622390099032E-02 
1537	 7.83514475355067E-02 
1538	 7.92660559282344E-02 
1539	 7.93985087580438E-02 
1540	 7.91741874992835E-02 
1541	 7.90035917225046E-02 
1542	 0.079831482275838 
1543	 8.07701267762611E-02 
1544	 8.13080555285794E-02 
1545	 8.20607707905952E-02 
1546	 8.25980506040929E-02 
1547	 8.23825028671532E-02 
1548	 8.19998248414667E-02 
1549	 8.19804418869439E-02 
1550	 8.23046213101883E-02 
1551	 0.082767660297587 
1552	 8.31362727472855E-02 
1553	 8.34877935556234E-02 
1554	 8.40776441787097E-02 
1555	 8.42223759641201E-02 
1556	 8.42741027420541E-02 
1557	 8.52014751149337E-02 
1558	 8.51414343589897E-02 
1559	 8.47471138515747E-02 
1560	 8.51515960335881E-02 
1561	 0.084510686725293 
1562	 8.40338505782601E-02 
1563	 8.46627397672732E-02 
1564	 8.56077064359836E-02 
1565	 8.62703826022081E-02 
1566	 8.64362368409967E-02 
1567	 8.72477812419218E-02 
1568	 8.76740769107183E-02 
1569	 8.80049240544298E-02 
1570	 8.93039449589109E-02 
1571	 8.99992637310719E-02 
1572	 8.97976242587594E-02 
1573	 8.92127493707926E-02 
1574	 8.88371559326378E-02 
1575	 8.83728643980058E-02 
1576	 8.79550154770644E-02 
1577	 8.80708972712541E-02 
1578	 8.87357826516669E-02 
1579	 8.97476081075836E-02 
1580	 9.05579562467194E-02 
1581	 9.05284934808399E-02 
1582	 8.97464329163388E-02 
1583	 8.98608405418186E-02 
1584	 9.05740736679076E-02 
1585	 9.10204529134853E-02 
1586	 9.18116337221475E-02 
1587	 9.25759511506412E-02 
1588	 9.23559835580757E-02 
1589	 9.19321110612426E-02 
1590	 9.21102076833911E-02 
1591	 9.19988272279791E-02 
1592	 9.10200772136976E-02 
1593	 9.08096703714368E-02 
1594	 9.21143779982194E-02 
1595	 9.28811072860288E-02 
1596	 9.29053900110372E-02 
1597	 9.36077806762581E-02 
1598	 9.39811032036653E-02 
1599	 9.30906150766677E-02 
1600	 9.31671238539473E-02 
1601	 9.41677693691148E-02 
1602	 9.39191545694345E-02 
1603	 9.39626712330004E-02 
1604	 9.44386375118713E-02 
1605	 9.40996845238839E-02 
1606	 9.40764592620873E-02 
1607	 9.44236361409393E-02 
1608	 9.46464139293745E-02 
1609	 9.42301377096596E-02 
1610	 0.094135496140223 
1611	 9.45758952886379E-02 
1612	 9.42077976054451E-02 
1613	 0.094575870277083 
1614	 9.52269080782704E-02 
1615	 9.49967602299729E-02 
1616	 9.56855803392779E-02 
1617	 9.63672387863735E-02 
1618	 9.62133544981179E-02 
1619	 9.64158231255741E-02 
1620	 9.63188330873338E-02 
1621	 9.54806520461199E-02 
1622	 9.48969217148329E-02 
1623	 0.095684239326065 
1624	 9.70770942228491E-02 
1625	 9.74404064334043E-02 
1626	 9.74956620065321E-02 
1627	 0.097690088409253 
1628	 9.71597085602703E-02 
1629	 9.65562730938647E-02 
1630	 9.67339659695389E-02 
1631	 9.75678179594863E-02 
1632	 9.77636490317245E-02 
1633	 9.84540952943202E-02 
1634	 9.99086190904349E-02 
1635	 9.90508038318151E-02 
1636	 9.78254270302386E-02 
1637	 9.77876817035866E-02 
1638	 9.75756767652746E-02 
1639	 9.76165186175349E-02 
1640	 9.83577899805451E-02 
1641	 9.86233902681649E-02 
1642	 9.83510241617277E-02 
1643	 0.098873496338758 
1644	 9.87647337608361E-02 
1645	 9.81696073054392E-02 
1646	 9.85693726000046E-02 
1647	 9.89670888548808E-02 
1648	 9.82957806605319E-02 
1649	 9.75296719015825E-02 
1650	 9.77355714498795E-02 
1651	 9.78123580092864E-02 
1652	 9.80042648770346E-02 
1653	 9.86482426190415E-02 
1654	 9.87916446585551E-02 
1655	 9.82712943358325E-02 
1656	 9.84410061987008E-02 
1657	 9.91471750018856E-02 
1658	 9.94604004117238E-02 
1659	 0.099815849746518 
1660	 9.98142281646978E-02 
1661	 9.95376787158582E-02 
1662	 9.94470887096569E-02 
1663	 9.91195748722436E-02 
1664	 9.89841275161735E-02 
1665	 9.90688959856926E-02 
1666	 9.93300828695184E-02 
1667	 9.96371815548838E-02 
1668	 0.100671383847731 
1669	 0.10057947172279 
1670	 9.88539764807306E-02 
1671	 9.87688593570739E-02 
1672	 9.90064675267175E-02 
1673	 9.81821537615692E-02 
1674	 9.90408173457642E-02 
1675	 9.97233830095278E-02 
1676	 9.94877346901397E-02 
1677	 0.10062509078679 
1678	 0.100672209292903 
1679	 9.98370498646653E-02 
1680	 0.100261994515896 
1681	 0.100167792041552 
1682	 9.94776323571049E-02 
1683	 9.93018572294599E-02 
1684	 9.91850492019564E-02 
1685	 9.86689358872796E-02 
1686	 0.098499254188313 
1687	 9.93455846260564E-02 
1688	 0.099458678347673 
1689	 9.83423896028971E-02 
1690	 0.098928807710954 
1691	 9.95214378834914E-02 
1692	 9.84890240526706E-02 
1693	 9.90067217096055E-02 
1694	 9.98099237707896E-02 
1695	 9.92340790049002E-02 
1696	 0.099435274385579 
1697	 9.97252325354009E-02 
1698	 9.87228068783824E-02 
1699	 9.89634928455861E-02 
1700	 0.100505237117765 
1701	 0.101182662260096 
1702	 0.101600070898136 
1703	 0.101069096717752 
1704	 9.86081772990837E-02 
1705	 9.72760316077181E-02 
1706	 9.78967098012234E-02 
1707	 9.83684282927172E-02 
1708	 9.92896060482511E-02 
1709	 9.99958723227921E-02 
1710	 9.94128825200094E-02 
1711	 9.88103567422847E-02 
1712	 9.89758368610879E-02 
1713	 9.95595004982948E-02 
1714	 9.92615566178691E-02 
1715	 9.85332659365142E-02 
1716	 9.74225757578789E-02 
1717	 9.67516232416349E-02 
1718	 9.67496959324937E-02 
1719	 9.69861745301033E-02 
1720	 9.74907215260259E-02 
1721	 9.73532709744359E-02 
1722	 9.72536907759391E-02 
1723	 9.71430461327879E-02 
1724	 9.59196357673767E-02 
1725	 9.55624275424623E-02 
1726	 9.61299877623308E-02 
1727	 9.69541013261574E-02 
1728	 9.82549535586079E-02 
1729	 9.90039869393159E-02 
1730	 9.84925247377664E-02 
1731	 9.70102332529777E-02 
1732	 9.54785670649829E-02 
1733	 9.55025806666029E-02 
1734	 9.63922439721985E-02 
1735	 9.61414205089818E-02 
1736	 9.58963100440984E-02 
1737	 0.09634700516735 
1738	 9.67243615685959E-02 
1739	 0.096938502481443 
1740	 9.77045244928466E-02 
1741	 9.69208702456241E-02 
1742	 9.39506979543568E-02 
1743	 9.37863409854896E-02 
1744	 9.48805138123818E-02 
1745	 9.47056056273026E-02 
1746	 0.091877062098753 
1747	 9.16303608864288E-02 
1748	 9.21714346718759E-02 
1749	 9.19565325199659E-02 
1750	 9.36917265422608E-02 
1751	 9.50359939111185E-02 
1752	 9.50816496918305E-02 
1753	 9.50078454210103E-02 
1754	 0.096428420551715 
1755	 9.59299225563048E-02 
1756	 9.20471263232393E-02 
1757	 9.05950721476235E-02 
1758	 9.10591594017525E-02 
1759	 9.38629453730948E-02 
1760	 9.62328366297275E-02 
1761	 9.37370897380176E-02 
1762	 9.04755878240029E-02 
1763	 9.04919214885407E-02 
1764	 9.00665538062012E-02 
1765	 9.03571195909913E-02 
1766	 9.31423397903657E-02 
1767	 8.94885298007431E-02 
1768	 8.35698875116152E-02 
1769	 8.61062923902097E-02 
1770	 8.80067033603834E-02 
1771	 8.86247044789875E-02 
1772	 0.094070183219884 
1773	 9.44578389202341E-02 
1774	 9.21398567354663E-02 
1775	 9.15727849660675E-02 
1776	 0.091027564055778 
1777	 9.26316964803801E-02 
1778	 9.33829597788529E-02 
1779	 9.25892849870866E-02 
1780	 9.08879175190219E-02 
1781	 0.087496213852467 
1782	 8.57901614810601E-02 
1783	 0.086210114739266 
1784	 8.95650340813548E-02 
1785	 9.54052767895043E-02 
1786	 9.59956253100365E-02 
1787	 9.36187265547336E-02 
1788	 9.32636507155163E-02 
1789	 9.13970391104166E-02 
1790	 9.56756924777221E-02 
1791	 0.102042299611818 
1792	 0.101236242757918 
1793	 9.39481077818611E-02 
1794	 8.34788399782792E-02 
1795	 6.53515612080841E-02 
1796	 8.28771977967241E-02 
1797	 0.111822115703565 
1798	 0.138633360986681 
1799	 0.184802715314413 
1800	 8.72654998126061E-02 
1801	 6.31066804886968E-02 
1802	 9.76144713484465E-02 
1803	 9.71475421483019E-02 
1804	 0.243385758229823 
1805	 0.305762353894132 
1806	-7.37391327145635E-02 
1807	-0.274058726919806 
1808	-0.21996894923002 
1809	-5.53836793225859E-02 
1810	 0.711983855121903 
1811	 0.921026586414106 
1812	 0.794833615443839 
1813	 2.11334223657896 
1814	-0.332225608727576 
1815	-0.24361363974848 
1816	-1.01366583108263 
1817	 1.25801521138146 
1818	 0.118451031955073 
1819	-0.47267916555865 
1820	-0.693383434798632 
1821	 1.8396223479861 
1822	 0.336534043079852 
1823	-1.08487541407728 
1824	 3.28930019536609 
1825	-1.32822224421621 
1826	-0.906657678480214 
1827	-0.11958187523593 
1828	 0.15607409928003 
1829	 1.59130127647186 
1830	 2.36953966401783 
1831	 0.135445466488872 
1832	 8.89751416619893E-02 
1833	 0.102210905321272 
1834	 9.14463060338224E-02 
1835	 4.66393481393915 
1836	-3.17641627528911 
1837	-0.301929103154674 
1838	-0.299004831589491 
1839	 0.102623175001774 
1840	-0.188246695701534 
1841	 0.171215624688195 
1842	 1.4381959398143 
1843	 1.78856617725156 
1844	 0.311126438275691 
1845	 0.404455422038601 
1846	 0.799744205736727 
1847	 0.931318788964089 
1848	 1.40660396821209 
1849	 1.00240416817996 
1850	 0.657415380799984 
1851	 1.11229319199767 
1852	-2.81217207380291 
1853	-2.92653515546083 
1854	-5.16533734819445 
1855	 18.3922448941548 
1856	 5.21591049687875 
1857	 1.09743449437029 
1858	 0.735246416237688 
1859	 0.588167720976737 
1860	 0.686641659433812 
1861	 0.709234572346134 
1862	 2.10126652398594 
1863	-47.1275562912253 
1864	-14.2530139287782 
1865	-25.4535068731456 
1866	 3.43344422617882 
1867	 2.18624550163438 
1868	 0.682418624202071 
1869	 0.213291203879618 
1870	 0.487784259902155 
1871	 7.95085437372221E-02 
1872	 0.749317789751995 
1873	 1.61812856254836 
1874	 5.68368376413745 
1875	-1.52322406813864 
1876	-1.50066894857141 
1877	 14.6158659075008 
1878	 6.28618661939111 
1879	-5.45135322832591 
1880	-3.72573834028997 
1881	-1.29046714563934 
1882	-162.745222054433 
1883	-2.83808450976561 
1884	-3.44806388564352 
1885	-0.29217221838868 
1886	-0.493265378917751 
1887	-1.06633177049485 
1888	-0.8988054932531 
1889	-0.769100058935366 
1890	-0.35195536408955 
1891	-0.319038806136652 
1892	-0.259415093216957 
1893	-0.315805337126011 
1894	 1.77614518164874E-02 
1895	 0.280064156511642 
1896	 0.914807906097493 
1897	 1.40051172510842 
1898	 1.59986942416529 
1899	 4.15901159363791 
1900	-18.9284046509167 
1901	 0.792198755438622 
1902	-0.786881409961152 
1903	-50.240920198164 
1904	 2.7498470722386 
1905	 2.98732712241273 
1906	 1.92618342117894 
1907	 0.738144820379612 
1908	-1.17148034526065 
1909	-0.65961933545284 
1910	 5.81736126455409E-02 
1911	-0.135773221102942 
1912	 0.179359188971751 
1913	 0.311536895745857 
1914	-0.227132002478678 
1915	-0.977442108420737 
1916	-0.811920741165703 
1917	-0.300064067882039 
1918	-0.730965343417161 
1919	-1.51198973021555 
1920	 286.649881547181 
1921	-3.72649553198816 
1922	 2.53046263941958 
1923	 1.88005563780826 
1924	 10.0651386872709 
1925	-3.60301780665054 
1926	-2.53695410100313 
1927	-6.18842845942189 
1928	-2.72469742096111 
1929	 0.969742169868611 
1930	 1.0212052699466 
1931	 0.952171052717042 
1932	 1.17270566619084 
1933	 2.89384876964379 
1934	-51.3254704200324 
1935	-1.56718337190102 
1936	-0.98514079890281 
1937	-0.514644329715732 
1938	-1.05639559995664 
1939	-2.61782316195475 
1940	 2.02724682987497 
1941	 1.82281959608732 
1942	-38.4662761822405 
1943	-2.24233193457163 
1944	-0.581987863446652 
1945	-0.433656507296619 
1946	-0.943960825856625 
1947	-1.08875189592726 
1948	-0.482200190400662 
1949	-0.242117531382602 
1950	-0.191377502227473 
1951	-0.243085373926277 
1952	-0.213756488231208 
1953	-0.172278567737966 
1954	-0.185181131866686 
1955	-0.126800504753018 
1956	 1.88086679761073E-02 
1957	 1.77539351269065E-02 
1958	 0.019301593573738 
1959	-9.28733039293884E-03 
1960	-2.10901651367324E-02 
1961	 0.011771186909114 
1962	 3.08243844056621E-02 
1963	 3.27785226469405E-02 
1964	 6.29648456524292E-03 
1965	-3.14958271667998E-02 
1966	-3.69710102622183E-02 
1967	-4.20556663100818E-02 
1968	-2.54848163893882E-02 
1969	 9.81149887572338E-04 
1970	 2.87597119172956E-02 
1971	 3.60871295209412E-02 
1972	 3.17183710676307E-02 
1973	 3.01786775536161E-02 
1974	 2.36756980105784E-02 
1975	 2.68394304030249E-02 
1976	 3.74604858579897E-02 
1977	 3.51850736905808E-02 
1978	 0.038848250687574 
1979	 4.23125707052503E-02 
1980	 4.70432501386374E-02 
1981	 4.01078034735159E-02 
1982	 4.33293060532152E-02 
1983	 4.54078865560337E-02 
1984	 3.71634152316376E-02 
1985	 3.54404479780066E-02 
1986	 4.13747771374395E-02 
1987	 4.72119667158984E-02 
1988	 4.85259174633057E-02 
1989	 4.92490243423745E-02 
1990	 4.34642390414285E-02 
1991	 4.00155833213482E-02 
1992	 4.70609591181667E-02 
1993	 4.05203036433252E-02 
1994	 3.59754754125187E-02 
1995	 2.97153247604973E-02 
1996	 2.54022846331393E-02 
1997	 1.56107773857204E-02 
1998	 3.12430414917552E-02 
1999	 5.72737373711472E-02 
2000	 6.31259912645543E-02 
2001	 5.25662298723978E-02 
2002	 2.75944713998568E-02 
2003	 2.55071852995098E-02 
2004	 3.29014468311658E-02 
2005	 0.017001903065868 
2006	 2.71713633789334E-02 
2007	 3.29838916565137E-02 
2008	 1.10763049898655E-02 
2009	 1.22398053758984E-02 
2010	 4.35418933255896E-02 
2011	 0.058855114361245 
2012	 7.28843591362389E-02 
2013	 8.45366911407953E-02 
2014	 7.61922076408661E-02 
2015	 6.60074919725468E-02 
2016	 5.32718854681872E-02 
2017	 4.25870587636451E-02 
2018	 4.05869588752001E-02 
2019	 4.43454424866445E-02 
2020	 5.39699471381045E-02 
2021	 0.057427652857229 
2022	 5.48833500196309E-02 
2023	 5.10980538206099E-02 
2024	 4.51384590483648E-02 
2025	 2.61802991008859E-02 
2026	 2.48454553628055E-02 
2027	 3.19350560532177E-02 
2028	 3.36483864464008E-02 
2029	 3.74371761491277E-02 
2030	 4.29530040906395E-02 
2031	 4.02264758765815E-02 
2032	 4.23913959810661E-02 
2033	 4.29606496822643E-02 
2034	 4.18330804672148E-02 
2035	 4.24532086330588E-02 
2036	 3.86866270519041E-02 
2037	 4.09530630735974E-02 
2038	 4.45637403321599E-02 
2039	 4.50958501933898E-02 
2040	 4.58092307910542E-02 
2041	 4.62860600185556E-02 
2042	 0.043584883278897 
2043	 4.19583859412351E-02 
2044	 4.12443032549178E-02 
2045	 4.05555311299443E-02 
2046	 3.53584497107225E-02 
2047	 2.96159777501631E-02 
2048	 3.15241146917591E-02 
2049	 3.00823296834088E-02 
2050	 2.76104217278392E-02 
2051	 3.40525421093019E-02 
2052	 3.43115587260161E-02 
2053	 3.01168334558969E-02 
2054	 2.88216544985919E-02 
2055	 2.26219618567643E-02 
2056	 2.01824288364821E-02 
2057	 1.56258845912575E-02 
2058	 1.68209002683723E-02 
2059	 2.68858780079141E-02 
2060	 2.94852561431629E-02 
2061	 2.93661131617494E-02 
2062	 3.13011951377121E-02 
2063	 3.15939273202403E-02 
2064	 0.036673223739279 
2065	 4.34269406402073E-02 
2066	 4.37190116836765E-02 
2067	 4.67530738801262E-02 
2068	 5.03421373435133E-02 
2069	 5.12546976148707E-02 
2070	 5.49259714930061E-02 
2071	 5.46534178868641E-02 
2072	 0.045486967649265 
2073	 4.20122571507153E-02 
2074	 4.01498883530559E-02 
2075	 3.71512990144714E-02 
2076	 3.47110205464565E-02 
2077	 3.47244348331135E-02 
2078	 3.20060633852944E-02 
2079	 3.46246612877914E-02 
2080	 4.31086841962408E-02 
2081	 0.048079951110978 
2082	 5.23983788662452E-02 
2083	 5.51712898171216E-02 
2084	 5.20949096818722E-02 
2085	 4.82517229039098E-02 
2086	 0.044879085178583 
2087	 4.42287705260907E-02 
2088	 4.80864923414228E-02 
2089	 5.24983998894787E-02 
2090	 5.54749516119898E-02 
2091	 5.42501154830265E-02 
2092	 5.40781559641363E-02 
2093	 5.12997542589914E-02 
2094	 5.13903667051359E-02 
2095	 5.28527770173851E-02 
2096	 5.41597533736282E-02 
2097	 5.72996455635178E-02 
2098	 5.63826053001709E-02 
2099	 0.05323429364911 
2100	 5.16244760203301E-02 
2101	 4.73254894422257E-02 
2102	 4.77685406788532E-02 
2103	 5.21691855578193E-02 
2104	 5.26287679285387E-02 
2105	 0.0511726571225 
2106	 4.57489311678954E-02 
2107	 4.11925214640213E-02 
2108	 0.043388706226643 
2109	 4.94065849647742E-02 
2110	 5.62831342438818E-02 
2111	 5.89120318177375E-02 
2112	 0.056968829052515 
2113	 5.59375806931753E-02 
2114	 5.20576517800682E-02 
2115	 5.10287473747275E-02 
2116	 5.05771625210482E-02 
2117	 5.21688251721034E-02 
2118	 5.73929818098764E-02 
2119	 5.76416250893262E-02 
2120	 5.70497174484764E-02 
2121	 5.48280800013335E-02 
2122	 5.05518236566559E-02 
2123	 5.04529502918704E-02 
2124	 5.30989121996411E-02 
2125	 5.71545307044242E-02 
2126	 6.34881521377873E-02 
2127	 0.065109875633448 
2128	 6.53901261770119E-02 
2129	 6.73788725451407E-02 
2130	 0.065507885172298 
2131	 6.39243624160153E-02 
2132	 6.31031443832764E-02 
2133	 0.059599734175344 
2134	 5.90707842866092E-02 
2135	 6.10823238434805E-02 
2136	 6.19260384089932E-02 
2137	 0.064156481825714 
2138	 6.40263334560469E-02 
2139	 6.13959839687364E-02 
2140	 5.92653374543543E-02 
2141	 5.52721364567385E-02 
2142	 5.40171230226588E-02 
2143	 0.054503639897913 
2144	 5.52606180955867E-02 
2145	 5.30990799551651E-02 
2146	 5.50065194438761E-02 
2147	 5.56055116017881E-02 
2148	 5.27573348143916E-02 
2149	 5.42479448203725E-02 
2150	 5.64621346663972E-02 
2151	 5.81761037219427E-02 
2152	 6.09630870333144E-02 
2153	 6.41680178693723E-02 
2154	 6.91844743772536E-02 
2155	 6.86557731409045E-02 
2156	 6.54196288803401E-02 
2157	 6.54196716386779E-02 
2158	 0.062972980574375 
2159	 6.20132221966986E-02 
2160	 6.61562514672297E-02 
2161	 6.72895729104054E-02 
2162	 6.61328327487146E-02 
2163	 6.55217245070945E-02 
2164	 6.51330042762787E-02 
2165	 6.41412614456241E-02 
2166	 6.33481145976577E-02 
2167	 6.08362910419926E-02 
2168	 0.055270848876961 
2169	 5.28963287514358E-02 
2170	 5.16271375478462E-02 
2171	 4.75639147887947E-02 
2172	 4.92945294844693E-02 
2173	 5.16498725140614E-02 
2174	 4.97143802998078E-02 
2175	 0.04871858044707 
2176	 5.05860846590323E-02 
2177	 5.59049461974249E-02 
2178	 0.055656644813542 
2179	 5.46416641772491E-02 
2180	 5.12165175524166E-02 
2181	 3.90468865842855E-02 
2182	 3.32917207217386E-02 
2183	 3.87269275752908E-02 
2184	 4.59819287401874E-02 
2185	 4.87597209505508E-02 
2186	 0.052765865833512 
2187	 5.97854595730672E-02 
2188	 6.05517298287146E-02 
2189	 5.64893397222943E-02 
2190	 5.65743837566354E-02 
2191	 5.30723185986963E-02 
2192	 5.29424794092217E-02 
2193	 5.94080500149285E-02 
2194	 6.01762654218646E-02 
2195	 5.87221936355011E-02 
2196	 5.93737120259673E-02 
2197	 5.57875817060097E-02 
2198	 5.48814401316669E-02 
2199	 5.73842132967744E-02 
2200	 5.98454345615137E-02 
2201	 6.34764277141813E-02 
2202	 6.77780577735376E-02 
2203	 6.74624614272713E-02 
2204	 0.064186843286853 
2205	 5.99045141296102E-02 
2206	 6.05635618398871E-02 
2207	 6.06581711950586E-02 
2208	 5.77785498800486E-02 
2209	 5.59499188021459E-02 
2210	 5.13076121877593E-02 
2211	 4.78956858581212E-02 
2212	 4.83460589036218E-02 
2213	 4.30771447411474E-02 
2214	 4.03808667530399E-02 
2215	 4.36491838373468E-02 
2216	 3.96823409814832E-02 
2217	 3.96264216384302E-02 
2218	 4.34471613672328E-02 
2219	 0.045055451671805 
2220	 4.50437422477874E-02 
2221	 4.82274336652691E-02 
2222	 4.89943487368913E-02 
2223	 5.26452828186298E-02 
2224	 6.62212089230463E-02 
2225	 0.069326251632074 
2226	 0.071293063669075 
2227	 7.00558907434548E-02 
2228	 5.48997872405112E-02 
2229	 4.65045283846772E-02 
2230	 3.83765924628871E-02 
2231	 3.58695700601719E-02 
2232	 4.07202375775363E-02 
2233	 4.42341642287688E-02 
2234	 5.37204783697791E-02 
2235	 0.055152966461019 
2236	 5.34030492520409E-02 
2237	 4.80476541930904E-02 
2238	 4.42700017051737E-02 
2239	 0.044571317192992 
2240	 4.62875674002389E-02 
2241	 0.050586896137533 
2242	 5.76913817340656E-02 
2243	 0.065877828116889 
2244	 6.92030486549394E-02 
2245	 7.65967963612671E-02 
2246	 8.01125899841008E-02 
2247	 7.03562578162907E-02 
2248	 6.72971519474203E-02 
2249	 6.30816862824754E-02 
2250	 0.054516112706462 
2251	 5.91911846289935E-02 
2252	 6.28161557543986E-02 
2253	 6.01363080439466E-02 
2254	 5.49909719838791E-02 
2255	 4.91594632152692E-02 
2256	 5.03049359067888E-02 
2257	 4.95155179986293E-02 
2258	 5.38498239076971E-02 
2259	 5.23097927064223E-02 
2260	 5.04454594974401E-02 
2261	 4.41425456700046E-02 
2262	 4.44406556627123E-02 
2263	 4.58930765763754E-02 
2264	 5.14545474039815E-02 
2265	 6.64716137915513E-02 
2266	 6.39890048318241E-02 
2267	 5.31050063787722E-02 
2268	 5.10911784787498E-02 
2269	 4.20275084675313E-02 
2270	 3.84497969226157E-02 
2271	 4.33924654253573E-02 
2272	 4.25677982525002E-02 
2273	 3.55831612914339E-02 
2274	 3.51631002346121E-02 
2275	 0.04292237657024 
2276	 4.60443445061975E-02 
2277	 0.047467024327164 
2278	 0.049631902180873 
2279	 5.31309945622501E-02 
2280	 5.48669875943729E-02 
2281	 0.056923795962045 
2282	 5.63228863906091E-02 
2283	 5.51259727884331E-02 
2284	 4.65642114064042E-02 
2285	 4.83988327080761E-02 
2286	 5.25143301151097E-02 
2287	 4.59286048482918E-02 
2288	 4.12287352518114E-02 
2289	 4.18181726418137E-02 
2290	 3.17747504741716E-02 
2291	 2.73109288440413E-02 
2292	 2.32812329673749E-02 
2293	 1.12083241974558E-02 
2294	 9.07804808134805E-03 
2295	-7.6000189027533E-03 
2296	-7.65467701692877E-03 
2297	 9.99219583674878E-05 
2298	-5.15213155923321E-03 
2299	 1.15937989063716E-02 
2300	 2.52252541845102E-02 
2301	 2.18370314349368E-02 
2302	 7.14776750755926E-03 
2303	 4.11898530452965E-04 
2304	 2.35620196728195E-03 
2305	-1.44002014196243E-02 
2306	-2.07250273137643E-02 
2307	-8.41872686802112E-03 
2308	-5.08475936137046E-03 
2309	 1.14143484216367E-02 
2310	 3.97669296503051E-02 
2311	 4.60093691392321E-02 
2312	 4.54840363645194E-02 
2313	 4.17851365724008E-02 
2314	 4.09625653019014E-02 
2315	 4.54709757149012E-02 
2316	 2.26863996202587E-02 
2317	 8.24707902579898E-04 
2318	 2.36892802195003E-04 
2319	 9.3333891878236E-03 
2320	 1.89759072122409E-02 
2321	 2.14771743501251E-02 
2322	 2.42420655632151E-02 
2323	 0.02025154674097 
2324	 2.49284061148156E-02 
2325	 3.95180435405292E-02 
2326	 2.95615680548699E-02 
2327	 2.77804999286192E-02 
2328	 5.75255764720307E-02 
2329	 6.48915417586523E-02 
2330	 7.54121284539026E-02 
2331	 5.76707913127615E-02 
2332	 4.75436161463271E-03 
2333	-1.42345034922543E-02 
2334	-3.85653684697197E-02 
2335	-3.09867594864637E-02 
2336	 1.13164880487202E-03 
2337	-1.90538881994922E-03 
2338	 1.07724171428962E-02 
2339	 3.41652641547653E-02 
2340	 3.05850561423944E-02 
2341	 0.044283653657717 
2342	 6.86517659261839E-02 
2343	 7.00021490202005E-02 
2344	 4.82580035753913E-02 
2345	 8.67737173649984E-03 
2346	-1.41167456034234E-02 
2347	-6.91081570854443E-02 
2348	-9.24608287300612E-02 
2349	-0.115077006572914 
2350	-0.230312846508333 
2351	-0.220641187229818 
2352	-0.251716496731105 
2353	-0.277824527126424 
2354	-0.129388398781349 
2355	-9.04495366091313E-02 
2356	-3.48911269663809E-02 
2357	 2.36609002485876E-02 
2358	-1.92658102221158E-02 
2359	-1.69091374061694E-02 
2360	-4.18336533108341E-02 
2361	-8.40394667877168E-02 
2362	-8.97655008376661E-02 
2363	-0.123665062799089 
2364	-0.112808459475779 
2365	-9.29241912463273E-02 
2366	-9.83101675546438E-02 
2367	-0.115061694829247 
2368	-0.11550180778165 
2369	-6.94127985581884E-02 
2370	-3.81707819220878E-02 
2371	-3.64994238733397E-02 
2372	-0.115350620704482 
2373	-0.266410415972432 
2374	-0.334619308115025 
2375	-0.293624755137218 
2376	-0.219680173496899 
2377	-0.173351665493894 
2378	-0.138847041251826 
2379	-0.101365244398294 
2380	-9.94076395969958E-02 
2381	-0.139255974018968 
2382	-0.194640474841475 
2383	-0.278496417369185 
2384	-0.403316405870511 
2385	-0.579020311122723 
2386	-1.04004635708127 
2387	-1.72848053397089 
2388	-1.29555799868446 
2389	-0.686037296479108 
2390	-0.214175738428679 
2391	-6.96077396002195E-02 
2392	-7.82114324551885E-02 
2393	-0.17886533230527 
2394	-0.313213931710897 
2395	-0.171206369540215 
2396	-0.176852213444391 
2397	-0.339457296381863 
2398	-0.146350657829524 
2399	-0.495761604989928 
2400	-1.18962379314744 
2401	-3.09469301200837 
2402	-4.2138357683298 
2403	-0.843408861017113 
2404	-0.360552466517613 
2405	-0.306023739395687 
2406	-0.441326445111591 
2407	-0.628653550137545 
2408	-0.592164528249905 
2409	-0.537790019095792 
2410	-0.507552001114548 
2411	-0.606295184625126 
2412	-1.54167822166077 
2413	-3.38651629794075 
2414	-5.19828384677259 
2415	 3.45295508905973 
2416	 0.547610130268049 
2417	 0.563288205693175 
2418	 1.58132873381743 
2419	 3.73101102818657 
2420	 28.4702381203377 
2421	-3.02466732501755 
2422	-3.3484377078621 
2423	 11.2450130377743 
2424	 1.8300940126486 
2425	 0.868101681400373 
2426	 0.365524661379855 
2427	 0.409859916483828 
2428	 1.12426179604965 
2429	 2.95517188585985 
2430	-0.763981767102695 
2431	 0.995670446631499 
2432	 1.00108699055813 
2433	 0.622627310593932 
2434	 0.251476477233491 
2435	-0.575866400196685 
2436	-1.56496553609428 
2437	-1.42014536999763 
2438	-1.7683183392741 
2439	-1.2129838870306 
2440	-0.531149316018143 
2441	-0.266442596142981 
2442	-0.532008067254999 
2443	-0.772177118691136 
2444	-2.16616915307624 
2445	-3.99086206249985 
2446	-6.69266128240089 
2447	-5.00196609012689 
2448	-6.23180760163016 
2449	 8.60725110681709 
2450	 6.15141229909315 
2451	 8.62740307495663 
2452	-2.52233221353896 
2453	-1.82372366278413 
2454	 1.84066153538169 
2455	 0.519837820979544 
2456	 1.30079096750831 
2457	 4.00701108608172 
2458	-3.86825035731176 
2459	-1.27191032623787 
2460	-1.92048968356736 
2461	 206.267734979511 
2462	 5.17203022703558 
2463	 6.9055462494359 
2464	-8.29218216657988 
2465	-1.49758644325083 
2466	-1.72287548472351 
2467	-2.93890159382949 
2468	 20.047521217852 
2469	 0.915585006971444 
2470	 0.135943522207571 
2471	-1.1756416399155 
2472	-2.98024769378561 
2473	-1.71090854004977 
2474	-8.02498514175803E-02 
2475	 0.945789486825426 
2476	 1.68205244436731 
2477	 3.81658379048125 
2478	 7.201011887784 
2479	 21.2938587863006 
2480	-282.194251071282 
2481	 3.95557847909804 
2482	 2.40125531566736 
2483	 1.62022741170711 
2484	 0.694620496598718 
2485	 0.794914498377837 
2486	 2.55443516735139 
2487	 22.5532148448109 
2488	-23.1132918047278 
2489	-17.616693680066 
2490	 4.01522984943491 
2491	 2.09133130767543 
2492	 0.991363680071227 
2493	 0.44247637772799 
2494	 0.224040920555729 
2495	 0.33070337667443 
2496	 0.507238472683097 
2497	 0.557919283984043 
2498	 1.05280349899947 
2499	 5.31173386478446 
2500	 85.5351153834865 
