Wavelength	rt0722east_far00007.asd
350	 1.74684711707687E-02 
351	 1.70857639513881E-02 
352	 1.72406357989882E-02 
353	 1.72942695620901E-02 
354	 1.69737137572347E-02 
355	 1.74652646400266E-02 
356	 0.017329627031511 
357	 1.70670655904816E-02 
358	 1.74522535857598E-02 
359	 1.77881322247009E-02 
360	 0.017653101181383 
361	 1.72886036712933E-02 
362	 1.73198873939325E-02 
363	 0.017476701650553 
364	 1.77515434597433E-02 
365	 1.79371811087893E-02 
366	 1.74723925075314E-02 
367	 1.75836102244034E-02 
368	 1.80186651768293E-02 
369	 1.82315999530604E-02 
370	 1.81365990911156E-02 
371	 1.82730600103174E-02 
372	 1.84535637940568E-02 
373	 0.018218837634664 
374	 1.88290283638329E-02 
375	 1.89268426364095E-02 
376	 1.83354297321681E-02 
377	 1.87880226677116E-02 
378	 0.019313673071569 
379	 1.94611873871266E-02 
380	 0.019225322124873 
381	 1.95617366993793E-02 
382	 1.98733780560343E-02 
383	 1.98618345641858E-02 
384	 1.95770231302318E-02 
385	 2.02748410041317E-02 
386	 2.08351235264863E-02 
387	 2.08304685597379E-02 
388	 2.08269449191762E-02 
389	 2.10456536752751E-02 
390	 2.11920041455221E-02 
391	 2.11870212920376E-02 
392	 0.021779584476998 
393	 2.20632478567265E-02 
394	 2.22080182882756E-02 
395	 2.26259715843056E-02 
396	 0.022731302873878 
397	 2.26324977478557E-02 
398	 2.25875046914481E-02 
399	 2.28929971383409E-02 
400	 2.28987294293724E-02 
401	 2.30027105206789E-02 
402	 2.34139053510031E-02 
403	 2.35773338311972E-02 
404	 2.36686651050014E-02 
405	 0.023776990623153 
406	 2.39458598276449E-02 
407	 2.41044458086814E-02 
408	 2.42065329238653E-02 
409	 2.43358030212127E-02 
410	 2.46756290674206E-02 
411	 2.48224162988639E-02 
412	 2.50024502555607E-02 
413	 2.53789740886208E-02 
414	 2.57298436024016E-02 
415	 2.57875491406529E-02 
416	 2.57540566958181E-02 
417	 0.025963544149013 
418	 2.62105496899419E-02 
419	 2.64384496897365E-02 
420	 2.66594649994523E-02 
421	 2.69473935701587E-02 
422	 2.73079335026853E-02 
423	 2.75619364455076E-02 
424	 2.76552557769027E-02 
425	 2.79748609277051E-02 
426	 2.82976801283504E-02 
427	 2.86461544806987E-02 
428	 2.91151967586408E-02 
429	 2.94634698781378E-02 
430	 2.98064976202613E-02 
431	 3.01474857999749E-02 
432	 3.03253159728547E-02 
433	 0.030607548965484 
434	 3.09171684827465E-02 
435	 0.031176321483083 
436	 0.031535991566529 
437	 3.20091278024127E-02 
438	 3.24794223411038E-02 
439	 3.27834153026183E-02 
440	 3.30195477072924E-02 
441	 3.33274478632455E-02 
442	 3.37170187442608E-02 
443	 3.40037464120956E-02 
444	 3.43991161663468E-02 
445	 3.47898790413364E-02 
446	 3.50471623803364E-02 
447	 3.53374883618138E-02 
448	 0.035601636368585 
449	 3.58783082266489E-02 
450	 3.62548934713814E-02 
451	 3.64361805670663E-02 
452	 0.036639758198802 
453	 3.69718252031674E-02 
454	 3.71544878929982E-02 
455	 3.73900809536136E-02 
456	 0.037618843825364 
457	 3.77513434719354E-02 
458	 3.80539238592814E-02 
459	 3.83140587533822E-02 
460	 3.84544094542963E-02 
461	 3.85616822752027E-02 
462	 3.87705435688515E-02 
463	 3.89774729418456E-02 
464	 3.91114402829075E-02 
465	 3.93291471232605E-02 
466	 3.96008511437688E-02 
467	 3.98288657506932E-02 
468	 3.99355001659363E-02 
469	 4.02767436470477E-02 
470	 4.05087186859466E-02 
471	 4.05770035277854E-02 
472	 4.08909543490825E-02 
473	 4.10853836652228E-02 
474	 4.12301689958322E-02 
475	 4.14553261765132E-02 
476	 4.16857087465846E-02 
477	 4.19265237820698E-02 
478	 4.21743398741733E-02 
479	 4.24186502851809E-02 
480	 4.26192212061449E-02 
481	 0.042860269729424 
482	 4.31748360085738E-02 
483	 4.34542928101159E-02 
484	 4.38157800386595E-02 
485	 0.044204372611776 
486	 4.45277823909367E-02 
487	 4.48627758984742E-02 
488	 0.045172170414662 
489	 4.54654172356479E-02 
490	 4.57995526331506E-02 
491	 4.61401850435805E-02 
492	 4.65030829067002E-02 
493	 4.69131396583486E-02 
494	 4.74142751474791E-02 
495	 4.78779691624623E-02 
496	 4.82521181496609E-02 
497	 4.85614161123505E-02 
498	 4.90692475845491E-02 
499	 4.95630543519821E-02 
500	 4.99561712674517E-02 
501	 5.04315882728832E-02 
502	 5.09143508257036E-02 
503	 5.13748792662861E-02 
504	 5.18170058138744E-02 
505	 5.23381361579344E-02 
506	 5.27604505375631E-02 
507	 0.05311109826991 
508	 5.35737207593154E-02 
509	 5.40585914423149E-02 
510	 5.45173650956025E-02 
511	 5.49539267739086E-02 
512	 5.54860727910662E-02 
513	 5.60119083495206E-02 
514	 5.65460731475945E-02 
515	 5.71371125290437E-02 
516	 5.77287771124312E-02 
517	 5.83229102569612E-02 
518	 5.89238499040931E-02 
519	 5.95349159887066E-02 
520	 6.02272263270459E-02 
521	 6.08639983913071E-02 
522	 6.13626868275816E-02 
523	 0.061972293596641 
524	 6.25539953930872E-02 
525	 0.063124557471384 
526	 6.38015475142858E-02 
527	 6.44776622648446E-02 
528	 6.51341890181526E-02 
529	 6.57831017710498E-02 
530	 6.64832704710158E-02 
531	 6.70793231084533E-02 
532	 6.77008224054843E-02 
533	 6.84973715784229E-02 
534	 6.90600032189072E-02 
535	 0.069676506060071 
536	 7.04206166958455E-02 
537	 7.10738585721232E-02 
538	 7.18180179883759E-02 
539	 7.25670798874026E-02 
540	 7.32194696037321E-02 
541	 7.38240141996959E-02 
542	 7.44879504775154E-02 
543	 7.52065274183585E-02 
544	 7.59095558702983E-02 
545	 7.66313470675519E-02 
546	 7.73407817452647E-02 
547	 0.078015758991184 
548	 7.86625649185874E-02 
549	 0.079332380258344 
550	 8.00068999591656E-02 
551	 8.06533672961106E-02 
552	 8.13037606099624E-02 
553	 8.19946689201287E-02 
554	 8.27075760300312E-02 
555	 8.33605045414557E-02 
556	 8.40252707135673E-02 
557	 8.47010121152041E-02 
558	 8.53759632262747E-02 
559	 8.61031986306627E-02 
560	 8.66865626926822E-02 
561	 8.71871661680659E-02 
562	 8.78089611527294E-02 
563	 8.83862494941753E-02 
564	 8.88986900906396E-02 
565	 8.93633622788578E-02 
566	 8.98364994343319E-02 
567	 9.02445795107363E-02 
568	 9.06679461191982E-02 
569	 9.11821997382192E-02 
570	 0.091516131142432 
571	 0.091823321471883 
572	 9.21464014765925E-02 
573	 9.23830404583496E-02 
574	 9.26624732120148E-02 
575	 9.29296784387178E-02 
576	 9.31101356784544E-02 
577	 9.32047246077492E-02 
578	 9.33513724109713E-02 
579	 9.34755980338185E-02 
580	 9.34005038088221E-02 
581	 9.33477260163025E-02 
582	 9.32737636177543E-02 
583	 9.31417410095867E-02 
584	 9.29962549879237E-02 
585	 9.26973198313001E-02 
586	 9.23421899197887E-02 
587	 9.20797075325587E-02 
588	 9.18117588376421E-02 
589	 9.14735046016562E-02 
590	 9.10669706117058E-02 
591	 9.06352747894748E-02 
592	 9.01618867852018E-02 
593	 8.96312673888216E-02 
594	 8.90137995178812E-02 
595	 8.82085187752971E-02 
596	 8.72485400198347E-02 
597	 8.61839750060349E-02 
598	 8.50905741290096E-02 
599	 8.40760237359359E-02 
600	 8.32020534239618E-02 
601	 8.25017584720455E-02 
602	 8.19733016480182E-02 
603	 8.16051496009293E-02 
604	 8.13634214859312E-02 
605	 8.12202782503242E-02 
606	 8.12103112822046E-02 
607	 8.12297693526052E-02 
608	 8.12301091294869E-02 
609	 8.12288146001875E-02 
610	 8.12728727406394E-02 
611	 8.13022122811919E-02 
612	 8.12757654049155E-02 
613	 8.12721990554272E-02 
614	 8.12954235113286E-02 
615	 8.12951036102649E-02 
616	 8.12133459994469E-02 
617	 8.12405423160074E-02 
618	 8.11934952185658E-02 
619	 8.10484632450253E-02 
620	 8.11049812224776E-02 
621	 8.11246663636966E-02 
622	 8.10990157845871E-02 
623	 8.10732245129277E-02 
624	 8.09835893225058E-02 
625	 8.08853931093484E-02 
626	 8.08450886580369E-02 
627	 8.09196714960258E-02 
628	 8.08313377413315E-02 
629	 8.07356460673339E-02 
630	 8.07495787110285E-02 
631	 8.06613293846513E-02 
632	 8.05513302346467E-02 
633	 8.04690998623897E-02 
634	 8.04375603859441E-02 
635	 8.03815910756485E-02 
636	 8.02615147292682E-02 
637	 8.01309759371296E-02 
638	 0.080171681370659 
639	 8.00580362099148E-02 
640	 7.98678299420511E-02 
641	 0.079749679171197 
642	 7.96087008950353E-02 
643	 7.94156100180271E-02 
644	 0.079217281662152 
645	 7.91122877841266E-02 
646	 7.89297551789888E-02 
647	 7.87642398948391E-02 
648	 7.86472305209412E-02 
649	 7.83431736788436E-02 
650	 7.79824760011921E-02 
651	 7.76500964275741E-02 
652	 7.73855033904543E-02 
653	 7.69798556211498E-02 
654	 7.63673971307437E-02 
655	 7.56143302292171E-02 
656	 7.50496105337331E-02 
657	 7.44991856409781E-02 
658	 7.40080768562542E-02 
659	 7.36120045390982E-02 
660	 7.32305201129717E-02 
661	 7.29172790180659E-02 
662	 7.26788831326737E-02 
663	 7.24954818140295E-02 
664	 7.23493702962377E-02 
665	 0.072233523492911 
666	 7.21270485744704E-02 
667	 7.19787751516308E-02 
668	 7.18934911507143E-02 
669	 7.18799457220343E-02 
670	 7.18949096082083E-02 
671	 7.18344279920197E-02 
672	 7.16924996917635E-02 
673	 7.15346492127054E-02 
674	 7.14815899663895E-02 
675	 7.15330397571972E-02 
676	 7.15157584294012E-02 
677	 7.13297133447996E-02 
678	 7.11058388545506E-02 
679	 7.10923009253826E-02 
680	 7.11509718563501E-02 
681	 7.10122147417687E-02 
682	 7.09231153945769E-02 
683	 7.08825344811514E-02 
684	 7.08376767724424E-02 
685	 7.06834207139557E-02 
686	 7.05754963425975E-02 
687	 7.03727613384584E-02 
688	 6.99986745440285E-02 
689	 6.98297551760993E-02 
690	 0.069536676957864 
691	 6.90538775716873E-02 
692	 6.84762490752654E-02 
693	 6.79545189911712E-02 
694	 6.73468776400792E-02 
695	 0.066606126130974 
696	 6.58144664502876E-02 
697	 6.50438400669437E-02 
698	 6.41593111836719E-02 
699	 6.31122981276128E-02 
700	 6.23045087355218E-02 
701	 0.061335048861705 
702	 0.060185143317513 
703	 5.91178407597872E-02 
704	 5.79840007708953E-02 
705	 5.67864652266676E-02 
706	 5.55475799069991E-02 
707	 0.054189866828181 
708	 5.27607441437499E-02 
709	 5.12935917446874E-02 
710	 0.049789787605557 
711	 4.81107160187249E-02 
712	 4.63405176798017E-02 
713	 4.45731762003705E-02 
714	 0.042847082528135 
715	 4.11140905872435E-02 
716	 3.92772210913027E-02 
717	 3.74107372169812E-02 
718	 3.54864741255277E-02 
719	 3.35101936108327E-02 
720	 3.18242959323692E-02 
721	 3.03443571436837E-02 
722	 2.88458220907025E-02 
723	 2.71454942800395E-02 
724	 2.54586491375652E-02 
725	 2.39309906844514E-02 
726	 2.24950040925334E-02 
727	 2.09263653932177E-02 
728	 1.91459260995066E-02 
729	 1.74797565435768E-02 
730	 1.58857358218848E-02 
731	 1.44829304334273E-02 
732	 1.33228281123718E-02 
733	 1.23801567561632E-02 
734	 1.16328606297226E-02 
735	 1.10330537667465E-02 
736	 1.04668819251488E-02 
737	 1.00922097856878E-02 
738	 9.8944299694861E-03 
739	 9.80176138044564E-03 
740	 9.70694609250955E-03 
741	 9.50651241495669E-03 
742	 9.30027816167278E-03 
743	 9.25776711832338E-03 
744	 9.17975284461446E-03 
745	 9.12268424198008E-03 
746	 9.12498582904836E-03 
747	 9.16676794414908E-03 
748	 9.19310299038632E-03 
749	 9.16086972393398E-03 
750	 9.06657923567853E-03 
751	 0.00899248201011 
752	 9.05154107041029E-03 
753	 9.11955350717323E-03 
754	 8.99225119775461E-03 
755	 8.9778508510678E-03 
756	 8.95084091427111E-03 
757	 8.90033222891892E-03 
758	 9.09023673127704E-03 
759	 9.20892355446388E-03 
760	 9.22335520083054E-03 
761	 9.25013027616077E-03 
762	 9.04421081988071E-03 
763	 9.10972477685914E-03 
764	 9.26993319148473E-03 
765	 9.23126653432826E-03 
766	 9.16272092797411E-03 
767	 9.17877763834639E-03 
768	 9.27245106032258E-03 
769	 0.009335209263566 
770	 9.41365144543817E-03 
771	 9.4667172242563E-03 
772	 9.49073407842993E-03 
773	 9.6234799176551E-03 
774	 9.78009789390237E-03 
775	 9.94618337955996E-03 
776	 1.01160509857145E-02 
777	 1.01452455469562E-02 
778	 1.01621461219208E-02 
779	 1.02439441521027E-02 
780	 0.0103929894223 
781	 1.06392197264345E-02 
782	 1.08510417781202E-02 
783	 1.09607699599633E-02 
784	 1.11039992002635E-02 
785	 1.12505220179109E-02 
786	 0.011421936097913 
787	 1.16225268537805E-02 
788	 1.16841398724457E-02 
789	 1.18861039622998E-02 
790	 1.22252563563656E-02 
791	 1.24679152584879E-02 
792	 1.27020505495604E-02 
793	 1.29292285548017E-02 
794	 1.31439100578662E-02 
795	 1.33348475652745E-02 
796	 1.35512289171519E-02 
797	 1.37478109747419E-02 
798	 1.39127546898119E-02 
799	 1.42219870956481E-02 
800	 1.44627620289084E-02 
801	 0.014638674182709 
802	 1.48526789518246E-02 
803	 0.014895376885994 
804	 1.49945582726227E-02 
805	 1.51463368752443E-02 
806	 1.50757128129072E-02 
807	 1.51257963055542E-02 
808	 1.51180272371503E-02 
809	 1.49478665815062E-02 
810	 1.49837032198228E-02 
811	 1.49280635824667E-02 
812	 1.46964084752629E-02 
813	 1.43445907918729E-02 
814	 1.41981037467271E-02 
815	 1.40576068156375E-02 
816	 1.38239064745491E-02 
817	 1.35313053225812E-02 
818	 1.32329061883702E-02 
819	 0.012943637521869 
820	 1.26258351028416E-02 
821	 1.22052770729769E-02 
822	 1.15386443204842E-02 
823	 1.07732772358036E-02 
824	 1.01017992908984E-02 
825	 9.53332073956964E-03 
826	 9.00762286357771E-03 
827	 8.41970163271573E-03 
828	 7.74354528225492E-03 
829	 7.27097093962706E-03 
830	 6.74148048413913E-03 
831	 6.23058431725781E-03 
832	 6.04386897462334E-03 
833	 5.89351221416899E-03 
834	 5.69455697476084E-03 
835	 5.47559993404413E-03 
836	 5.37052708540862E-03 
837	 5.26822238745035E-03 
838	 5.1525907372007E-03 
839	 5.03814586708487E-03 
840	 4.96471492721373E-03 
841	 4.86635170870206E-03 
842	 4.81829648998184E-03 
843	 4.86740198182384E-03 
844	 4.6550265732668E-03 
845	 4.76010639775313E-03 
846	 4.92841366099422E-03 
847	 4.48279951144686E-03 
848	 4.59763978962032E-03 
849	 4.76386085438265E-03 
850	 4.69479875053697E-03 
851	 4.63587069558925E-03 
852	 4.50498467971022E-03 
853	 4.40866836535535E-03 
854	 4.41872314647743E-03 
855	 4.4601300222307E-03 
856	 4.44766182688273E-03 
857	 4.38677263108833E-03 
858	 4.27739443999483E-03 
859	 3.9467215761568E-03 
860	 3.96686758902872E-03 
861	 4.11949486957833E-03 
862	 3.92251231572063E-03 
863	 4.04530723315361E-03 
864	 3.9623684026287E-03 
865	 3.76695816514441E-03 
866	 4.0674776693459E-03 
867	 3.99954216318429E-03 
868	 3.88893769479743E-03 
869	 3.9085845253303E-03 
870	 3.82480907543494E-03 
871	 3.82452435065215E-03 
872	 3.83436848952745E-03 
873	 3.79798966157945E-03 
874	 3.82733161429813E-03 
875	 3.74267074800201E-03 
876	 3.64481195109114E-03 
877	 3.61773618199924E-03 
878	 3.3379901824731E-03 
879	 3.14888459071304E-03 
880	 3.3352256894536E-03 
881	 3.88931205032449E-03 
882	 3.58255165599507E-03 
883	 3.44182389649959E-03 
884	 3.56950086042295E-03 
885	 3.37763215197342E-03 
886	 3.57655805162106E-03 
887	 3.46375688054084E-03 
888	 3.09676806291942E-03 
889	 3.45471887819437E-03 
890	 3.44198582919022E-03 
891	 3.30039166284907E-03 
892	 3.22403847176025E-03 
893	 2.86809031046887E-03 
894	 2.9883380952038E-03 
895	 3.15419062737565E-03 
896	 2.87270665953583E-03 
897	 2.70471411178517E-03 
898	 2.85064075309432E-03 
899	 2.99254692242755E-03 
900	 2.83313672324194E-03 
901	 2.8533334629661E-03 
902	 2.88013048837682E-03 
903	 2.99622592625732E-03 
904	 3.25095208172442E-03 
905	 3.04429537398657E-03 
906	 2.89837809097499E-03 
907	 2.90788896373517E-03 
908	 2.79715715980828E-03 
909	 2.16036109876243E-03 
910	 2.7904043476935E-03 
911	 4.00228914999579E-03 
912	 3.20616891964703E-03 
913	 3.22062517704735E-03 
914	 3.34594026593414E-03 
915	 3.17082797415539E-03 
916	 3.07041735823509E-03 
917	 2.37849648083545E-03 
918	 2.21820297688386E-03 
919	 2.82871705020603E-03 
920	 3.06108042953497E-03 
921	 3.00377561378973E-03 
922	 2.63561176297666E-03 
923	 2.23262658333509E-03 
924	 2.6913933010791E-03 
925	 3.20427166824368E-03 
926	 3.13227807638523E-03 
927	 2.25635046797035E-03 
928	 1.86917856623133E-03 
929	 1.18848686189198E-03 
930	 1.29818715786345E-04 
931	-3.42732633832724E-04 
932	 4.0411151355432E-03 
933	 2.23075618860485E-03 
934	-1.73892057345259E-03 
935	 2.21238857540264E-03 
936	 5.01820080451243E-03 
937	 3.46536244553739E-03 
938	 1.76885188890843E-03 
939	 3.44500952722406E-03 
940	 1.17094665612438E-03 
941	 1.87489840454332E-03 
942	 3.12478066358439E-03 
943	-2.71931628625709E-04 
944	 1.05244461583402E-03 
945	 2.68241993304774E-03 
946	 1.57327859970355E-03 
947	-1.79980621301996E-03 
948	 2.02211621712619E-03 
949	 3.89640367172741E-03 
950	 3.13666805543169E-03 
951	 4.04152302934214E-03 
952	 2.58495604701387E-03 
953	 6.3682530501768E-04 
954	-5.23751144040881E-04 
955	-3.64454461307434E-04 
956	 2.63921099206835E-03 
957	 2.85165625141242E-03 
958	 1.08836508385156E-03 
959	 2.02438440210415E-03 
960	 2.64397379304393E-03 
961	 2.34847843585465E-03 
962	 1.46023656579577E-03 
963	 9.26332516057765E-04 
964	 2.52267817835797E-03 
965	 3.08358551869806E-03 
966	 0.002637622483438 
967	 3.23547629467421E-03 
968	 2.21172173874422E-03 
969	 1.3011124751194E-03 
970	 1.21384905159942E-03 
971	 1.43362980078698E-03 
972	 1.79638757748012E-03 
973	 2.07423763321867E-03 
974	 2.07643060812984E-03 
975	 1.71611342411888E-03 
976	 1.22611298754584E-03 
977	 9.1597558754598E-04 
978	 1.54877872567763E-03 
979	 3.57643185907304E-03 
980	 2.81840551778121E-03 
981	 2.06068184211735E-03 
982	 2.41786905032133E-03 
983	 2.96373603378146E-03 
984	 3.17461185372983E-03 
985	 2.40223679357724E-03 
986	 1.24032970420547E-03 
987	 1.13594091845202E-03 
988	 2.73863067541843E-03 
989	 2.63836269632132E-03 
990	 1.4591910492433E-03 
991	 2.44038668066561E-03 
992	 3.0365245290509E-03 
993	 2.35325630437159E-03 
994	 1.58156891370205E-03 
995	 2.56563393599832E-03 
996	 2.50986241296018E-03 
997	 2.25688599500177E-03 
998	 2.27330555030137E-03 
999	 2.42829750424201E-03 
1000	 1.71538250818703E-03 
1001	 2.78556197520449E-03 
1002	 2.45927280233829E-03 
1003	 2.35104920041362E-03 
1004	 2.33311331806535E-03 
1005	 2.36843892867008E-03 
1006	 2.78077786345385E-03 
1007	 2.54459365756942E-03 
1008	 2.16807530133711E-03 
1009	 2.0927775074781E-03 
1010	 0.001910310034467 
1011	 1.93150565549524E-03 
1012	 2.48053832331577E-03 
1013	 2.76140101657401E-03 
1014	 2.80725107364079E-03 
1015	 2.75231374688286E-03 
1016	 2.57764110596478E-03 
1017	 1.88483309351563E-03 
1018	 1.74384647785856E-03 
1019	 1.73315777574591E-03 
1020	 1.78008416438512E-03 
1021	 2.31733672309553E-03 
1022	 2.39269594999047E-03 
1023	 2.2301986484236E-03 
1024	 2.25528459232051E-03 
1025	 2.00256200349446E-03 
1026	 1.99913326131562E-03 
1027	 2.06028403452871E-03 
1028	 2.33822418884036E-03 
1029	 2.41585724562384E-03 
1030	 2.54473305578126E-03 
1031	 2.46110932903016E-03 
1032	 2.07582078763829E-03 
1033	 1.96120474377398E-03 
1034	 1.87876809917263E-03 
1035	 1.8862879593597E-03 
1036	 2.03861356296448E-03 
1037	 2.21169020578161E-03 
1038	 2.56398746787324E-03 
1039	 0.002651100111229 
1040	 2.54773873863405E-03 
1041	 2.5667264452305E-03 
1042	 2.49528423688122E-03 
1043	 2.11043151446355E-03 
1044	 2.06966338139043E-03 
1045	 2.27404854752378E-03 
1046	 2.31739932479758E-03 
1047	 2.36983745972446E-03 
1048	 2.42224578826256E-03 
1049	 2.43769547376132E-03 
1050	 2.50265739758175E-03 
1051	 2.63016630766466E-03 
1052	 2.68844086918423E-03 
1053	 2.69594546552869E-03 
1054	 2.74186556568704E-03 
1055	 2.98518686839077E-03 
1056	 2.92007003533745E-03 
1057	 2.71763839331545E-03 
1058	 2.37402689558494E-03 
1059	 2.14833632990172E-03 
1060	 1.61136238841587E-03 
1061	 1.49584825798246E-03 
1062	 1.7211004014716E-03 
1063	 1.78787400626304E-03 
1064	 1.89786132493417E-03 
1065	 2.03059704455439E-03 
1066	 2.13843428033783E-03 
1067	 2.31477491345285E-03 
1068	 2.8319502395374E-03 
1069	 2.88798679917867E-03 
1070	 2.6013872634527E-03 
1071	 2.50903601140963E-03 
1072	 2.43207379110202E-03 
1073	 1.88995966511809E-03 
1074	 1.83062137009613E-03 
1075	 2.09692413352589E-03 
1076	 2.16941797580995E-03 
1077	 2.21816829409159E-03 
1078	 2.3601305016088E-03 
1079	 2.59234675332613E-03 
1080	 2.69447386728627E-03 
1081	 2.89351108582336E-03 
1082	 2.87354072534136E-03 
1083	 2.57661969807665E-03 
1084	 2.46581784118477E-03 
1085	 2.25448702360213E-03 
1086	 2.17864310802301E-03 
1087	 2.37086991322709E-03 
1088	 2.3671089042163E-03 
1089	 2.17381606552148E-03 
1090	 2.23203769131967E-03 
1091	 2.23029533031304E-03 
1092	 2.17050504465183E-03 
1093	 2.13269851184223E-03 
1094	 2.16461493129368E-03 
1095	 2.12251655400903E-03 
1096	 2.02460252056306E-03 
1097	 1.99159113805512E-03 
1098	 1.91929101388752E-03 
1099	 2.04416482155312E-03 
1100	 2.42490001677941E-03 
1101	 2.40029204954446E-03 
1102	 2.10954364172647E-03 
1103	 2.17586535446557E-03 
1104	 1.98631569397881E-03 
1105	 2.37689136596384E-03 
1106	 2.90645837695815E-03 
1107	 2.9881992343699E-03 
1108	 2.92266466006547E-03 
1109	 2.30108296359824E-03 
1110	 2.23916989783223E-03 
1111	 2.96544413599295E-03 
1112	 2.71814066174771E-03 
1113	 1.50172444360215E-03 
1114	 0.001314371399571 
1115	 1.12901309584471E-03 
1116	 7.32446875581178E-04 
1117	 1.71119949768443E-03 
1118	 1.99181358546354E-03 
1119	 4.41673358854146E-04 
1120	-6.65301096710964E-04 
1121	-2.7376737072623E-03 
1122	-3.9894038842622E-04 
1123	 1.22803928698053E-03 
1124	-7.85987968420138E-04 
1125	-9.81321232179184E-04 
1126	-8.28776231938588E-04 
1127	 4.40383942145562E-04 
1128	 7.33030382470051E-04 
1129	 9.73653154000934E-04 
1130	 2.01133194593403E-03 
1131	 2.05294038801328E-03 
1132	 5.47486416790154E-04 
1133	 9.25795494533398E-04 
1134	 2.51908992021345E-03 
1135	 2.38894148634348E-03 
1136	 1.43414778137761E-03 
1137	 2.02511492672698E-03 
1138	 3.40057709391461E-03 
1139	 2.86410917880348E-03 
1140	 2.45077135035402E-03 
1141	 2.8466391348104E-03 
1142	 2.39759500859684E-03 
1143	 3.2923462708766E-03 
1144	 4.20855756050726E-03 
1145	 2.87370988224416E-03 
1146	 2.1582410691998E-03 
1147	 1.11688154254594E-03 
1148	 8.93702196507837E-05 
1149	 9.3762465643465E-04 
1150	 1.12632341728972E-03 
1151	 5.93920761057285E-04 
1152	 5.36097352934778E-04 
1153	 8.51651367082468E-04 
1154	 1.27302685046537E-03 
1155	 1.98544591762295E-03 
1156	 2.00886232808186E-03 
1157	 1.38202968001371E-03 
1158	 1.04240225573914E-03 
1159	 9.24975138463126E-04 
1160	 1.33997382891111E-03 
1161	 2.37881683269272E-03 
1162	 2.63694553064328E-03 
1163	 2.00202608328063E-03 
1164	 1.77169652564154E-03 
1165	 1.89252631428314E-03 
1166	 2.04196563921335E-03 
1167	 2.37727295323697E-03 
1168	 2.3890756773924E-03 
1169	 1.90336513083301E-03 
1170	 1.63251698763559E-03 
1171	 1.57786001931217E-03 
1172	 1.80735092387059E-03 
1173	 1.82574649506901E-03 
1174	 1.91203210665567E-03 
1175	 1.88087943425882E-03 
1176	 1.76012987720265E-03 
1177	 1.82566349231694E-03 
1178	 2.06088872709607E-03 
1179	 2.3966010543194E-03 
1180	 2.48909886969685E-03 
1181	 2.09867746619295E-03 
1182	 1.91668659345404E-03 
1183	 2.18062791403826E-03 
1184	 1.93392556414306E-03 
1185	 1.78987494941868E-03 
1186	 2.14768101877665E-03 
1187	 1.90670157077126E-03 
1188	 1.77365356777054E-03 
1189	 2.11976659977479E-03 
1190	 1.81285868302705E-03 
1191	 1.29067020868699E-03 
1192	 1.30606789183928E-03 
1193	 1.68333211617955E-03 
1194	 2.03684177329064E-03 
1195	 2.14106225488616E-03 
1196	 2.32279567131263E-03 
1197	 2.3030930267551E-03 
1198	 1.99818394615321E-03 
1199	 1.82960051022919E-03 
1200	 1.80155218099023E-03 
1201	 1.53760685240921E-03 
1202	 1.30763582608385E-03 
1203	 1.6514850537194E-03 
1204	 1.96094271405112E-03 
1205	 1.89949709594402E-03 
1206	 1.92384038891628E-03 
1207	 1.81185152350743E-03 
1208	 1.61235631726539E-03 
1209	 1.70586756147946E-03 
1210	 1.80458718747517E-03 
1211	 1.7178290985955E-03 
1212	 1.52916710593269E-03 
1213	 1.54255656315648E-03 
1214	 1.62006528715065E-03 
1215	 1.81137311024383E-03 
1216	 1.78401819086586E-03 
1217	 1.90465365836205E-03 
1218	 1.96186725557116E-03 
1219	 1.67566873829535E-03 
1220	 1.86466850752664E-03 
1221	 2.19804332878708E-03 
1222	 1.98977210642698E-03 
1223	 1.87868712487631E-03 
1224	 1.89670414739216E-03 
1225	 1.75952978107129E-03 
1226	 1.74557723725651E-03 
1227	 1.6759875034326E-03 
1228	 1.74138592694731E-03 
1229	 2.01269777176069E-03 
1230	 1.87684929474566E-03 
1231	 1.59013837731405E-03 
1232	 1.64470889668031E-03 
1233	 1.75757402192369E-03 
1234	 1.67290721204326E-03 
1235	 1.60445578441138E-03 
1236	 1.68655684729475E-03 
1237	 1.75643832909776E-03 
1238	 1.55814062070614E-03 
1239	 1.75437052624157E-03 
1240	 0.002033134494631 
1241	 2.04960538179021E-03 
1242	 1.97202238922374E-03 
1243	 1.88637830837093E-03 
1244	 1.81757245014763E-03 
1245	 1.81133385892771E-03 
1246	 1.89130108150435E-03 
1247	 1.75112969111758E-03 
1248	 1.49624896502095E-03 
1249	 0.001640015071513 
1250	 1.8380460143101E-03 
1251	 1.69819024985443E-03 
1252	 1.68777365375775E-03 
1253	 1.92275674430247E-03 
1254	 2.00553530313855E-03 
1255	 0.001924390962974 
1256	 1.87610162744883E-03 
1257	 1.99694955057193E-03 
1258	 2.06665332183337E-03 
1259	 1.91346413017843E-03 
1260	 1.90424277548584E-03 
1261	 2.16891010177095E-03 
1262	 2.28907061095358E-03 
1263	 2.28540797872085E-03 
1264	 2.29231727219345E-03 
1265	 2.09082983437849E-03 
1266	 1.77930712657166E-03 
1267	 1.78700398815401E-03 
1268	 1.9306215024711E-03 
1269	 2.08534225851893E-03 
1270	 2.19165390236461E-03 
1271	 1.95011127754475E-03 
1272	 1.70610874683505E-03 
1273	 1.73600491970645E-03 
1274	 1.83308854708635E-03 
1275	 1.97435032534114E-03 
1276	 1.93420254180162E-03 
1277	 1.8109323617668E-03 
1278	 1.96641450966349E-03 
1279	 2.05605234836338E-03 
1280	 1.80780078916732E-03 
1281	 1.8224381769056E-03 
1282	 2.21323350376415E-03 
1283	 2.29323736187143E-03 
1284	 2.13999420633229E-03 
1285	 2.09012975615964E-03 
1286	 2.02653471594805E-03 
1287	 1.99209113401324E-03 
1288	 1.99501378972236E-03 
1289	 1.9869360750393E-03 
1290	 2.05724093738026E-03 
1291	 1.95698805872112E-03 
1292	 1.79908959987273E-03 
1293	 1.83065215449019E-03 
1294	 2.12150501163758E-03 
1295	 2.10026659923784E-03 
1296	 2.00927953129701E-03 
1297	 2.35406037912607E-03 
1298	 2.31367875989716E-03 
1299	 1.94358420534022E-03 
1300	 1.77675507851196E-03 
1301	 1.80212485261679E-03 
1302	 0.001878909418927 
1303	 1.70262669473404E-03 
1304	 1.96931596159214E-03 
1305	 2.37727516152435E-03 
1306	 2.21615467465917E-03 
1307	 2.00810755630096E-03 
1308	 1.93591121651566E-03 
1309	 9.94648832705133E-04 
1310	 7.92409647273105E-04 
1311	 1.58918443658113E-03 
1312	 1.80269835024513E-03 
1313	 1.90536889876008E-03 
1314	 1.95450069787889E-03 
1315	 1.6271010365933E-03 
1316	 1.56140399477009E-03 
1317	 1.7037662963201E-03 
1318	 1.79654699222963E-03 
1319	 2.07747825140357E-03 
1320	 2.16768785850807E-03 
1321	 2.17441923922295E-03 
1322	 1.86228080572017E-03 
1323	 1.94028830543268E-03 
1324	 2.3099968933799E-03 
1325	 1.89115795693761E-03 
1326	 1.3282588112861E-03 
1327	 1.36715035349942E-03 
1328	 1.34693745691978E-03 
1329	 1.17405906030713E-03 
1330	 1.35405525894887E-03 
1331	 1.53812701608417E-03 
1332	 9.4529722098389E-04 
1333	 8.62022331354185E-04 
1334	 2.02632545585431E-03 
1335	 2.46223713627505E-03 
1336	 1.99267102673452E-03 
1337	 1.52497772153301E-03 
1338	 9.67894300087677E-04 
1339	 1.00807268082299E-03 
1340	 8.51006637423719E-04 
1341	 6.67266392906262E-04 
1342	 1.36171445187353E-03 
1343	 1.91232947542288E-03 
1344	 2.38913780693669E-03 
1345	 2.10918685518791E-03 
1346	 1.37074818437055E-03 
1347	 1.19462648999462E-03 
1348	-1.51126820524142E-03 
1349	-3.52350964750484E-03 
1350	-3.78765449431154E-04 
1351	 1.47670927197116E-03 
1352	-9.97503944875029E-04 
1353	-4.05413469422252E-03 
1354	-0.019045984733028 
1355	-1.95647523650387E-03 
1356	 1.52731547725646E-02 
1357	 1.51737322867551E-04 
1358	 8.3705155346151E-03 
1359	 0.051164712828146 
1360	 1.94929911362322E-02 
1361	-2.84022976873695E-02 
1362	 3.11501786656334E-03 
1363	-5.90349990082636E-02 
1364	-0.184599216427141 
1365	-0.161786945399298 
1366	-0.125705066188736 
1367	-0.178302549923959 
1368	-0.225651234968489 
1369	-0.236506164013081 
1370	-0.195200146240519 
1371	-9.85034495756653E-02 
1372	-7.64606396875626E-02 
1373	 3.91349076704995E-02 
1374	 0.100015424335372 
1375	-0.121053552769447 
1376	-9.66208210184178E-02 
1377	 0.2298961131278 
1378	 0.291635952205061 
1379	 0.128370627070805 
1380	 0.139794840214826 
1381	 0.197331258655888 
1382	 0.123457300679644 
1383	-4.2788204288071E-03 
1384	-4.23424655386588E-02 
1385	-0.142990902993406 
1386	-0.270636222954085 
1387	-0.358597592874032 
1388	-0.286012202279889 
1389	-0.101856189222762 
1390	-0.11579741498019 
1391	-0.038077826608062 
1392	-0.05569643682607 
1393	-0.141633451728724 
1394	-0.168868606968423 
1395	-0.211667205967086 
1396	-9.53097216014412E-02 
1397	-2.53404218963628E-02 
1398	-0.282710486541264 
1399	-0.545753004451781 
1400	-0.53820141830539 
1401	 0.144838542274411 
1402	 0.268355731830373 
1403	-2.66918876965088E-02 
1404	-0.128046365781634 
1405	-0.114751351104076 
1406	-0.524620884420259 
1407	-0.598789915209469 
1408	-0.20900451173469 
1409	-9.40006707925485E-02 
1410	-0.172757533357434 
1411	-0.175460020160929 
1412	-3.96705188976977E-02 
1413	 2.84984562821699E-03 
1414	-7.53488319414877E-02 
1415	-8.39377120626465E-02 
1416	-0.029424592825511 
1417	-3.47659281923367E-02 
1418	-0.123516213397351 
1419	-8.98550529745088E-02 
1420	 2.26428192070113E-02 
1421	-2.48535626065164E-03 
1422	-7.49852909948804E-02 
1423	-5.33275164935328E-02 
1424	-2.24692811736426E-02 
1425	-3.38294634100427E-02 
1426	-3.80324783369044E-02 
1427	-1.47277405388436E-02 
1428	 5.82828857200904E-03 
1429	-2.08083466330997E-03 
1430	 3.08377864600566E-03 
1431	 0.011141955103398 
1432	-0.01821099368055 
1433	-2.99015739657213E-02 
1434	-3.57042574697597E-03 
1435	 5.21148482429258E-03 
1436	-1.75875938357536E-03 
1437	-1.20760251850805E-02 
1438	-1.05822901977367E-02 
1439	-4.91491829389848E-03 
1440	-6.14980130928468E-03 
1441	-5.26956309107018E-03 
1442	 6.42033010879013E-03 
1443	 1.04672159247939E-02 
1444	 4.83317106211702E-03 
1445	 4.63006748687853E-03 
1446	 8.11687641824015E-04 
1447	 8.75632201861745E-04 
1448	 6.01715656455851E-03 
1449	 2.64804496768506E-03 
1450	 2.07906004125464E-03 
1451	 4.41919315015503E-03 
1452	 2.4508573948154E-03 
1453	 1.72800950082587E-03 
1454	 1.03519090119538E-03 
1455	-1.20247314075046E-03 
1456	-1.26732322055358E-03 
1457	 1.24936250361139E-04 
1458	 8.35669092906676E-04 
1459	 1.76652680896198E-03 
1460	 1.59795858117592E-03 
1461	 1.49318123339419E-03 
1462	 9.13364324911232E-04 
1463	-1.47284905263809E-03 
1464	-1.2018046339314E-03 
1465	 5.5089905138631E-04 
1466	 6.54561946639498E-04 
1467	 1.7167092369231E-03 
1468	 2.67529060440628E-03 
1469	 2.92777429698104E-03 
1470	 1.70615550738691E-03 
1471	-7.03520863825971E-04 
1472	-5.48566984459035E-04 
1473	-7.52295530407465E-04 
1474	-1.21327033550231E-03 
1475	 6.58689464137827E-04 
1476	 1.58110732105449E-03 
1477	 9.75941454498525E-04 
1478	 4.98292619569426E-04 
1479	 8.28470278960609E-04 
1480	 8.88446337985428E-04 
1481	-7.00539066851985E-04 
1482	-6.08740511981922E-04 
1483	 1.58886903779048E-03 
1484	 1.60545312880043E-03 
1485	 6.79895738885204E-04 
1486	 6.03051514754483E-04 
1487	-3.1279961881645E-05 
1488	-7.78388249266926E-05 
1489	 5.35218539748743E-04 
1490	 9.32661269105432E-04 
1491	 1.40266548928457E-03 
1492	 1.44892102820007E-03 
1493	 1.41210488725494E-03 
1494	 1.3988605281252E-03 
1495	 1.13319856337712E-03 
1496	 1.12021304024207E-03 
1497	 1.33646894369306E-03 
1498	 1.28536594455815E-03 
1499	 1.04190406973762E-03 
1500	 1.02494539147963E-03 
1501	 1.07137369204663E-03 
1502	 1.00036776044969E-03 
1503	 1.07389283085225E-03 
1504	 1.08719490627971E-03 
1505	 8.39938894706844E-04 
1506	 7.62145661557412E-04 
1507	 1.30627627025812E-03 
1508	 1.34090561960441E-03 
1509	 1.03767866572502E-03 
1510	 1.09875210136192E-03 
1511	 1.25445286555454E-03 
1512	 1.25064846954325E-03 
1513	 1.28798969105318E-03 
1514	 1.36893145440772E-03 
1515	 1.34214136248996E-03 
1516	 1.2271042910881E-03 
1517	 1.00008240644918E-03 
1518	 9.62870199424681E-04 
1519	 1.05873920316411E-03 
1520	 9.8273181829272E-04 
1521	 1.06622082744566E-03 
1522	 1.35813954463564E-03 
1523	 1.67399575890576E-03 
1524	 1.72527275277572E-03 
1525	 1.55979876386571E-03 
1526	 1.6616524586091E-03 
1527	 1.62014193944994E-03 
1528	 1.38662236742302E-03 
1529	 1.4309633011763E-03 
1530	 1.4154252209109E-03 
1531	 1.17711473923729E-03 
1532	 9.96923933751699E-04 
1533	 1.06794786977937E-03 
1534	 1.23345566478821E-03 
1535	 1.27952343421637E-03 
1536	 1.29594003859084E-03 
1537	 1.22681170559577E-03 
1538	 1.25542525554927E-03 
1539	 1.33515202350814E-03 
1540	 1.26943386105864E-03 
1541	 1.22217471724798E-03 
1542	 1.01433704968705E-03 
1543	 8.61973022755348E-04 
1544	 1.08246954543818E-03 
1545	 1.28200910745096E-03 
1546	 1.35153734035305E-03 
1547	 1.4307568777684E-03 
1548	 1.32625942895191E-03 
1549	 1.24252088479219E-03 
1550	 1.29873848452002E-03 
1551	 1.38799125316259E-03 
1552	 1.53341050954958E-03 
1553	 1.38280765454105E-03 
1554	 1.26972668078602E-03 
1555	 1.53904731158373E-03 
1556	 1.45624527181734E-03 
1557	 1.25309108292011E-03 
1558	 1.35858866314052E-03 
1559	 1.08807467342789E-03 
1560	 8.54213494916699E-04 
1561	 1.16128418854993E-03 
1562	 1.3564093274199E-03 
1563	 1.34484899697113E-03 
1564	 1.36898811869615E-03 
1565	 1.42855071209512E-03 
1566	 1.39269279498521E-03 
1567	 1.20786206483823E-03 
1568	 1.38266334835038E-03 
1569	 1.66972527414111E-03 
1570	 1.42420528270968E-03 
1571	 1.38079404141271E-03 
1572	 1.44155747907067E-03 
1573	 1.15740668331389E-03 
1574	 1.19424599046061E-03 
1575	 1.28702425835631E-03 
1576	 1.1649055929024E-03 
1577	 1.12355221653841E-03 
1578	 1.18941765771413E-03 
1579	 1.3469351646025E-03 
1580	 1.38620902947296E-03 
1581	 1.21114733634786E-03 
1582	 1.02806658010732E-03 
1583	 9.25930525273345E-04 
1584	 8.50916060424703E-04 
1585	 9.04465238683638E-04 
1586	 1.12664651405686E-03 
1587	 1.22807908921295E-03 
1588	 1.1389349040599E-03 
1589	 1.15926467375599E-03 
1590	 1.25480637965989E-03 
1591	 1.21981248908776E-03 
1592	 1.21090385759681E-03 
1593	 1.2527768952247E-03 
1594	 1.21219592664227E-03 
1595	 1.32276419181821E-03 
1596	 1.38644334411388E-03 
1597	 1.21648871514551E-03 
1598	 1.14175958464529E-03 
1599	 1.15079747312834E-03 
1600	 1.31648953813375E-03 
1601	 1.58458591516839E-03 
1602	 1.54033594857261E-03 
1603	 1.14110570751526E-03 
1604	 9.33659740745888E-04 
1605	 1.19725062067359E-03 
1606	 1.44854047864684E-03 
1607	 1.42998856997511E-03 
1608	 1.34711099351934E-03 
1609	 1.31218395007438E-03 
1610	 1.11714961227068E-03 
1611	 9.09154200317537E-04 
1612	 1.21565760439967E-03 
1613	 1.41120375660352E-03 
1614	 1.23272023076236E-03 
1615	 1.37988383547216E-03 
1616	 1.45756184394806E-03 
1617	 1.30866543309618E-03 
1618	 1.27533838806472E-03 
1619	 1.31882322922923E-03 
1620	 1.24923962303759E-03 
1621	 9.43027497482251E-04 
1622	 9.30813225757368E-04 
1623	 1.17373623769957E-03 
1624	 1.11388197045351E-03 
1625	 1.08679300000574E-03 
1626	 1.20543205533407E-03 
1627	 1.16730121072818E-03 
1628	 1.29609008660213E-03 
1629	 1.52883670471141E-03 
1630	 1.41674710761813E-03 
1631	 1.1461058452558E-03 
1632	 9.82171287948856E-04 
1633	 9.13790588906143E-04 
1634	 1.05615462135253E-03 
1635	 1.30985712678994E-03 
1636	 1.25908479272527E-03 
1637	 1.0460316767265E-03 
1638	 8.80893564382612E-04 
1639	 8.63901694204544E-04 
1640	 1.2191379058865E-03 
1641	 1.43490767052041E-03 
1642	 1.30339480998614E-03 
1643	 1.30677421821255E-03 
1644	 1.2124997349075E-03 
1645	 1.14603809588598E-03 
1646	 1.27194211602693E-03 
1647	 1.21751812017236E-03 
1648	 1.31297852845406E-03 
1649	 1.42700661735779E-03 
1650	 1.37688413157923E-03 
1651	 1.33133168828942E-03 
1652	 1.16675418185853E-03 
1653	 1.13224409386706E-03 
1654	 1.0943023789672E-03 
1655	 1.19558520967915E-03 
1656	 1.24397305082456E-03 
1657	 1.06761254134056E-03 
1658	 1.08530452506104E-03 
1659	 1.36426416908537E-03 
1660	 1.33601860486733E-03 
1661	 1.16480842289303E-03 
1662	 1.22367179113045E-03 
1663	 1.21186710570181E-03 
1664	 1.13127943152442E-03 
1665	 1.24818831856941E-03 
1666	 1.18583651893655E-03 
1667	 7.98950275873892E-04 
1668	 9.31092327628756E-04 
1669	 1.27795231685099E-03 
1670	 1.5357241405675E-03 
1671	 1.50632507734735E-03 
1672	 1.11960001878607E-03 
1673	 9.29737798191726E-04 
1674	 9.43582275189186E-04 
1675	 8.91776872239255E-04 
1676	 1.13524050740796E-03 
1677	 1.23042484330484E-03 
1678	 9.51684198618395E-04 
1679	 9.51897742553062E-04 
1680	 1.09584112074153E-03 
1681	 1.13433913395382E-03 
1682	 1.21026531239214E-03 
1683	 1.33902874221664E-03 
1684	 1.46438801093726E-03 
1685	 1.3002131989218E-03 
1686	 7.44846492275757E-04 
1687	 6.71404462868939E-04 
1688	 1.07134712748736E-03 
1689	 9.43348109811152E-04 
1690	 8.23105377872706E-04 
1691	 7.67650436127549E-04 
1692	 5.21004182078477E-04 
1693	 8.41301818539201E-04 
1694	 1.31550803172335E-03 
1695	 1.39081593094731E-03 
1696	 1.45791612966559E-03 
1697	 1.49624276260004E-03 
1698	 1.25451797169942E-03 
1699	 1.34047321896053E-03 
1700	 1.4382330600931E-03 
1701	 8.90680665595515E-04 
1702	 8.49146381381141E-04 
1703	 1.27405208271885E-03 
1704	 1.1363330398643E-03 
1705	 1.01549630508363E-03 
1706	 1.18988005308232E-03 
1707	 1.19633688735645E-03 
1708	 1.14964488104233E-03 
1709	 1.01361688183825E-03 
1710	 1.10345774789708E-03 
1711	 1.42159899747319E-03 
1712	 1.14039060725239E-03 
1713	 9.83986247120318E-04 
1714	 1.12591653032315E-03 
1715	 1.10284953857709E-03 
1716	 1.40785405190874E-03 
1717	 1.52032930158935E-03 
1718	 9.12155729628365E-04 
1719	 7.31090494027588E-04 
1720	 9.46421185621952E-04 
1721	 5.9173217212533E-04 
1722	 5.86893998398032E-04 
1723	 9.62291217243134E-04 
1724	 1.14763406625769E-03 
1725	 1.49767279335656E-03 
1726	 1.16962483293978E-03 
1727	 7.1841346706379E-04 
1728	 1.08859358207205E-03 
1729	 1.02638631115836E-03 
1730	 9.00446294333765E-04 
1731	 1.51921467352705E-03 
1732	 1.26838376398969E-03 
1733	 7.06122017348958E-04 
1734	 1.18082521353587E-03 
1735	 9.76805518376534E-04 
1736	 8.3006434698498E-04 
1737	 1.92495739815526E-03 
1738	 2.28167368895725E-03 
1739	 2.01454104243368E-03 
1740	 1.78287934886679E-03 
1741	 1.10309769008417E-03 
1742	 7.88053953824165E-04 
1743	 9.708161974725E-04 
1744	 1.10237739612041E-03 
1745	 1.11800009116831E-03 
1746	 1.15565464893654E-03 
1747	 1.22756544226556E-03 
1748	 1.45321275671679E-03 
1749	 1.45565190735446E-03 
1750	 1.14240614073102E-03 
1751	 1.0095009278313E-03 
1752	 8.98736463738978E-04 
1753	 8.0093188163732E-04 
1754	 7.97664060356386E-04 
1755	 9.53385082976581E-04 
1756	 1.23348324852445E-03 
1757	 6.9011653193552E-04 
1758	 7.33598761555924E-04 
1759	 1.18651849082429E-03 
1760	 1.69248866369925E-03 
1761	 1.84260171051762E-03 
1762	 1.64261843107233E-03 
1763	 9.76607482169713E-04 
1764	-5.11633253128394E-04 
1765	-7.16588148888059E-04 
1766	 3.32416325005791E-04 
1767	 8.74549797308153E-04 
1768	 1.39808460886344E-03 
1769	 1.36425842838646E-03 
1770	 3.74324800243337E-04 
1771	-7.25643387806033E-04 
1772	-9.41525188315292E-04 
1773	 7.07734976097195E-04 
1774	 1.27354690650473E-03 
1775	 5.82834321036507E-04 
1776	 1.11828573070832E-03 
1777	 1.0452351127422E-03 
1778	 5.79191119738671E-04 
1779	 1.25048771179989E-03 
1780	 9.67837041248514E-04 
1781	-2.01994324971151E-03 
1782	-1.30154483364398E-03 
1783	 3.36165294732031E-03 
1784	 3.94441783840278E-03 
1785	 4.30950698665288E-03 
1786	 3.74488043022935E-03 
1787	-1.40459896748764E-03 
1788	-1.77689984129641E-03 
1789	 1.04505107199138E-03 
1790	-2.43680067782819E-03 
1791	-2.07031894610737E-03 
1792	-4.68053064941799E-03 
1793	-3.50693908296372E-03 
1794	 5.92077907457212E-03 
1795	 1.08347568990878E-02 
1796	 5.34762445060477E-03 
1797	-8.86960444926928E-04 
1798	-1.24606446352701E-02 
1799	-2.56153145478385E-02 
1800	-1.40863855738033E-02 
1801	-7.55224600986488E-03 
1802	 1.19621403629747E-02 
1803	 1.78871551959961E-02 
1804	-2.76085073291984E-03 
1805	-9.7923081937713E-03 
1806	-3.29739286523658E-02 
1807	-3.77126018778161E-02 
1808	 3.01022366107794E-02 
1809	 4.48061434131794E-02 
1810	-2.87453780556454E-03 
1811	-1.31132341484315E-03 
1812	-0.01454388658743 
1813	-6.08188790517985E-02 
1814	-7.26625362490521E-02 
1815	-0.10841000187534 
1816	-0.306775477713127 
1817	-0.271550254856606 
1818	-0.101635940110238 
1819	 0.174153790677828 
1820	 0.406042706865915 
1821	 0.476121220245415 
1822	 0.325599873761775 
1823	-0.318634467715053 
1824	-0.540884727207335 
1825	-0.757121212739215 
1826	-0.971184713593098 
1827	-2.53256624507553 
1828	-3.0510932104095 
1829	-1.0249750417354 
1830	-0.488221873973225 
1831	-4.16871196102637 
1832	-4.1059016057697 
1833	 5.12544452994461 
1834	-105.003747335008 
1835	-2.41924021969487 
1836	-2.55119145310131 
1837	-3.079211456849 
1838	-2.79454079511893 
1839	-2.62608709129832 
1840	 3.82049724020986 
1841	-0.997067275081324 
1842	-1.35140975692698 
1843	-1.25409920683383 
1844	 1.76014219815786 
1845	 2.7637184408134 
1846	 5821.06510658265 
1847	-9.17166466239418 
1848	 6.42191650663836 
1849	-0.746103788046374 
1850	-1.03052524140023 
1851	 7.96655488331863E-02 
1852	 0.365055358655281 
1853	 0.101490893121797 
1854	-1.86181836604799E-02 
1855	-0.795744756905961 
1856	-2.18769793010885 
1857	 21.2677722360597 
1858	 6.48738458897434 
1859	 24.7086797394573 
1860	 2.6100888359808 
1861	-0.371878978461186 
1862	-2.61176556981792E-02 
1863	-0.262202072238589 
1864	-0.854634106568369 
1865	-0.55322507978109 
1866	 0.147589621309532 
1867	-8.88498739880639E-02 
1868	-0.180224910200551 
1869	-0.139655670951119 
1870	-0.535787929718639 
1871	 4.68283190199762 
1872	 0.236607109558945 
1873	-0.575895214013538 
1874	-1.01115583082064 
1875	 0.720234037818419 
1876	 1.08730543638997 
1877	-1.17739834276389 
1878	-0.123268792754037 
1879	 1.04954130716616 
1880	 1.20426444782222 
1881	-8.38611381756416 
1882	-1.71547486903924 
1883	-1.97293680727787 
1884	 2.53619872720646 
1885	-1.10865127915291 
1886	 3.54824086284921 
1887	-1.15243248406146 
1888	 3.85202091270858E-04 
1889	 0.106212378824866 
1890	-0.13256287597376 
1891	-0.13392838173552 
1892	-4.52277036075334 
1893	 0.16757427794172 
1894	 3.85329908161945 
1895	 4.3462742629324 
1896	-2.24786714222225 
1897	-1.52296561717918 
1898	-4.07409282223511 
1899	 31.209576805759 
1900	 14.2208142228061 
1901	 21.2366859266892 
1902	 64.8331504611251 
1903	-5.99888183055549 
1904	-3.79977969213024 
1905	-4.151482637112 
1906	-10.2301664375015 
1907	-731.963326035616 
1908	 11.6290676830588 
1909	 8.60254794881363 
1910	 75.9500893366761 
1911	-3.19328022744909 
1912	-1.82936367372539 
1913	-1.4435495215382 
1914	-0.738138250341069 
1915	-0.842702233347832 
1916	-2.83437705317133 
1917	-3.08087781772893 
1918	-1.87864090169482 
1919	-18.0169376497001 
1920	-13.2213961224119 
1921	-0.482603387303434 
1922	-0.856296999818973 
1923	-0.599984624438475 
1924	-0.422589584263753 
1925	-0.402446182666194 
1926	-0.309759945122993 
1927	 0.170644848991784 
1928	-0.990715771970812 
1929	 1.10808276550095 
1930	-0.364932620529932 
1931	-0.430872211817233 
1932	-0.250348403261043 
1933	-0.462281126860855 
1934	-5.58913074169946E-02 
1935	 0.224055691321135 
1936	 0.256066672016329 
1937	 0.344498905734246 
1938	 0.529773247164603 
1939	 0.481730654718172 
1940	 0.347334835367629 
1941	 0.208674136372145 
1942	 0.169086419348504 
1943	 5.04342417668256E-02 
1944	 1.69359012935272E-02 
1945	 8.46342914193705E-02 
1946	 5.48133238223727E-02 
1947	 3.51316545128371E-02 
1948	 2.43592413670294E-02 
1949	-1.91970965583488E-02 
1950	-2.74106260347689E-02 
1951	 4.2208970268385E-03 
1952	 1.27295942015014E-02 
1953	 0.024103698939542 
1954	 3.86759277858951E-03 
1955	-1.69681499668413E-02 
1956	-8.30609059501384E-03 
1957	 6.33235333755703E-03 
1958	 7.13766639171748E-03 
1959	 2.03243122269238E-02 
1960	 2.32099426981368E-02 
1961	 8.88864741594106E-03 
1962	 4.93349836283394E-03 
1963	 6.58823754066492E-03 
1964	 4.78040022954885E-03 
1965	 4.29459118609377E-03 
1966	 3.49688835228053E-03 
1967	 3.93533023794159E-03 
1968	 1.9520060808871E-03 
1969	 1.10087605551831E-03 
1970	 1.56372175864536E-03 
1971	 1.61823652929747E-03 
1972	 1.18673564956934E-03 
1973	 1.02663840591609E-03 
1974	 6.79433948868623E-04 
1975	 6.56273003776505E-04 
1976	 1.02705740015841E-03 
1977	-2.03130252646177E-04 
1978	-1.27070360687111E-04 
1979	 9.93404242624277E-05 
1980	 6.60491278874865E-04 
1981	 3.00305451335985E-04 
1982	 1.08569838257906E-03 
1983	 1.76214919661987E-03 
1984	 2.68470919184349E-03 
1985	 4.63470869769962E-03 
1986	 5.32190438686985E-03 
1987	 4.71994300368806E-03 
1988	 4.5012594350739E-03 
1989	 4.33858172788674E-03 
1990	 3.93310702868913E-03 
1991	 3.51833649640518E-03 
1992	 2.79631766989433E-03 
1993	 1.92662355532395E-03 
1994	 1.28897466833629E-03 
1995	 1.02284773134885E-03 
1996	 2.41431634280618E-03 
1997	 3.73348125032311E-03 
1998	 3.35847753192553E-03 
1999	 3.94754054054699E-03 
2000	 4.85275223657209E-03 
2001	 4.93295729330212E-03 
2002	 4.55946973776267E-03 
2003	 4.98808108868849E-03 
2004	 5.78716068829288E-03 
2005	 5.80404114379895E-03 
2006	 5.24434114233973E-03 
2007	 3.71869235288382E-03 
2008	 4.47065318225026E-03 
2009	 5.43594525691147E-03 
2010	 6.99639014056089E-03 
2011	 7.58109184886048E-03 
2012	 9.92061451880342E-03 
2013	 8.1284526762611E-03 
2014	 5.66676608445083E-03 
2015	 6.34397195862051E-03 
2016	 5.47663526851971E-03 
2017	 4.06991311013567E-03 
2018	 3.91314399170509E-03 
2019	 2.49450628446007E-03 
2020	 1.08621496577717E-03 
2021	 1.62030255406962E-04 
2022	-3.76865031069515E-04 
2023	 7.62360719174091E-06 
2024	 2.64913854715866E-04 
2025	 1.66081484285362E-03 
2026	 1.75306120121808E-03 
2027	 1.63286266090401E-03 
2028	 4.88499894088595E-04 
2029	-3.0151354099977E-04 
2030	-4.94963175567932E-04 
2031	-3.91872227597821E-04 
2032	 5.12349755202901E-04 
2033	 1.37549612395059E-03 
2034	 1.8746265519896E-03 
2035	 2.21325211476376E-03 
2036	 1.35777807899879E-03 
2037	 7.63537804877376E-04 
2038	 5.52828771378405E-04 
2039	 3.5220415242715E-04 
2040	 8.14707132471881E-04 
2041	 9.9385692115283E-04 
2042	 6.90658653974585E-04 
2043	 0.000691365705257 
2044	 9.11366767960194E-04 
2045	 1.0882846118619E-03 
2046	 9.71196349754403E-04 
2047	 1.41985730339586E-03 
2048	 1.89313394196636E-03 
2049	 1.93087319650894E-03 
2050	 2.49827796705956E-03 
2051	 2.18113302531601E-03 
2052	 2.50077646243469E-04 
2053	-5.9764031129112E-04 
2054	-9.69879068347207E-04 
2055	-1.46195118647826E-03 
2056	-7.98368000510728E-04 
2057	 2.73078704511261E-03 
2058	 3.1351143387059E-03 
2059	 2.12200687193946E-03 
2060	 1.72627896064207E-03 
2061	 4.04296490686023E-04 
2062	-8.09157312755534E-04 
2063	-7.3137470108886E-04 
2064	-1.01144526616475E-04 
2065	-6.8821017058146E-04 
2066	-9.91222890943512E-04 
2067	-1.49371529684922E-03 
2068	-1.51192234315284E-03 
2069	-1.06456505934438E-04 
2070	-8.93653952686525E-05 
2071	-1.09080786908808E-05 
2072	 1.37134949730416E-03 
2073	 2.00888185127852E-03 
2074	 2.91985659541234E-03 
2075	 2.71028100700589E-03 
2076	 1.13828919349939E-03 
2077	 1.01179548888055E-03 
2078	 1.29625741945809E-03 
2079	 9.87640674135152E-04 
2080	 1.3305119926061E-03 
2081	 1.22680119841851E-03 
2082	-2.53332797167122E-04 
2083	-2.89230989600253E-04 
2084	 6.58393397803505E-05 
2085	 2.83888201416729E-05 
2086	 1.96938158510225E-04 
2087	-3.92253282784298E-04 
2088	-6.04960500006354E-04 
2089	-1.70095632491282E-04 
2090	 3.19738540769626E-04 
2091	 3.89855283895054E-04 
2092	 4.91812983520452E-04 
2093	 5.19545771926443E-04 
2094	 6.41152291465946E-04 
2095	 6.63533246564549E-04 
2096	 6.89739849413816E-04 
2097	 7.62873242002368E-04 
2098	 1.03749816830949E-03 
2099	 1.51892581040571E-03 
2100	 1.66335243454887E-03 
2101	 1.42265329173639E-03 
2102	 6.79436139371391E-04 
2103	 8.2222419321892E-05 
2104	-7.02251830130065E-05 
2105	 8.61635579990482E-04 
2106	 1.66900599308217E-03 
2107	 1.78842307917062E-03 
2108	 2.17502424875179E-03 
2109	 2.72697828085029E-03 
2110	 3.44537934570371E-03 
2111	 3.52478179294659E-03 
2112	 2.98972730426922E-03 
2113	 2.66010742190163E-03 
2114	 1.81139185006154E-03 
2115	 1.30502550940885E-03 
2116	 8.56203640883618E-04 
2117	 7.22292564738589E-04 
2118	 6.92142886571233E-04 
2119	 6.57914149567939E-04 
2120	 6.7262165359136E-04 
2121	 1.54044228034224E-03 
2122	 1.70556510420167E-03 
2123	 1.72882911160135E-03 
2124	 1.84079383595033E-03 
2125	 1.61380526256145E-03 
2126	 1.26153259440194E-03 
2127	 6.69170412057043E-04 
2128	 7.06680915260659E-04 
2129	 1.27355726519906E-03 
2130	 1.83553263142405E-03 
2131	 2.2802328198154E-03 
2132	 2.20252869044184E-03 
2133	 1.52836671940938E-03 
2134	 1.24152438063941E-03 
2135	 1.15920498173789E-03 
2136	 9.47511362124576E-04 
2137	 8.05169018907749E-04 
2138	 5.36620172352116E-04 
2139	-4.59669829561174E-04 
2140	-3.91614676003531E-04 
2141	 3.06765066817418E-04 
2142	 1.00014490420284E-03 
2143	 2.61882969882388E-03 
2144	 3.67533820763235E-03 
2145	 3.58926461545054E-03 
2146	 2.3340343865607E-03 
2147	 1.19410007689646E-03 
2148	 1.16462299163433E-03 
2149	 1.37880256104516E-03 
2150	 2.62329274827543E-03 
2151	 3.43720190479894E-03 
2152	 3.6609305309882E-03 
2153	 3.9821124321264E-03 
2154	 0.003130350634832 
2155	 0.002103526949155 
2156	 1.32139649665308E-03 
2157	 8.6698947637862E-04 
2158	 3.79831154833296E-04 
2159	 4.71773917047613E-04 
2160	 1.76946929368161E-03 
2161	 1.8764715783636E-03 
2162	 1.71036350779269E-03 
2163	 2.0726815282044E-03 
2164	 1.34848007623643E-03 
2165	 1.57002432070589E-03 
2166	 3.56822302211325E-03 
2167	 4.00865862739382E-03 
2168	 3.62140721019479E-03 
2169	 3.90299099185779E-03 
2170	 4.22784458717389E-03 
2171	 3.47567474750649E-03 
2172	 3.38054279886495E-03 
2173	 4.56588766670354E-03 
2174	 4.30774117015324E-03 
2175	 4.25719087527266E-03 
2176	 4.91638775213827E-03 
2177	 4.76463068438084E-03 
2178	 4.2453422333608E-03 
2179	 4.21993094247962E-03 
2180	 4.66978360842131E-03 
2181	 3.73888525012889E-03 
2182	 3.84600991605551E-03 
2183	 5.05170791622381E-03 
2184	 4.23158406980785E-03 
2185	 3.78905109012873E-03 
2186	 3.38689335704832E-03 
2187	 2.36171032526968E-03 
2188	 1.82917148643923E-03 
2189	 1.79245076391917E-03 
2190	 1.66919486981911E-03 
2191	 1.24283033258291E-03 
2192	 1.39382787727653E-03 
2193	 2.68585297346454E-03 
2194	 2.80532824334351E-03 
2195	 1.84672910327048E-03 
2196	 2.38045288149742E-03 
2197	 3.28474442120848E-03 
2198	 4.0821473487741E-03 
2199	 6.57602793450467E-03 
2200	 7.84257629145612E-03 
2201	 6.82930937432638E-03 
2202	 5.10753270681455E-03 
2203	 4.04422538490221E-03 
2204	 3.16833477881858E-03 
2205	 2.80926339646856E-03 
2206	 3.08350684266666E-03 
2207	 1.33064174594228E-03 
2208	 3.31091656337375E-04 
2209	 2.00306502924775E-03 
2210	 2.74478990417977E-03 
2211	 3.05290149447326E-03 
2212	 3.47923584413893E-03 
2213	 1.31961699971243E-03 
2214	-4.32197165094952E-04 
2215	 1.40233520643904E-03 
2216	 2.87743390052845E-03 
2217	 3.37411414713936E-03 
2218	 4.66442568794114E-03 
2219	 5.17820123420871E-03 
2220	 3.61565275321675E-03 
2221	 3.83707348650485E-03 
2222	 6.19407362661342E-03 
2223	 5.91489722948052E-03 
2224	 3.55231761837368E-03 
2225	 3.19703750478456E-03 
2226	 2.69513613419461E-03 
2227	 2.49357838651651E-03 
2228	 4.73880506590987E-03 
2229	 4.63478135639181E-03 
2230	 2.59509887674831E-03 
2231	 1.39084207822772E-03 
2232	-1.13840443387985E-03 
2233	-2.5739567851159E-03 
2234	-3.90984311701294E-03 
2235	-3.27190428684277E-03 
2236	-7.87666286510022E-04 
2237	 1.58498007316872E-03 
2238	 3.77757086693691E-03 
2239	 4.65613058797002E-03 
2240	 2.62749411075304E-03 
2241	 2.31259007794596E-03 
2242	 1.34674727007727E-03 
2243	 5.69031752488534E-04 
2244	 2.26757671991948E-03 
2245	 1.96573609899621E-03 
2246	 2.92381999006808E-03 
2247	 3.72832887866748E-03 
2248	 1.5940334617732E-03 
2249	 1.24069927650623E-03 
2250	 2.73554542064867E-03 
2251	 4.48219530187441E-03 
2252	 5.81071790016092E-03 
2253	 0.006400197072983 
2254	 6.53213567313277E-03 
2255	 5.65587379225472E-03 
2256	 5.46156677800674E-03 
2257	 5.16609247546627E-03 
2258	 2.47893071909379E-03 
2259	 1.84475433951364E-03 
2260	 7.56211916429222E-04 
2261	-1.42649199261429E-03 
2262	-2.32049403724626E-03 
2263	-1.75553425346016E-03 
2264	-1.6260307962785E-03 
2265	-1.2147930967504E-03 
2266	 1.52713077202113E-04 
2267	 3.09787856500662E-03 
2268	 2.94832308042669E-03 
2269	 9.95409459267423E-04 
2270	 9.77779320691952E-04 
2271	-3.31073186195791E-04 
2272	-1.20832238043957E-06 
2273	 3.5371756561125E-03 
2274	 4.7663818993868E-03 
2275	 4.99793442373319E-03 
2276	 4.76077494606894E-03 
2277	 3.39874753436399E-03 
2278	 3.00538504766911E-03 
2279	 3.00186305614806E-03 
2280	 2.38948388626017E-03 
2281	 1.80843394137921E-03 
2282	 7.2559434146592E-04 
2283	-1.76796098550033E-03 
2284	-2.41035826856767E-03 
2285	-1.68534595785128E-03 
2286	-1.76412666888655E-03 
2287	-1.5985554123263E-03 
2288	-6.18829146969777E-04 
2289	 4.10892703531541E-04 
2290	 4.23807053941739E-04 
2291	 1.39511039262683E-03 
2292	-4.89623500672455E-04 
2293	-5.04546138082439E-03 
2294	-5.57590735473505E-03 
2295	-1.8655847792463E-03 
2296	 1.93135557917687E-03 
2297	 2.06239130040175E-03 
2298	 1.46203931093537E-03 
2299	-8.99375657880712E-04 
2300	-2.26894819918711E-03 
2301	 1.79499178644643E-03 
2302	 1.15191141757517E-03 
2303	-2.55400230792111E-03 
2304	-3.62096867269605E-03 
2305	-3.56291149482699E-03 
2306	 5.4632515021553E-04 
2307	 4.18992212456059E-03 
2308	 2.59579708531574E-03 
2309	-1.26521431845747E-03 
2310	-4.21648871825564E-03 
2311	-5.43441507249784E-03 
2312	-2.39931381499973E-03 
2313	 4.13914695008108E-03 
2314	 4.7427417755614E-03 
2315	 2.81801939153737E-03 
2316	 4.42849782050258E-03 
2317	 2.60621202857618E-03 
2318	-8.44122499745379E-04 
2319	-3.3527322916303E-03 
2320	-6.40598325757272E-03 
2321	-4.81220564359398E-03 
2322	-1.75150958550864E-03 
2323	 8.78027250909148E-04 
2324	 5.51937599945383E-03 
2325	 3.54056530174723E-03 
2326	 1.42825786775987E-03 
2327	 5.42446533796499E-03 
2328	 5.33477422842186E-03 
2329	 4.09789268100944E-03 
2330	 3.79726674735898E-03 
2331	 4.39402327622922E-03 
2332	 0.006547423163339 
2333	 6.80467715075799E-03 
2334	 8.20446211368978E-03 
2335	 7.07535955130851E-03 
2336	 1.06578020430256E-03 
2337	-2.54190375268308E-03 
2338	-2.16555866445386E-03 
2339	-2.5779137597748E-03 
2340	-2.81273783356989E-03 
2341	 6.0221917461493E-03 
2342	 1.51800469515813E-02 
2343	 1.07701137263856E-02 
2344	 7.59937873709849E-03 
2345	 8.80322066519432E-03 
2346	 5.67973190374273E-03 
2347	 0.010148791155308 
2348	 1.34221359873087E-02 
2349	 1.11204241524056E-02 
2350	 1.27754964421907E-02 
2351	 1.15503941345905E-02 
2352	 1.66932934391882E-02 
2353	 2.09535792170163E-02 
2354	 0.012354262179922 
2355	 1.12754874493319E-02 
2356	 8.35773744384354E-03 
2357	 6.10200057211032E-03 
2358	 1.38415550055155E-02 
2359	 4.89154622614531E-03 
2360	 1.67826879741759E-03 
2361	 1.14882185631788E-02 
2362	 5.50211721621422E-03 
2363	-8.43330891786881E-04 
2364	-6.53995416072651E-03 
2365	-9.22880920815699E-03 
2366	 3.10922265248501E-03 
2367	 4.25596575744691E-03 
2368	 2.47485507795551E-03 
2369	-1.65614278912532E-03 
2370	-1.91370737352711E-02 
2371	-1.33755390993971E-02 
2372	 6.84724599002312E-03 
2373	-2.34543385396933E-03 
2374	-2.29971082988079E-02 
2375	-2.40299001200623E-02 
2376	-3.32121502091758E-02 
2377	-3.45804419404766E-02 
2378	-2.77887975278106E-03 
2379	 1.55280006939125E-02 
2380	 1.38759072786964E-02 
2381	 2.22459140340891E-02 
2382	 1.81070002607007E-02 
2383	-2.32514130100752E-02 
2384	-4.05341637608753E-02 
2385	-2.23931431576171E-02 
2386	-2.89830969533775E-02 
2387	-3.37446112004803E-02 
2388	-1.51968018945477E-02 
2389	-3.53135066530683E-02 
2390	-3.93012271829391E-02 
2391	-5.55342645714298E-03 
2392	-1.04553468880997E-02 
2393	-1.45882549161885E-02 
2394	-7.34376149551701E-03 
2395	-1.72283513694871E-02 
2396	-9.98613361232079E-03 
2397	 1.01854652886664E-02 
2398	 9.43536102408082E-03 
2399	-1.35902719677473E-02 
2400	-0.021084572566724 
2401	-4.22749144149951E-02 
2402	-7.03313296848174E-02 
2403	-2.58114812918656E-02 
2404	 2.10562354887685E-02 
2405	 4.20696912307975E-02 
2406	 3.90563586309046E-02 
2407	-9.19900620933997E-03 
2408	-5.13068012448082E-02 
2409	-7.51473480933262E-02 
2410	 7.39429948134674E-03 
2411	 0.103144754913965 
2412	 0.102228522607167 
2413	 6.96920830502083E-02 
2414	-0.10139131818387 
2415	-0.277252193064523 
2416	-0.179535201767651 
2417	-9.03407603296635E-02 
2418	 1.21406297437151E-02 
2419	 6.95748551423689E-02 
2420	 3.38802256458208E-02 
2421	-8.92075066017526E-03 
2422	-5.52198235552073E-02 
2423	-3.00979268484052E-02 
2424	 3.32975624206604E-02 
2425	 0.016507511397209 
2426	-1.0335524446975E-03 
2427	 2.71229467462989E-02 
2428	 7.15088300543279E-03 
2429	 5.90473431933735E-02 
2430	 0.118365559204665 
2431	 7.18404261383808E-02 
2432	-6.70874353367861E-02 
2433	-0.331549927057411 
2434	-0.299599097543444 
2435	-8.11299017001934E-02 
2436	 1.83932754774554E-02 
2437	 0.223148232583253 
2438	 0.275841717700698 
2439	 7.96529786945388E-02 
2440	 7.15262235996236E-02 
2441	-3.80791553812078E-04 
2442	-0.274207283040311 
2443	-0.43636156529168 
2444	-0.49560176381017 
2445	-0.462960398604474 
2446	-0.212456592775049 
2447	-0.571225797413725 
2448	 1.43138596593003 
2449	 1.05290051201623 
2450	 0.771636444734956 
2451	 1.00847139837841 
2452	 1.72821533165808 
2453	 2.57596776898866 
2454	-81.1834659038285 
2455	-1.23783957440515 
2456	-0.591871092359595 
2457	-0.262259210516784 
2458	-0.423283368795051 
2459	-0.701103826988445 
2460	-0.745229357660553 
2461	-1.21735931623778 
2462	-0.775196359038823 
2463	-0.159402914996717 
2464	-0.104644804131543 
2465	-0.309206033464743 
2466	-1.53652409207574 
2467	 0.860290710856926 
2468	-2.06313690524805 
2469	-54.276737151572 
2470	 3.62659207206248 
2471	 0.877334367093521 
2472	-0.15214220918149 
2473	-0.399846583483884 
2474	-0.757644402276579 
2475	-0.107499019738493 
2476	 0.738926053667621 
2477	 0.842463531959965 
2478	 0.193775943159842 
2479	 0.132530043999584 
2480	 0.383127392777854 
2481	-0.431540420397592 
2482	-0.104591885028389 
2483	 6.48275084079371E-02 
2484	 0.107703650983409 
2485	 0.620650984478989 
2486	 0.902882982424715 
2487	 0.812179378989495 
2488	 0.445834106995662 
2489	 0.138322924471277 
2490	-0.233654469661125 
2491	-0.466298280107805 
2492	 8.95326165967882E-02 
2493	-0.551497445200581 
2494	-0.912697280585096 
2495	-0.344129009530612 
2496	-0.724805300267357 
2497	-1.05221994140462 
2498	 0.505590092878408 
2499	 1.0939539802978 
2500	-0.643162411953754 
