Wavelength	rt0722east_close00000.asd
350	 2.58158193740776E-02 
351	 2.48329208563108E-02 
352	 2.48365964839643E-02 
353	 2.52651994811419E-02 
354	 2.55231100247823E-02 
355	 2.57919032738637E-02 
356	 2.57711020817866E-02 
357	 2.57230852872488E-02 
358	 2.59378773922602E-02 
359	 2.60792402950456E-02 
360	 2.59227711784601E-02 
361	 2.56739204262381E-02 
362	 0.025744576249466 
363	 2.54760666055043E-02 
364	 2.57802193910273E-02 
365	 2.65960720328207E-02 
366	 2.61494061031698E-02 
367	 2.62713966921343E-02 
368	 2.65168344547107E-02 
369	 2.62592531694653E-02 
370	 2.63755780683069E-02 
371	 2.68222244030658E-02 
372	 2.71688150565594E-02 
373	 0.026893177212603 
374	 2.67378118460375E-02 
375	 2.68413388808364E-02 
376	 0.027118884774102 
377	 2.72866592584261E-02 
378	 2.76570234349147E-02 
379	 2.78898825746274E-02 
380	 2.77700075575104E-02 
381	 2.79083637173977E-02 
382	 2.80672653750195E-02 
383	 2.81282227091809E-02 
384	 0.028146136511446 
385	 2.89804316564671E-02 
386	 2.93634564956877E-02 
387	 0.029044243537559 
388	 2.90609299271419E-02 
389	 2.94971086951788E-02 
390	 2.97048092174594E-02 
391	 2.95214017427381E-02 
392	 3.03553254904915E-02 
393	 3.07786545856977E-02 
394	 3.07585531377072E-02 
395	 3.07649971047795E-02 
396	 3.07861785868617E-02 
397	 3.09246751960219E-02 
398	 3.10741405460669E-02 
399	 0.030983744185566 
400	 3.10420590465386E-02 
401	 0.031342181513823 
402	 3.17508279115457E-02 
403	 3.17549695348053E-02 
404	 3.16982856910535E-02 
405	 3.18215750349622E-02 
406	 3.22195060502009E-02 
407	 3.24459577746526E-02 
408	 3.24139300075849E-02 
409	 3.23404254468109E-02 
410	 3.26650246922532E-02 
411	 0.03279718859561 
412	 0.032946318032124 
413	 3.32769636495908E-02 
414	 3.35021380057021E-02 
415	 3.37137313709262E-02 
416	 3.38981550184366E-02 
417	 3.40262106562403E-02 
418	 3.41961506427632E-02 
419	 3.44180869717206E-02 
420	 3.46806452522154E-02 
421	 3.49596241058495E-02 
422	 3.53039544890121E-02 
423	 3.56119072389255E-02 
424	 3.58163088812079E-02 
425	 3.60157462467547E-02 
426	 3.62455470889138E-02 
427	 3.66188569178041E-02 
428	 3.71962119288195E-02 
429	 3.74742419594067E-02 
430	 3.77598691713876E-02 
431	 3.81269399914226E-02 
432	 3.82932510170894E-02 
433	 3.85598368030224E-02 
434	 3.88420345359615E-02 
435	 0.039069610166125 
436	 0.039468820156699 
437	 3.99913522162858E-02 
438	 4.04713839719537E-02 
439	 4.07230593058588E-02 
440	 4.09818660587498E-02 
441	 4.13163106751107E-02 
442	 4.17014005432815E-02 
443	 4.20081007695589E-02 
444	 4.23233201853638E-02 
445	 4.26380415217777E-02 
446	 4.29204837473643E-02 
447	 4.31473088881259E-02 
448	 4.33964179547242E-02 
449	 4.36992271602771E-02 
450	 4.40369996601472E-02 
451	 4.42335550649172E-02 
452	 4.44778131923422E-02 
453	 4.48188193716572E-02 
454	 4.48969500885055E-02 
455	 4.51112678292899E-02 
456	 0.045372682833112 
457	 4.54815886047674E-02 
458	 4.56508045310127E-02 
459	 0.045858674073381 
460	 4.60452419114954E-02 
461	 4.61315263876553E-02 
462	 4.62659822345812E-02 
463	 4.64185245987732E-02 
464	 4.65584970392502E-02 
465	 4.67585415285657E-02 
466	 0.046974224743493 
467	 0.047172038986599 
468	 4.73450328002028E-02 
469	 4.76448220260902E-02 
470	 4.78459945485617E-02 
471	 4.79040517416165E-02 
472	 4.80544874902676E-02 
473	 4.82669819769308E-02 
474	 0.048488792983095 
475	 4.86827719842944E-02 
476	 4.89055782164934E-02 
477	 4.91519563644401E-02 
478	 4.94104867985507E-02 
479	 4.96614118066348E-02 
480	 4.98290073488911E-02 
481	 5.00224700211216E-02 
482	 5.03084410878997E-02 
483	 5.06191024317063E-02 
484	 5.09459546181723E-02 
485	 5.12876214888743E-02 
486	 5.16435505984009E-02 
487	 5.19911294382946E-02 
488	 5.23077140308008E-02 
489	 5.26403643533433E-02 
490	 5.30910753963953E-02 
491	 5.34435910521207E-02 
492	 5.37347450610668E-02 
493	 0.054049532306652 
494	 0.054467312867675 
495	 5.48850204868373E-02 
496	 5.52760902917511E-02 
497	 5.56694023674287E-02 
498	 5.61902362220664E-02 
499	 5.66917682608911E-02 
500	 5.71137214313822E-02 
501	 5.75700712298501E-02 
502	 5.80548384416429E-02 
503	 5.85572895958596E-02 
504	 5.90716849810318E-02 
505	 5.96468602269036E-02 
506	 0.060081435690651 
507	 6.04541869483154E-02 
508	 6.10430527769711E-02 
509	 6.15732096711013E-02 
510	 6.20178117954376E-02 
511	 6.24555559193178E-02 
512	 6.31350915963089E-02 
513	 6.37256328474971E-02 
514	 6.42616221986341E-02 
515	 6.48976101302692E-02 
516	 6.54344759695322E-02 
517	 6.60343661597723E-02 
518	 6.67234051057762E-02 
519	 6.73294145657327E-02 
520	 6.79847542731315E-02 
521	 6.86246033908792E-02 
522	 6.92019753761572E-02 
523	 6.98704035743567E-02 
524	 7.05178663968224E-02 
525	 7.11695155965664E-02 
526	 7.19290408688428E-02 
527	 7.25683010585715E-02 
528	 7.32176185969656E-02 
529	 7.39496420085724E-02 
530	 7.46318579883739E-02 
531	 7.52496871749111E-02 
532	 7.59358757198662E-02 
533	 7.67962461904941E-02 
534	 0.077415088004948 
535	 7.81085875806978E-02 
536	 7.89362543118453E-02 
537	 0.079615839018362 
538	 8.04089626359617E-02 
539	 0.081193701018817 
540	 8.18584381150133E-02 
541	 8.26256264726586E-02 
542	 8.34165767310248E-02 
543	 8.41896412888892E-02 
544	 8.49349445632741E-02 
545	 8.56738829875076E-02 
546	 8.64601545983989E-02 
547	 8.72743733124063E-02 
548	 8.79455676003218E-02 
549	 8.86769978831511E-02 
550	 8.94397466004918E-02 
551	 9.01544206050114E-02 
552	 9.09565659431271E-02 
553	 9.17001358920369E-02 
554	 9.23655040584129E-02 
555	 9.30862343123483E-02 
556	 9.38172143762094E-02 
557	 9.45722977248857E-02 
558	 0.095351302900987 
559	 9.61153980294419E-02 
560	 9.67586720503079E-02 
561	 9.73524286253181E-02 
562	 9.80613805519844E-02 
563	 9.87290709363865E-02 
564	 9.93437256374393E-02 
565	 9.99080259006647E-02 
566	 0.100413496636013 
567	 0.100905380846106 
568	 0.101414852523355 
569	 0.101936297454946 
570	 0.102321533474057 
571	 0.10266004661883 
572	 0.103026493605168 
573	 0.103457780552913 
574	 0.103856184597435 
575	 0.104191636909425 
576	 0.104463859729449 
577	 0.104709944638569 
578	 0.104972602706889 
579	 0.10520067585756 
580	 0.105305420056879 
581	 0.105447835547344 
582	 0.105557788310084 
583	 0.105591627929002 
584	 0.105610535389976 
585	 0.105504331755503 
586	 0.105375399205425 
587	 0.105346362673468 
588	 0.105174323615009 
589	 0.104919466443188 
590	 0.104683744941552 
591	 0.104552890589271 
592	 0.104321763417585 
593	 0.10397504251556 
594	 0.103534909594823 
595	 0.102984599327541 
596	 0.102339389765051 
597	 0.10162467871328 
598	 0.100876745229004 
599	 0.100109158603641 
600	 9.94727239129083E-02 
601	 9.90233643182919E-02 
602	 9.86245645735768E-02 
603	 9.84233860540481E-02 
604	 0.098362336245441 
605	 9.83338735437992E-02 
606	 9.83409283781356E-02 
607	 9.83272693948617E-02 
608	 9.83186123956634E-02 
609	 9.84193437058443E-02 
610	 9.84813443333643E-02 
611	 9.85260184346354E-02 
612	 9.85807119112881E-02 
613	 9.85727405428169E-02 
614	 9.85852592021006E-02 
615	 9.86182191972694E-02 
616	 0.098637814887916 
617	 9.87870681626903E-02 
618	 9.88047651290508E-02 
619	 9.86411955170098E-02 
620	 9.86453518692111E-02 
621	 9.86611413855861E-02 
622	 9.86762379938711E-02 
623	 9.87062030241494E-02 
624	 9.87219097783329E-02 
625	 9.86250630952412E-02 
626	 9.85168870326476E-02 
627	 9.86612084330411E-02 
628	 9.85986041412594E-02 
629	 0.098531982147821 
630	 9.86195833235276E-02 
631	 9.85612562268954E-02 
632	 9.84661435954083E-02 
633	 9.83974729362003E-02 
634	 9.83894070580547E-02 
635	 9.83997019993932E-02 
636	 9.83525178991371E-02 
637	 0.098248569773581 
638	 9.81993928038506E-02 
639	 9.80567028711611E-02 
640	 9.79336502029287E-02 
641	 9.79340331313625E-02 
642	 9.78055759801635E-02 
643	 9.76489142307607E-02 
644	 9.74970347088366E-02 
645	 9.73279863004539E-02 
646	 9.72019959207766E-02 
647	 9.71607961475079E-02 
648	 9.71288537692535E-02 
649	 9.67533018531303E-02 
650	 9.65062452299333E-02 
651	 0.09632704260089 
652	 9.60012859529801E-02 
653	 9.57344948804465E-02 
654	 9.53273019629279E-02 
655	 9.47276159505449E-02 
656	 9.42061883420562E-02 
657	 9.37839162258159E-02 
658	 9.34503603440646E-02 
659	 9.31607013849417E-02 
660	 9.28200792051349E-02 
661	 9.25814793570433E-02 
662	 9.24012313352702E-02 
663	 9.21430189669027E-02 
664	 9.20497094358483E-02 
665	 9.19509471407191E-02 
666	 9.17728660611326E-02 
667	 9.17056604832585E-02 
668	 9.17043700708647E-02 
669	 9.17209142545146E-02 
670	 9.17044136997177E-02 
671	 9.16246203265175E-02 
672	 0.091555038399521 
673	 9.15045953245482E-02 
674	 9.14234715438712E-02 
675	 9.14406442344881E-02 
676	 9.14415067098397E-02 
677	 9.13411904920888E-02 
678	 9.12318791325431E-02 
679	 9.12049618169138E-02 
680	 9.12450178176386E-02 
681	 9.12779762467801E-02 
682	 9.12456096708116E-02 
683	 9.12709880286736E-02 
684	 9.13481786850231E-02 
685	 9.12780850790939E-02 
686	 9.12083192532182E-02 
687	 9.10953161151161E-02 
688	 9.09063073921129E-02 
689	 9.08025410145206E-02 
690	 9.05552169205559E-02 
691	 9.01699410691798E-02 
692	 8.97803407679856E-02 
693	 8.93424143264335E-02 
694	 8.88494882278262E-02 
695	 8.83053310624626E-02 
696	 8.76543439385157E-02 
697	 0.0870358475999 
698	 8.63312663374612E-02 
699	 8.54549268631007E-02 
700	 8.46429140474731E-02 
701	 8.37743752856018E-02 
702	 8.28375103495479E-02 
703	 8.18844987750605E-02 
704	 8.08691052108001E-02 
705	 7.97579429641901E-02 
706	 7.85793836564651E-02 
707	 7.74157739425778E-02 
708	 7.60886678009545E-02 
709	 7.46324468208007E-02 
710	 7.31259885380195E-02 
711	 7.13963589289256E-02 
712	 6.96588017781481E-02 
713	 6.79637898627409E-02 
714	 6.61220023861806E-02 
715	 6.43199349669599E-02 
716	 6.24200202285088E-02 
717	 6.04010840945408E-02 
718	 5.82228107676025E-02 
719	 5.60826016374381E-02 
720	 5.42143282957357E-02 
721	 5.23644338380593E-02 
722	 5.06125715099978E-02 
723	 4.86386585601937E-02 
724	 4.66044256560414E-02 
725	 4.46693419126773E-02 
726	 4.26162831661003E-02 
727	 4.04436840898544E-02 
728	 3.81800936264054E-02 
729	 3.56592211068563E-02 
730	 3.32547025319952E-02 
731	 0.031139462749431 
732	 2.92275065591936E-02 
733	 2.76553900673323E-02 
734	 2.63266597177159E-02 
735	 2.51988511329431E-02 
736	 2.42728761665426E-02 
737	 2.36132797695754E-02 
738	 2.31543348530701E-02 
739	 0.022818922139672 
740	 2.25754250209017E-02 
741	 2.22960111619711E-02 
742	 2.20393296966674E-02 
743	 2.19401522582716E-02 
744	 2.19115739137984E-02 
745	 2.18531954356613E-02 
746	 2.17591621715532E-02 
747	 2.17486846329873E-02 
748	 2.17532345948761E-02 
749	 2.17154143249064E-02 
750	 2.16293212279805E-02 
751	 2.16407232797404E-02 
752	 2.16838822559758E-02 
753	 2.17084556742038E-02 
754	 2.16747144672696E-02 
755	 2.15530274352011E-02 
756	 2.14130308580426E-02 
757	 2.13847067690982E-02 
758	 2.17876073875622E-02 
759	 2.19409600430762E-02 
760	 2.17134038290986E-02 
761	 2.16712494807619E-02 
762	 2.19085513390612E-02 
763	 2.20186195422602E-02 
764	 2.20275469806174E-02 
765	 2.20759044931977E-02 
766	 0.021999392722155 
767	 2.20211937356095E-02 
768	 2.21882269062718E-02 
769	 2.23838756144179E-02 
770	 2.24837348381895E-02 
771	 2.25428879755558E-02 
772	 2.26473758129005E-02 
773	 2.28491174142928E-02 
774	 0.023095329001359 
775	 2.33342584037788E-02 
776	 2.35357965868255E-02 
777	 2.37805682559155E-02 
778	 2.39861354402897E-02 
779	 2.41564331571245E-02 
780	 2.43954332642101E-02 
781	 2.47906902218882E-02 
782	 2.51372431246689E-02 
783	 2.53331096607346E-02 
784	 2.56238241756408E-02 
785	 0.025967424949123 
786	 2.63364694572039E-02 
787	 2.66863632794792E-02 
788	 2.69055321886472E-02 
789	 2.72441964119521E-02 
790	 2.77257195777303E-02 
791	 0.028173537983023 
792	 2.85121065688719E-02 
793	 2.88387151814295E-02 
794	 2.92155935243422E-02 
795	 2.95913696217991E-02 
796	 2.99823446931005E-02 
797	 3.02853870769903E-02 
798	 3.04964233315135E-02 
799	 3.10192769730767E-02 
800	 3.13642914872599E-02 
801	 3.15327491232423E-02 
802	 3.18004234613805E-02 
803	 3.21015163507169E-02 
804	 3.22821633231145E-02 
805	 3.23094139385201E-02 
806	 3.22918018431373E-02 
807	 3.23691430962252E-02 
808	 3.23553146361667E-02 
809	 3.21490370809435E-02 
810	 3.20470981879707E-02 
811	 3.19282090919101E-02 
812	 0.031742589687167 
813	 3.14808996180898E-02 
814	 3.12482587711748E-02 
815	 0.030967727319136 
816	 3.05325306636124E-02 
817	 2.98925569091685E-02 
818	 2.94527402139005E-02 
819	 2.89021764482489E-02 
820	 2.81211224342461E-02 
821	 2.73372123287055E-02 
822	 2.63558103011008E-02 
823	 2.52304817154621E-02 
824	 2.40735331295208E-02 
825	 0.022819960452634 
826	 2.15550410415399E-02 
827	 2.02322082678888E-02 
828	 1.88610975922179E-02 
829	 1.75096186506191E-02 
830	 1.64512724739655E-02 
831	 1.56403428014638E-02 
832	 1.48505348683668E-02 
833	 1.42777932795439E-02 
834	 1.38273373005976E-02 
835	 1.34165019633771E-02 
836	 1.30332517066648E-02 
837	 1.26827490787297E-02 
838	 0.012394346880958 
839	 1.21797096490414E-02 
840	 1.20103202217857E-02 
841	 1.17087301050961E-02 
842	 1.15214321129944E-02 
843	 1.16491141729951E-02 
844	 1.12918978629445E-02 
845	 1.11941222378441E-02 
846	 0.011236125420564 
847	 1.07919239739192E-02 
848	 1.07176167514516E-02 
849	 1.06131386994691E-02 
850	 1.03468430195569E-02 
851	 1.02915661062866E-02 
852	 1.02783380457722E-02 
853	 1.02704650400279E-02 
854	 1.02560869927498E-02 
855	 1.02471022078498E-02 
856	 9.84890202838256E-03 
857	 9.54101155589118E-03 
858	 9.71024300583708E-03 
859	 9.5377326248157E-03 
860	 9.4798820287004E-03 
861	 9.3971115832539E-03 
862	 9.00576016859094E-03 
863	 9.12334492923902E-03 
864	 9.07340276473791E-03 
865	 8.79943347167213E-03 
866	 8.83351168672885E-03 
867	 8.63872572818651E-03 
868	 8.47799235024424E-03 
869	 8.47333720459022E-03 
870	 8.43074997003528E-03 
871	 8.34404484757459E-03 
872	 8.26095335212983E-03 
873	 8.20029190190776E-03 
874	 8.08431995360696E-03 
875	 7.92275010616534E-03 
876	 7.6645067135326E-03 
877	 7.31518215584741E-03 
878	 7.10225812377726E-03 
879	 7.07071872253137E-03 
880	 7.14978697175462E-03 
881	 7.18846136357283E-03 
882	 6.99279238674906E-03 
883	 6.83187116803358E-03 
884	 6.69037223799761E-03 
885	 6.40565307704462E-03 
886	 6.69278191075457E-03 
887	 6.64000791420068E-03 
888	 6.20516859870277E-03 
889	 6.43341458962584E-03 
890	 6.28891601570134E-03 
891	 6.16009760593586E-03 
892	 6.27243243391036E-03 
893	 6.06991167440202E-03 
894	 6.05322074220309E-03 
895	 5.94894656891441E-03 
896	 5.58480753728514E-03 
897	 5.83386220665291E-03 
898	 6.15668629383241E-03 
899	 6.00027732198028E-03 
900	 5.36422637846483E-03 
901	 5.85200085258658E-03 
902	 5.75880523350863E-03 
903	 5.34608474421924E-03 
904	 5.41672607237855E-03 
905	 5.3917814814181E-03 
906	 5.29869348722035E-03 
907	 5.27002252182322E-03 
908	 5.40091717707079E-03 
909	 4.90440190295604E-03 
910	 5.04825098247929E-03 
911	 5.62434064971234E-03 
912	 5.19962034439389E-03 
913	 5.59039174108652E-03 
914	 5.36890087269115E-03 
915	 4.62679035195662E-03 
916	 5.25379029520653E-03 
917	 4.39527036992364E-03 
918	 3.84184711451158E-03 
919	 4.35916011691822E-03 
920	 4.56578300249467E-03 
921	 4.12797581852429E-03 
922	 3.64480256757198E-03 
923	 3.6372517755079E-03 
924	 4.02995881506603E-03 
925	 4.29006620905158E-03 
926	 4.28077443641336E-03 
927	 4.05986859914597E-03 
928	 3.85645369888019E-03 
929	 4.00073108381879E-03 
930	 3.28999607190756E-03 
931	 7.16918679847941E-04 
932	 4.01583044006122E-03 
933	 5.53752516291262E-03 
934	 3.38825356487826E-03 
935	 1.86260763483143E-03 
936	 6.32448842702836E-03 
937	 7.25915188153391E-03 
938	 6.26174355501545E-03 
939	 6.85327745915483E-03 
940	 5.59735147123692E-03 
941	 5.83464483410916E-03 
942	 5.52823267035799E-03 
943	 1.69622573951682E-03 
944	 3.09992717616431E-03 
945	 5.60107732003827E-03 
946	 5.68203965829843E-03 
947	 2.81532101599431E-03 
948	 5.01053044876216E-03 
949	 5.11559157702633E-03 
950	 3.0511813154244E-03 
951	 2.81066045685572E-03 
952	 4.3779695428554E-04 
953	 2.02323820729141E-03 
954	 5.47556076585463E-03 
955	 4.38814140447772E-03 
956	 4.52728742887204E-03 
957	 5.62156256894685E-03 
958	 6.82787271932972E-03 
959	 7.00435423614263E-03 
960	 2.90251663555266E-03 
961	 1.15231960915872E-03 
962	 2.45545049498825E-03 
963	 3.0093106252498E-03 
964	 3.10581358531567E-03 
965	 3.52187348418883E-03 
966	 4.48894924936276E-03 
967	 5.54817326646834E-03 
968	 4.52111289611723E-03 
969	 3.53906763064379E-03 
970	 3.45597467176402E-03 
971	 3.56112469689177E-03 
972	 2.48103117078999E-03 
973	 2.13143256901126E-03 
974	 3.39517808730392E-03 
975	 5.27927107830586E-03 
976	 3.80670930100768E-03 
977	 3.11326452222313E-03 
978	 3.99931051239154E-03 
979	 3.85122088267254E-03 
980	 4.53797802575255E-03 
981	 4.43740849197922E-03 
982	 3.77250152404041E-03 
983	 4.03396335594384E-03 
984	 2.48876835031223E-03 
985	 2.84707331963753E-03 
986	 4.37230835666734E-03 
987	 3.30020692928545E-03 
988	 3.67221730370577E-03 
989	 3.88926879972225E-03 
990	 3.54635283012704E-03 
991	 3.49935567957788E-03 
992	 4.10263453419487E-03 
993	 3.3738603944621E-03 
994	 2.64247050664417E-03 
995	 4.56314909262707E-03 
996	 4.65596478561215E-03 
997	 3.62007668035508E-03 
998	 3.02606896094753E-03 
999	 4.07481283688701E-03 
1000	 4.64367155236181E-03 
1001	 2.72616604667559E-03 
1002	 2.96441085588369E-03 
1003	 3.15370431302809E-03 
1004	 3.25556422993227E-03 
1005	 3.51002844475868E-03 
1006	 3.94892835938073E-03 
1007	 4.20504487011627E-03 
1008	 4.52907356931136E-03 
1009	 4.37980297853503E-03 
1010	 4.37916363775099E-03 
1011	 4.39279199770688E-03 
1012	 4.09824692066039E-03 
1013	 4.29071017339171E-03 
1014	 4.18060975657113E-03 
1015	 3.71988489410231E-03 
1016	 3.5757058392988E-03 
1017	 3.5676338305469E-03 
1018	 3.5340596610958E-03 
1019	 3.62482090584346E-03 
1020	 3.69714451677477E-03 
1021	 3.85509998710019E-03 
1022	 3.80000838684536E-03 
1023	 3.76045249623523E-03 
1024	 3.89772505926732E-03 
1025	 3.76518191267273E-03 
1026	 3.56344524250755E-03 
1027	 3.56531144448429E-03 
1028	 3.65520011670624E-03 
1029	 3.59195546625299E-03 
1030	 3.63503078945898E-03 
1031	 3.53460289093606E-03 
1032	 3.07566591427469E-03 
1033	 3.02460379533072E-03 
1034	 3.05591384157698E-03 
1035	 3.31888769960521E-03 
1036	 4.30265790246438E-03 
1037	 4.50857983205432E-03 
1038	 0.004663635515766 
1039	 4.30513818189386E-03 
1040	 3.48489632115233E-03 
1041	 2.91407693330914E-03 
1042	 2.7624773400513E-03 
1043	 3.02036539091598E-03 
1044	 3.01117417271375E-03 
1045	 3.20704522112315E-03 
1046	 3.21459380979097E-03 
1047	 2.96170547647418E-03 
1048	 2.92379506371275E-03 
1049	 3.01351065859514E-03 
1050	 3.06710212768162E-03 
1051	 3.09679314344305E-03 
1052	 3.22198435616128E-03 
1053	 3.57324961616248E-03 
1054	 3.64065388256226E-03 
1055	 3.55067433771508E-03 
1056	 3.54181803671237E-03 
1057	 3.48953659453934E-03 
1058	 3.13151750529925E-03 
1059	 3.26787321309095E-03 
1060	 3.8379950890382E-03 
1061	 3.9281726939372E-03 
1062	 4.07675919323546E-03 
1063	 4.00035146329236E-03 
1064	 3.35387777737049E-03 
1065	 3.25397174035904E-03 
1066	 3.41905957148301E-03 
1067	 3.46590233806457E-03 
1068	 3.75969592260026E-03 
1069	 3.86125497002288E-03 
1070	 3.86719739209973E-03 
1071	 3.74868962562843E-03 
1072	 3.39012798735546E-03 
1073	 3.19650025212036E-03 
1074	 3.09279374001891E-03 
1075	 2.88876436154103E-03 
1076	 2.99718756223968E-03 
1077	 3.46631301160683E-03 
1078	 3.60784998443878E-03 
1079	 3.8555456016896E-03 
1080	 3.79352025419473E-03 
1081	 3.35353817564301E-03 
1082	 3.2770955568181E-03 
1083	 3.01290166878828E-03 
1084	 3.07587579393509E-03 
1085	 3.80319273965377E-03 
1086	 3.96732224191269E-03 
1087	 4.04511242468741E-03 
1088	 4.0387493297673E-03 
1089	 3.46777787394429E-03 
1090	 3.15029760007549E-03 
1091	 3.16939631827863E-03 
1092	 3.45329157842236E-03 
1093	 3.49675299878829E-03 
1094	 3.94439485308986E-03 
1095	 3.7458663471209E-03 
1096	 2.71649875711605E-03 
1097	 2.71379800090124E-03 
1098	 3.06504643949081E-03 
1099	 3.13624622533275E-03 
1100	 3.8259343467997E-03 
1101	 4.08379636760092E-03 
1102	 3.74461178288243E-03 
1103	 3.62991176279819E-03 
1104	 3.68335166121014E-03 
1105	 3.49484508631902E-03 
1106	 3.53659197085525E-03 
1107	 3.64475962647689E-03 
1108	 3.58826509018965E-03 
1109	 3.56232723859192E-03 
1110	 3.63258170564996E-03 
1111	 3.32623836005133E-03 
1112	 3.54469891195568E-03 
1113	 4.9812230416002E-03 
1114	 5.19249588509708E-03 
1115	 4.38093114823424E-03 
1116	 4.29094784356409E-03 
1117	 3.28526202824036E-03 
1118	 2.95901842159698E-03 
1119	 4.59678442701363E-03 
1120	 5.53816411873633E-03 
1121	 5.98116710390243E-03 
1122	 7.30444876928451E-03 
1123	 7.35402570635261E-03 
1124	 6.44558232008561E-03 
1125	 8.61649142736207E-03 
1126	 8.79362786854643E-03 
1127	 7.76824819695168E-03 
1128	 9.33240123205696E-03 
1129	 7.96322779309852E-03 
1130	 1.85965417021716E-03 
1131	 2.7493507481884E-03 
1132	 7.78686429330388E-03 
1133	 7.87070693933751E-03 
1134	 8.42368189702567E-03 
1135	 7.89586486806949E-03 
1136	 3.83528416994722E-03 
1137	 2.29250071913652E-03 
1138	 8.36331493899944E-04 
1139	 3.04017816918015E-03 
1140	 4.8651078310565E-03 
1141	 4.58536072120278E-03 
1142	 4.90596582737313E-03 
1143	 4.69798087568814E-03 
1144	 3.21826418155283E-03 
1145	 3.3563176065974E-03 
1146	 5.44234877471528E-03 
1147	 4.77059018024559E-03 
1148	 2.79429988105201E-03 
1149	 3.72420293212892E-03 
1150	 3.80227640672029E-03 
1151	 3.34554865178688E-03 
1152	 3.20808626234481E-03 
1153	 3.38866883945826E-03 
1154	 3.13435993671209E-03 
1155	 2.19464093716774E-03 
1156	 2.89838571577501E-03 
1157	 3.55781570817597E-03 
1158	 2.94234304061213E-03 
1159	 2.45050725282353E-03 
1160	 2.86819260106209E-03 
1161	 2.8421574946074E-03 
1162	 2.72871885568888E-03 
1163	 3.29637176560233E-03 
1164	 3.26244210395752E-03 
1165	 2.92028762356873E-03 
1166	 3.25633886807693E-03 
1167	 3.31475001150729E-03 
1168	 2.87922361453397E-03 
1169	 2.70411714139055E-03 
1170	 2.70634387082076E-03 
1171	 2.78450298762845E-03 
1172	 3.18972213106928E-03 
1173	 3.36624447703642E-03 
1174	 3.62889897515234E-03 
1175	 3.34982037364519E-03 
1176	 3.02359300075727E-03 
1177	 3.11787666348576E-03 
1178	 3.19577841249245E-03 
1179	 2.98154925263445E-03 
1180	 2.8979153798754E-03 
1181	 2.78622939774152E-03 
1182	 2.59884678655217E-03 
1183	 3.01236792570823E-03 
1184	 3.4986989742887E-03 
1185	 3.14703837580677E-03 
1186	 2.60742512206484E-03 
1187	 2.55976350953937E-03 
1188	 2.6033507315922E-03 
1189	 2.73186985567089E-03 
1190	 2.97347059558938E-03 
1191	 2.78428120875721E-03 
1192	 2.66223663961923E-03 
1193	 2.41660375406116E-03 
1194	 2.43876620426973E-03 
1195	 2.32982165439732E-03 
1196	 2.3942497799166E-03 
1197	 2.59518706857093E-03 
1198	 2.62142523543436E-03 
1199	 2.77517615799129E-03 
1200	 3.13272832453833E-03 
1201	 0.003278622829268 
1202	 3.08618715469789E-03 
1203	 2.94405208434347E-03 
1204	 2.85292710136792E-03 
1205	 2.65302375420927E-03 
1206	 2.80264302988975E-03 
1207	 3.11787003203964E-03 
1208	 3.08586277987988E-03 
1209	 2.89867087586085E-03 
1210	 2.91219436238014E-03 
1211	 3.13145000865032E-03 
1212	 3.1930869979594E-03 
1213	 3.16586401215816E-03 
1214	 3.19628424903513E-03 
1215	 3.23595154723999E-03 
1216	 3.01195815858793E-03 
1217	 2.81209405166069E-03 
1218	 2.89482618559817E-03 
1219	 2.83778993894104E-03 
1220	 2.67933213179711E-03 
1221	 2.74901185386115E-03 
1222	 2.87116747033216E-03 
1223	 3.03881420828374E-03 
1224	 3.12312322069585E-03 
1225	 2.88388709595575E-03 
1226	 2.75035929893006E-03 
1227	 3.04513555551119E-03 
1228	 3.12996659203228E-03 
1229	 2.8435661125304E-03 
1230	 2.89724968390975E-03 
1231	 2.94975110623933E-03 
1232	 2.60890998717902E-03 
1233	 2.54026812920068E-03 
1234	 2.79228311500022E-03 
1235	 2.9385750893747E-03 
1236	 2.86067028452447E-03 
1237	 2.8906728749489E-03 
1238	 3.22316299864007E-03 
1239	 3.13809180437794E-03 
1240	 2.83495816255908E-03 
1241	 2.81951800363209E-03 
1242	 2.81319042617951E-03 
1243	 2.73301700807579E-03 
1244	 2.79880469895032E-03 
1245	 2.95292805961026E-03 
1246	 2.94414561723508E-03 
1247	 2.90672227332497E-03 
1248	 2.82142030641895E-03 
1249	 2.55575027797793E-03 
1250	 2.56124466459829E-03 
1251	 2.79045850646462E-03 
1252	 2.94667911003788E-03 
1253	 2.95933928904025E-03 
1254	 2.77648710761098E-03 
1255	 2.71491419308284E-03 
1256	 2.69312165383536E-03 
1257	 2.67023773823433E-03 
1258	 2.65004866866489E-03 
1259	 2.73730125965233E-03 
1260	 2.76707298964116E-03 
1261	 2.64793137693797E-03 
1262	 2.67131068635248E-03 
1263	 2.7903079387758E-03 
1264	 3.04476394415503E-03 
1265	 2.97656625372385E-03 
1266	 2.78585427743985E-03 
1267	 2.64713375144712E-03 
1268	 2.61078272303287E-03 
1269	 2.66901519923549E-03 
1270	 2.77529396641681E-03 
1271	 3.01042139314336E-03 
1272	 2.84960907427138E-03 
1273	 2.48308042323276E-03 
1274	 2.58610805180008E-03 
1275	 2.68546421183688E-03 
1276	 2.57915641076334E-03 
1277	 2.65933797929651E-03 
1278	 2.90182716947426E-03 
1279	 3.00952075492296E-03 
1280	 2.98983337639069E-03 
1281	 2.90790637770446E-03 
1282	 2.51669342670115E-03 
1283	 2.47781503332618E-03 
1284	 2.6492445135543E-03 
1285	 2.72690227225142E-03 
1286	 2.93993905629326E-03 
1287	 3.0301969957498E-03 
1288	 3.04146946472489E-03 
1289	 3.03131676505074E-03 
1290	 2.98595860550165E-03 
1291	 2.91269547368622E-03 
1292	 2.91548247437011E-03 
1293	 2.81316302626315E-03 
1294	 2.76060563926717E-03 
1295	 2.87338407037324E-03 
1296	 3.00798019031498E-03 
1297	 2.88593475578264E-03 
1298	 2.60663213556994E-03 
1299	 2.78191620925679E-03 
1300	 3.15626770554427E-03 
1301	 3.15948180821253E-03 
1302	 2.86828238614256E-03 
1303	 2.59636625614938E-03 
1304	 2.53858718881211E-03 
1305	 2.48444895537153E-03 
1306	 2.44467466026115E-03 
1307	 2.83038901673444E-03 
1308	 3.02178596388967E-03 
1309	 2.90195890764496E-03 
1310	 2.90962116447841E-03 
1311	 3.21540780695921E-03 
1312	 3.35322406329935E-03 
1313	 3.31388825375361E-03 
1314	 3.17683871203244E-03 
1315	 2.95994413589086E-03 
1316	 2.87049372277044E-03 
1317	 2.53234088076181E-03 
1318	 2.4667648354439E-03 
1319	 2.8485536122016E-03 
1320	 2.94397761938056E-03 
1321	 2.80764840975309E-03 
1322	 3.01768644966585E-03 
1323	 3.25536287109998E-03 
1324	 3.09313983166096E-03 
1325	 3.10554321165928E-03 
1326	 3.08082185121555E-03 
1327	 2.68379734704824E-03 
1328	 3.13044092580258E-03 
1329	 3.63437053472583E-03 
1330	 3.60075094071095E-03 
1331	 3.60045449801975E-03 
1332	 2.87145809230617E-03 
1333	 2.03648998688958E-03 
1334	 1.99310282028139E-03 
1335	 2.07063485645829E-03 
1336	 3.03506172688633E-03 
1337	 3.03699149443685E-03 
1338	 2.48312925850764E-03 
1339	 2.59081297715354E-03 
1340	 2.69571469504117E-03 
1341	 2.84705182077252E-03 
1342	 4.07776608182736E-03 
1343	 4.4322488737836E-03 
1344	 3.07723464301285E-03 
1345	 3.05430253004562E-03 
1346	 4.94270245511902E-03 
1347	 4.99378783701579E-03 
1348	 2.53566503088839E-03 
1349	 2.78169765555423E-03 
1350	 6.67613188953976E-03 
1351	 5.24865856087753E-03 
1352	-5.84916420468233E-03 
1353	-3.25712663516344E-03 
1354	 1.43720637470639E-02 
1355	 2.17628888094855E-02 
1356	 3.39079748440279E-02 
1357	 9.43496668375928E-02 
1358	 0.130026979976416 
1359	 4.98645426681607E-02 
1360	 0.017295252177052 
1361	 0.129586102195797 
1362	 0.197671128635933 
1363	 0.186315359488735 
1364	 0.189981521120216 
1365	 0.12378333707849 
1366	 0.101194279517967 
1367	 0.173142708092378 
1368	 0.108250012484266 
1369	 7.94814064432663E-02 
1370	 0.148414496178215 
1371	 0.163239524863756 
1372	 2.50118972947526E-02 
1373	 1.73320049041278E-02 
1374	 5.53858877557156E-02 
1375	-0.176599951727462 
1376	-0.135160729351609 
1377	 0.363116324618038 
1378	 0.487356686080556 
1379	 0.355884770067377 
1380	 0.299398576029735 
1381	 3.93471131159949E-02 
1382	-3.86768244236856E-02 
1383	 2.84359299497652E-02 
1384	-7.48910322208616E-03 
1385	-3.31069660995834E-02 
1386	-3.12128361113317E-02 
1387	-8.09796031311368E-02 
1388	-0.176224608751298 
1389	-0.360887119925048 
1390	-0.279149042753423 
1391	-9.26856508617559E-02 
1392	 4.45535761587634E-02 
1393	 0.347379788933772 
1394	 0.344678544158731 
1395	 0.250230149629017 
1396	 0.311991882142135 
1397	 0.180886696440984 
1398	 0.052340985671406 
1399	 0.165386368374084 
1400	 0.268555372352567 
1401	 0.182700632940606 
1402	 0.26181745043761 
1403	 0.330682124549784 
1404	 0.149222626003512 
1405	 0.106250176275871 
1406	 0.464380452601261 
1407	 0.300955768044767 
1408	-0.18383377107625 
1409	-0.18476636844204 
1410	-6.30723143245321E-02 
1411	-4.00507832358932E-02 
1412	 6.63156099024094E-02 
1413	 8.52212186308575E-02 
1414	 1.79573922025531E-02 
1415	 2.06621296969555E-02 
1416	 6.71273966314011E-02 
1417	 5.43022744771887E-02 
1418	 1.89598309189686E-02 
1419	 1.17667727977249E-02 
1420	-3.77189550184749E-03 
1421	-0.021074681349937 
1422	-3.21703473289451E-02 
1423	-2.29094330620251E-02 
1424	-7.11840721297323E-03 
1425	-3.74918568894154E-03 
1426	 6.74820603499207E-03 
1427	 1.00684725922598E-02 
1428	-5.79504678289269E-03 
1429	-4.79255696943621E-03 
1430	 1.57062473698728E-02 
1431	 1.86779717951727E-02 
1432	 1.38424767653817E-02 
1433	 1.54147760821539E-02 
1434	 1.20788285563353E-02 
1435	 7.09501082542422E-03 
1436	 5.16003614510348E-03 
1437	 6.40749235111908E-03 
1438	 2.20769856678739E-03 
1439	 5.79251691968425E-03 
1440	 7.20234448307425E-03 
1441	 5.22104884404558E-03 
1442	 7.75522029868266E-03 
1443	 7.18212712686678E-03 
1444	 5.84093910120576E-03 
1445	 6.00985241217009E-03 
1446	 2.58667333022082E-03 
1447	 6.82816755838851E-05 
1448	-1.1706480668726E-04 
1449	 1.31959301772723E-03 
1450	 3.35726271209327E-03 
1451	 2.46015478214436E-04 
1452	-3.26521336433926E-03 
1453	-1.94264856100448E-03 
1454	-3.49078929325835E-04 
1455	 2.86394624101501E-03 
1456	 2.69799849461031E-03 
1457	 2.10426227408392E-03 
1458	 2.76059890406012E-03 
1459	 2.60428915111379E-03 
1460	 1.86269109656693E-03 
1461	 2.1116648818669E-03 
1462	 2.40087698045321E-03 
1463	 1.18564119393059E-03 
1464	 2.97913448439545E-04 
1465	 3.23088968468772E-04 
1466	 1.32738189820381E-03 
1467	 2.51442273680744E-03 
1468	 2.04524326474349E-03 
1469	 1.72048204814916E-03 
1470	 3.20496831290905E-03 
1471	 4.56127171345258E-03 
1472	 3.66433875947203E-03 
1473	 3.62071543028048E-03 
1474	 4.08846047038772E-03 
1475	 1.01152967555426E-03 
1476	 1.10130587270564E-03 
1477	 5.93644841977706E-03 
1478	 6.45979718181169E-03 
1479	 4.87821888735257E-03 
1480	 4.25491615830323E-03 
1481	 2.3349249344677E-03 
1482	 2.02348699396705E-03 
1483	 2.76367704851921E-03 
1484	 3.12979569123198E-03 
1485	 4.6698393190066E-03 
1486	 4.32873568068662E-03 
1487	 2.24692717068552E-03 
1488	 2.11685074115129E-03 
1489	 2.61017839641616E-03 
1490	 2.26069918550503E-03 
1491	 2.11944834345715E-03 
1492	 2.32877408820985E-03 
1493	 2.25728071653881E-03 
1494	 2.00971799649871E-03 
1495	 1.94603806613194E-03 
1496	 2.14688667449872E-03 
1497	 2.27143253213638E-03 
1498	 2.12419932431369E-03 
1499	 2.13951277684987E-03 
1500	 2.33275324214811E-03 
1501	 2.37777539410957E-03 
1502	 2.18848009991518E-03 
1503	 2.04167578153098E-03 
1504	 2.11008574043719E-03 
1505	 2.06647431005304E-03 
1506	 1.88658432628207E-03 
1507	 2.30869707512357E-03 
1508	 2.69061115902067E-03 
1509	 2.52034912007034E-03 
1510	 2.33082684566695E-03 
1511	 2.01950143869212E-03 
1512	 1.73415608039193E-03 
1513	 1.78542020575418E-03 
1514	 1.94371983455987E-03 
1515	 2.07702189048342E-03 
1516	 2.10286525963896E-03 
1517	 2.09443413625985E-03 
1518	 2.12346750653291E-03 
1519	 2.15022307918783E-03 
1520	 2.28835148005092E-03 
1521	 2.24353671672055E-03 
1522	 2.00486384674948E-03 
1523	 2.07590006958058E-03 
1524	 2.16693545165442E-03 
1525	 2.13777384709346E-03 
1526	 2.17075806699139E-03 
1527	 2.02645559526668E-03 
1528	 1.95828825328263E-03 
1529	 2.23564216072794E-03 
1530	 2.43505988169701E-03 
1531	 2.31984063923407E-03 
1532	 2.1371456292516E-03 
1533	 1.99051125168215E-03 
1534	 1.9614460414717E-03 
1535	 2.12398941479891E-03 
1536	 2.09928568650647E-03 
1537	 1.93454516850626E-03 
1538	 1.90716771591893E-03 
1539	 2.03923935653479E-03 
1540	 2.26713015191041E-03 
1541	 2.21838467332674E-03 
1542	 2.19019610003717E-03 
1543	 2.42587875480167E-03 
1544	 2.4129390575762E-03 
1545	 2.31351181734475E-03 
1546	 2.3151121762446E-03 
1547	 2.10843484014798E-03 
1548	 1.9601033422497E-03 
1549	 2.11946284169373E-03 
1550	 2.18028488798699E-03 
1551	 1.96810666646476E-03 
1552	 0.001799201425315 
1553	 2.00867318637378E-03 
1554	 2.34172087270042E-03 
1555	 2.29759913536452E-03 
1556	 2.18482784762693E-03 
1557	 2.17113997506508E-03 
1558	 1.98683939150967E-03 
1559	 1.83177794333977E-03 
1560	 2.0387466789371E-03 
1561	 2.3083451175939E-03 
1562	 2.20599951391153E-03 
1563	 2.14688143642001E-03 
1564	 2.23771181033944E-03 
1565	 1.97043436169584E-03 
1566	 1.70375941304262E-03 
1567	 1.91222901878167E-03 
1568	 2.09524161861429E-03 
1569	 1.9277285542476E-03 
1570	 1.85045533956052E-03 
1571	 1.96329954888905E-03 
1572	 1.91694996939935E-03 
1573	 1.8676460114521E-03 
1574	 1.84520851986368E-03 
1575	 1.70951615747182E-03 
1576	 1.6437512558359E-03 
1577	 1.76522164286356E-03 
1578	 2.00064977159644E-03 
1579	 1.91831608898036E-03 
1580	 1.59749027032381E-03 
1581	 1.62368646089485E-03 
1582	 1.81863152758656E-03 
1583	 1.91394160847109E-03 
1584	 2.13341483209451E-03 
1585	 2.29350775986619E-03 
1586	 2.09049398912818E-03 
1587	 1.85653157530864E-03 
1588	 1.81277013485112E-03 
1589	 1.83707548830647E-03 
1590	 2.00051825624088E-03 
1591	 2.0992918029205E-03 
1592	 2.0757023296847E-03 
1593	 2.15334795391897E-03 
1594	 2.12759907853966E-03 
1595	 2.09899999741121E-03 
1596	 2.21346915436291E-03 
1597	 2.24439316471436E-03 
1598	 2.15529685717517E-03 
1599	 2.07084216339696E-03 
1600	 2.1994377716298E-03 
1601	 2.49804423707474E-03 
1602	 2.45766280244002E-03 
1603	 2.03363867688228E-03 
1604	 2.01580067335351E-03 
1605	 2.11018780254469E-03 
1606	 1.87794012294963E-03 
1607	 2.09943407012121E-03 
1608	 2.30169073174121E-03 
1609	 1.95629269987264E-03 
1610	 1.88867512333818E-03 
1611	 1.96308842722748E-03 
1612	 1.87055885465149E-03 
1613	 1.98511356484214E-03 
1614	 2.06328972913852E-03 
1615	 2.01342925017443E-03 
1616	 2.02943181691743E-03 
1617	 2.01905455390482E-03 
1618	 2.09132018998648E-03 
1619	 2.1244013486331E-03 
1620	 2.03110244762802E-03 
1621	 2.16215274955889E-03 
1622	 2.25419485659172E-03 
1623	 2.09343172543579E-03 
1624	 2.02401388474234E-03 
1625	 1.97206884321135E-03 
1626	 1.9265358388459E-03 
1627	 1.9828121181836E-03 
1628	 1.99019540948541E-03 
1629	 1.94659868487735E-03 
1630	 1.93895939030499E-03 
1631	 1.97626890688085E-03 
1632	 2.09086202343298E-03 
1633	 2.14933330760674E-03 
1634	 1.96881070122016E-03 
1635	 1.96905438215164E-03 
1636	 2.14657497116758E-03 
1637	 2.12260516606749E-03 
1638	 2.1105004115783E-03 
1639	 2.12129381479689E-03 
1640	 2.32495642599239E-03 
1641	 2.65561897922532E-03 
1642	 2.51208895009382E-03 
1643	 2.21346188711723E-03 
1644	 2.27579665952664E-03 
1645	 2.31554724605483E-03 
1646	 2.25083822841576E-03 
1647	 2.33215648356091E-03 
1648	 2.20060971998763E-03 
1649	 1.88339739704978E-03 
1650	 1.9297208708038E-03 
1651	 2.27925102072106E-03 
1652	 2.27736139596894E-03 
1653	 2.1303654889146E-03 
1654	 2.18811893217222E-03 
1655	 1.81846392351359E-03 
1656	 1.77482974183696E-03 
1657	 2.34914439627323E-03 
1658	 2.50895657229663E-03 
1659	 2.43878832684682E-03 
1660	 2.51300298009207E-03 
1661	 2.6349070366635E-03 
1662	 2.56269855739665E-03 
1663	 2.37103357128816E-03 
1664	 2.3504519004856E-03 
1665	 2.07023330419649E-03 
1666	 2.02572017233493E-03 
1667	 2.59890314280886E-03 
1668	 2.35092083225525E-03 
1669	 2.06282285617968E-03 
1670	 2.33761696659267E-03 
1671	 2.49998758485523E-03 
1672	 2.35067088889319E-03 
1673	 1.9587091408394E-03 
1674	 1.83599696992541E-03 
1675	 2.03939669799515E-03 
1676	 2.05855776384055E-03 
1677	 2.19681862170619E-03 
1678	 2.21339745216078E-03 
1679	 1.78083125729964E-03 
1680	 1.56817331861403E-03 
1681	 1.77538054223434E-03 
1682	 2.05558030712699E-03 
1683	 2.04311685561634E-03 
1684	 1.90976191693684E-03 
1685	 1.97135182129117E-03 
1686	 2.11504894959571E-03 
1687	 2.1571595294436E-03 
1688	 2.27336943017619E-03 
1689	 2.44496120389713E-03 
1690	 2.37203003783173E-03 
1691	 2.16040800780201E-03 
1692	 1.64861951118242E-03 
1693	 1.40725242275994E-03 
1694	 1.72458824663898E-03 
1695	 1.89873611506195E-03 
1696	 2.05487263325324E-03 
1697	 2.2475348354578E-03 
1698	 2.18639733191374E-03 
1699	 2.08320727768353E-03 
1700	 2.35355642029826E-03 
1701	 2.21883745869992E-03 
1702	 1.90249754820625E-03 
1703	 2.37762280144822E-03 
1704	 2.38728193886976E-03 
1705	 2.08375983764817E-03 
1706	 2.29383216731639E-03 
1707	 1.88112142383387E-03 
1708	 1.28504812626643E-03 
1709	 1.82230750613688E-03 
1710	 2.30184666121149E-03 
1711	 1.87161986666916E-03 
1712	 1.91741694223412E-03 
1713	 2.19840864002006E-03 
1714	 2.20341883872268E-03 
1715	 2.55568437027963E-03 
1716	 2.33742749576131E-03 
1717	 1.94210336196635E-03 
1718	 2.29310960378114E-03 
1719	 2.31125034485865E-03 
1720	 1.82707843986469E-03 
1721	 1.74462564341858E-03 
1722	 1.62800278465156E-03 
1723	 1.33701818325547E-03 
1724	 1.67665241590887E-03 
1725	 2.53051490803484E-03 
1726	 2.49684167477444E-03 
1727	 1.68132530811477E-03 
1728	 1.57186226853536E-03 
1729	 1.62443989721562E-03 
1730	 1.61623987214457E-03 
1731	 2.29701116062234E-03 
1732	 2.24607789423582E-03 
1733	 1.33478731778855E-03 
1734	 1.33126498254004E-03 
1735	 1.87239349094981E-03 
1736	 2.06322475682479E-03 
1737	 2.34583468402352E-03 
1738	 2.4051032827283E-03 
1739	 1.95608062917616E-03 
1740	 2.1399480758618E-03 
1741	 2.29151062480997E-03 
1742	 1.81328513186878E-03 
1743	 1.73219510740217E-03 
1744	 1.54175588726685E-03 
1745	 1.60598954512262E-03 
1746	 1.98985722689411E-03 
1747	 2.0953216605675E-03 
1748	 2.3836420668316E-03 
1749	 2.22580840029069E-03 
1750	 1.54291945925576E-03 
1751	 1.47659367721381E-03 
1752	 1.57659271789822E-03 
1753	 1.53518963308652E-03 
1754	 1.6648576499288E-03 
1755	 1.85657540141385E-03 
1756	 1.85246495860691E-03 
1757	 2.01049570609912E-03 
1758	 2.43887261488699E-03 
1759	 2.19718690193977E-03 
1760	 1.98400156017439E-03 
1761	 0.002175818614622 
1762	 2.01050139014209E-03 
1763	 2.05305313568797E-03 
1764	 1.79482895396395E-03 
1765	 1.26971007928608E-03 
1766	 1.77807963126029E-03 
1767	 2.26475573120113E-03 
1768	 1.97882059337599E-03 
1769	 1.38606296757198E-03 
1770	 6.05915627504829E-04 
1771	 6.07737229131644E-04 
1772	 1.17328850534242E-03 
1773	 1.52343075281248E-03 
1774	 1.80817156603453E-03 
1775	 9.19035133762067E-04 
1776	 1.07135242043825E-03 
1777	 2.75369408147978E-03 
1778	 3.31937106303471E-03 
1779	 3.81929426544346E-03 
1780	 4.11602145572376E-03 
1781	 3.29197732953463E-03 
1782	 2.89128686901227E-03 
1783	 2.5887065296439E-03 
1784	 2.74931243385198E-03 
1785	 3.45589608323821E-03 
1786	 4.08911157826602E-03 
1787	 5.06187028157591E-03 
1788	 5.04785732293956E-03 
1789	 3.96952863718477E-03 
1790	 4.08357807178625E-03 
1791	 5.8842384607339E-03 
1792	 6.63974485924072E-03 
1793	 5.48479717190897E-03 
1794	 5.74660145213498E-03 
1795	 4.58718100937617E-03 
1796	 7.61419775735621E-03 
1797	 1.45957119827472E-02 
1798	 1.11352388172626E-02 
1799	 9.93445543477675E-03 
1800	 5.22418232028983E-03 
1801	-4.93684192106797E-04 
1802	 1.17240538955421E-03 
1803	-1.45943140023799E-03 
1804	-1.90677361152979E-02 
1805	-2.37936634022473E-02 
1806	 1.57269460684994E-03 
1807	-4.22748309342599E-03 
1808	-3.94582685256374E-02 
1809	-6.29597512576299E-02 
1810	-0.137341839175881 
1811	-0.194660070414996 
1812	-0.147577988935477 
1813	-0.128199197089923 
1814	-0.131567656605234 
1815	-0.11259234660581 
1816	 1.05784803197489E-02 
1817	-0.157550982984546 
1818	-0.172353663150831 
1819	-0.463591818449304 
1820	-0.572160052057635 
1821	 0.391913670946329 
1822	 0.609650052229306 
1823	 0.481089318142164 
1824	 0.443923025536385 
1825	-0.656157323830082 
1826	-1.12054473240343 
1827	-1.88793699258331 
1828	-1.80050648847729 
1829	 0.416143688931631 
1830	 0.434611759208498 
1831	-1.61058515516021 
1832	-2.80543480495081 
1833	 5.42842509791309 
1834	-88.467868731251 
1835	-1.97744225963083 
1836	-2.13595729637751 
1837	-1.71893321105946 
1838	-1.46962366483386 
1839	-3.84627339765199 
1840	 9.07728842483971 
1841	 0.378652363207847 
1842	-1.47603787771946 
1843	-1.51390513754008 
1844	 0.857542643649158 
1845	 1.32782011241634 
1846	 3155.69657386334 
1847	-6.44347553353548 
1848	 7.02993828223752 
1849	-1.72428396456002 
1850	-3.24520342198573 
1851	-1.15251658421896 
1852	-0.28036696409623 
1853	 6.04793328739866E-02 
1854	 6.06380275750086E-02 
1855	 6.40212640630554E-03 
1856	 1.44502008212749 
1857	-20.4842417807651 
1858	-8.45758627489649 
1859	-66.8208988228832 
1860	-22.9237921830126 
1861	-11.7144378367796 
1862	-2.00082376338846 
1863	-0.705331091980323 
1864	-0.518312110643833 
1865	-8.85813625956709E-02 
1866	-0.323822358090543 
1867	-5.04704207434159E-02 
1868	 0.369288257957605 
1869	 0.500019542843036 
1870	 1.06305477958233 
1871	-2.20785055843498 
1872	-1.07737358039115 
1873	-0.819952602322919 
1874	-0.913823350441797 
1875	 0.819992767841472 
1876	 1.26113625889755 
1877	-0.562548405335842 
1878	-0.521769857170348 
1879	-1.31694237295014 
1880	-1.47610645915508 
1881	 6.18028211777537 
1882	 1.43621298948012 
1883	 3.61716875957846 
1884	-13.9624635638818 
1885	-7.27164398391992 
1886	-9.95771661880381 
1887	 0.41254388753149 
1888	-0.325408841777611 
1889	-0.502709739203751 
1890	-0.308548368185283 
1891	-0.196324142958731 
1892	-2.57086716584952 
1893	-0.69022513654457 
1894	-1.11521180934264 
1895	-0.838450298380758 
1896	 1.10497889601231 
1897	 0.813120514822322 
1898	 2.60407435508495 
1899	-22.0549568239545 
1900	-8.66134929068093 
1901	-5.24268324785443 
1902	-4.21326795779113 
1903	-1.1144897612629 
1904	-1.50946103038477 
1905	-2.40188011967696 
1906	-7.71489615949051 
1907	-582.088272220121 
1908	 4.87609991501623 
1909	 0.97950214957965 
1910	 5.95107584254592 
1911	-0.17684718198532 
1912	-0.723060022688182 
1913	-0.731983866687338 
1914	-0.597251716956223 
1915	-0.537082574423559 
1916	-0.418374760647358 
1917	-0.465909553882165 
1918	-0.727898735291649 
1919	-18.2519476631157 
1920	-23.6760111848031 
1921	-1.42148182516318 
1922	-1.48780711689184 
1923	-0.827038923464381 
1924	-0.702816040503763 
1925	-0.785067902028334 
1926	-0.9722493859488 
1927	-0.929836497956667 
1928	-3.23816492884398 
1929	 2.70798605535823 
1930	 3.05608548293434 
1931	 1.98367097952637 
1932	 0.800025300824526 
1933	 0.716483829965596 
1934	 0.240197036335454 
1935	 0.146829965835621 
1936	 0.297159214393081 
1937	 0.319097086344504 
1938	 0.298524498741208 
1939	 0.269420622856814 
1940	 0.200475364435164 
1941	 0.131424882586849 
1942	 0.150677195567876 
1943	 0.156422605728172 
1944	 0.141450040481138 
1945	 0.104084377778707 
1946	 2.13435798122977E-02 
1947	-3.01476763196339E-02 
1948	-3.53700039593789E-02 
1949	-2.26511881682848E-02 
1950	-2.23444871739816E-02 
1951	-2.42358810273514E-02 
1952	-1.58994319415614E-02 
1953	-5.05291130508884E-03 
1954	-0.021727884044664 
1955	-1.33929233660113E-02 
1956	 2.33295365690887E-02 
1957	 3.22155146455664E-02 
1958	 2.51564284925252E-02 
1959	 1.92881238057763E-02 
1960	 1.29875545202748E-02 
1961	 2.8032139663418E-03 
1962	-3.97552347472544E-03 
1963	-6.27470464305233E-03 
1964	-4.34646349606186E-03 
1965	 4.84229970730691E-04 
1966	 3.04281682779536E-03 
1967	 7.46901098929375E-03 
1968	 1.18292149624612E-02 
1969	 1.11107216111243E-02 
1970	 7.33814654731354E-03 
1971	 5.65443145359345E-03 
1972	 4.62524909205387E-03 
1973	 3.13973630232736E-03 
1974	 3.2851003516494E-03 
1975	 4.76642131034358E-03 
1976	 3.67220488032537E-03 
1977	 3.20934591885036E-03 
1978	 3.61082133093895E-03 
1979	 3.74848834151231E-03 
1980	 3.48216544786518E-03 
1981	 4.78824364514823E-03 
1982	 4.50400607340189E-03 
1983	 3.85155617440653E-03 
1984	 4.2356781883615E-03 
1985	 3.00904558415461E-03 
1986	 2.23993836986231E-03 
1987	 2.38045680797358E-03 
1988	 9.50348262200906E-04 
1989	-4.13358030443304E-04 
1990	 5.68147955484909E-04 
1991	 2.69695333082999E-03 
1992	 4.8443079556863E-03 
1993	 5.54183291167987E-03 
1994	 5.67124945700491E-03 
1995	 4.20511379972688E-03 
1996	 2.1390479266733E-03 
1997	 1.23473921892879E-03 
1998	 3.73111656567781E-03 
1999	 6.70289621807835E-03 
2000	 8.05954841853294E-03 
2001	 8.84423854932496E-03 
2002	 6.74251110356342E-03 
2003	 2.98031587388771E-03 
2004	 3.35084131008202E-03 
2005	 3.11416852751064E-03 
2006	-4.15595362247087E-05 
2007	 2.08658213840975E-03 
2008	 1.4291594202748E-03 
2009	 5.17162810801891E-04 
2010	-7.03665280291046E-04 
2011	 7.71754923611445E-04 
2012	 3.70830242216956E-03 
2013	 2.99296790163514E-03 
2014	 2.46012570534914E-03 
2015	 1.10399848850595E-03 
2016	 9.08881486716968E-04 
2017	 2.90860853547376E-03 
2018	 5.88663742631175E-03 
2019	 5.76903034324726E-03 
2020	 3.68151301670496E-03 
2021	 3.92393796842976E-03 
2022	 4.74914025085246E-03 
2023	 5.77004699719044E-03 
2024	 5.40839465080702E-03 
2025	 3.56578284160484E-03 
2026	 2.69046331659503E-03 
2027	 1.1211806278232E-03 
2028	 1.57122446864322E-03 
2029	 1.99058295964792E-03 
2030	 2.72650308707237E-03 
2031	 2.88773445551438E-03 
2032	 1.50340792582466E-03 
2033	 8.29009491334469E-04 
2034	 1.87140209269156E-03 
2035	 2.23129919774774E-03 
2036	 1.42839782877203E-03 
2037	 9.94682448507107E-04 
2038	 7.54516035522822E-05 
2039	 9.78547197232535E-05 
2040	 1.83755434418122E-03 
2041	 2.25623823865409E-03 
2042	 2.11053991797454E-03 
2043	 2.24913134763203E-03 
2044	 0.002106118678897 
2045	 1.29388071847864E-03 
2046	 1.06333512129012E-03 
2047	 1.37940166634101E-03 
2048	 1.26646545789911E-03 
2049	 6.25134542865294E-04 
2050	 4.72994748003029E-04 
2051	 1.51511521338004E-03 
2052	 2.06611985683473E-03 
2053	 1.71936866917706E-03 
2054	 1.70728502646502E-03 
2055	 1.77770718533865E-03 
2056	 1.61027648767005E-03 
2057	 8.77743994855298E-04 
2058	 9.32658300188215E-04 
2059	 1.60789138036969E-03 
2060	 1.80302471189915E-03 
2061	 1.78189566181435E-03 
2062	 2.45945403618811E-03 
2063	 3.27301800347431E-03 
2064	 2.72844073430343E-03 
2065	 2.04863510592224E-03 
2066	 2.35724893940462E-03 
2067	 2.02502659352464E-03 
2068	 8.18726471401818E-04 
2069	 6.57247102055662E-04 
2070	 1.39060656960761E-03 
2071	 2.14066055314365E-03 
2072	 2.72145513586714E-03 
2073	 2.58239144183249E-03 
2074	 1.37832499686591E-03 
2075	 1.24374551366631E-03 
2076	 1.24872962164882E-03 
2077	 1.19597451929325E-03 
2078	 1.9362497377249E-03 
2079	 2.0861460436845E-03 
2080	 1.54020460212679E-03 
2081	 1.32059186440845E-03 
2082	 1.70477462155645E-03 
2083	 1.61066613322195E-03 
2084	 1.64554725464402E-03 
2085	 1.22995884482956E-03 
2086	 5.96777496952192E-04 
2087	 5.14934341446148E-04 
2088	 3.97164040985152E-04 
2089	 4.81357519950223E-04 
2090	 1.4102478951105E-03 
2091	 1.67553845495887E-03 
2092	 1.56251322511265E-03 
2093	 1.07529572709717E-03 
2094	 1.20623890511807E-03 
2095	 1.10616049344712E-03 
2096	 1.22181805312265E-03 
2097	 1.75115213346342E-03 
2098	 2.12666217897354E-03 
2099	 2.60661604852059E-03 
2100	 2.58663136212604E-03 
2101	 1.86200159349287E-03 
2102	 2.50300709816897E-03 
2103	 2.84078395428159E-03 
2104	 0.00206736490748 
2105	 1.98673628313122E-03 
2106	 0.001486076015175 
2107	 9.20129790966259E-05 
2108	 4.08305520065223E-04 
2109	 1.41050256809716E-03 
2110	 1.12924341163985E-03 
2111	 1.19854936613737E-03 
2112	 1.28426573596571E-03 
2113	 1.24209552381764E-03 
2114	 1.09628072415662E-03 
2115	 1.26668905815354E-03 
2116	 1.4411587814082E-03 
2117	 1.55014188619683E-03 
2118	 1.60022587135159E-03 
2119	 1.74909396432535E-03 
2120	 2.07304239093047E-03 
2121	 2.36702701611832E-03 
2122	 2.31857713844693E-03 
2123	 2.81100658430123E-03 
2124	 2.40454097768131E-03 
2125	 1.90659926650391E-03 
2126	 1.55653417578049E-03 
2127	 1.44095808294843E-03 
2128	 2.0477807651514E-03 
2129	 2.13534199232266E-03 
2130	 2.35150917797509E-03 
2131	 2.34206547843279E-03 
2132	 1.79338258551649E-03 
2133	 1.52035212387998E-03 
2134	 1.22262997770394E-03 
2135	 3.93871098258835E-04 
2136	 6.03086443938409E-04 
2137	 1.67814717863403E-03 
2138	 1.93701374860993E-03 
2139	 2.94990128514485E-03 
2140	 3.0165303025268E-03 
2141	 1.54223812675779E-03 
2142	 1.12413469415082E-03 
2143	 9.56361674769651E-04 
2144	 5.58196939931231E-04 
2145	 9.80914197956818E-04 
2146	 2.4005495319323E-03 
2147	 3.25259069719544E-03 
2148	 3.07095362818572E-03 
2149	 2.72589535173215E-03 
2150	 1.73604038039493E-03 
2151	 8.71195981499132E-04 
2152	 5.46541029697905E-04 
2153	 6.66461968440791E-04 
2154	 1.02013113356063E-03 
2155	 5.63582684018336E-04 
2156	-6.35415700357495E-04 
2157	-9.16245668897273E-04 
2158	-1.71049591000123E-03 
2159	-1.5279230347502E-03 
2160	 4.67568256602613E-04 
2161	 1.40002371493457E-03 
2162	 1.89583991238765E-03 
2163	 2.33506381814158E-03 
2164	 2.48696347032173E-03 
2165	 2.50816116292497E-03 
2166	 2.68663855250066E-03 
2167	 2.62793240158448E-03 
2168	 1.81813737112891E-03 
2169	 1.54746654151981E-03 
2170	 1.61997774640903E-03 
2171	 1.18552457227179E-03 
2172	 1.19457590802706E-03 
2173	 2.58975799641927E-03 
2174	 2.50082005525366E-03 
2175	 1.5576481847942E-03 
2176	 1.7734902720441E-03 
2177	 2.03027075476267E-03 
2178	 2.7772792727915E-03 
2179	 4.91677135971364E-03 
2180	 5.45769271178939E-03 
2181	 3.68435812618644E-03 
2182	 2.11764310978261E-03 
2183	 1.17379847348685E-03 
2184	 1.57179346475287E-03 
2185	 3.04529254675788E-03 
2186	 3.09195877624798E-03 
2187	 3.27492820011135E-03 
2188	 2.94911724247122E-03 
2189	 4.13737102351497E-04 
2190	-6.46755342288561E-05 
2191	 1.31455903771852E-03 
2192	 1.24490563016035E-03 
2193	 1.15199518171435E-03 
2194	 1.17706187080494E-03 
2195	 3.52240844374922E-04 
2196	-8.70067255520158E-06 
2197	-2.43891735254797E-04 
2198	-9.37340177511847E-05 
2199	 6.93305705555884E-04 
2200	 9.64654976133414E-04 
2201	 4.4272346937782E-04 
2202	 8.29162935076974E-04 
2203	-4.68212889688949E-04 
2204	-1.02598874666024E-03 
2205	-5.45126532756147E-04 
2206	-1.11817794597167E-03 
2207	-6.08311011213213E-04 
2208	-1.89616695899846E-05 
2209	 1.29415770666244E-03 
2210	 2.90527750565733E-03 
2211	 3.24765013867724E-03 
2212	 3.70997558710595E-03 
2213	 3.8452869893546E-03 
2214	 2.41013888814841E-03 
2215	 1.33682517819995E-03 
2216	 1.4972357863626E-03 
2217	 1.37060050575576E-03 
2218	 1.92769734293417E-03 
2219	 1.39289655270265E-03 
2220	-8.02155442445133E-04 
2221	-1.3985483702426E-05 
2222	 2.65256862022928E-03 
2223	 2.25728889689847E-03 
2224	 2.32302531494052E-03 
2225	 2.34714625916414E-03 
2226	-1.04389778518851E-03 
2227	-1.25038509929417E-03 
2228	 2.36364761202414E-03 
2229	 3.19217995600858E-03 
2230	 3.00925438795894E-03 
2231	 2.77898029915928E-03 
2232	 1.27892274096421E-03 
2233	 1.21665967981676E-03 
2234	 1.80264037900675E-03 
2235	 2.06925391925266E-03 
2236	 3.77432876766347E-03 
2237	 2.93664160779607E-03 
2238	 8.17525766061675E-04 
2239	 3.689909267635E-04 
2240	 6.41740487861273E-04 
2241	 2.12292483904697E-03 
2242	 2.84855547027651E-03 
2243	 3.54331009067652E-03 
2244	 3.51460094176539E-03 
2245	 7.68276747001011E-04 
2246	-1.43318607430852E-04 
2247	 6.76972203656125E-04 
2248	-9.77548221641959E-05 
2249	 7.74204126141881E-04 
2250	 2.94055426076849E-03 
2251	 2.03374828867452E-03 
2252	-2.87404021450331E-04 
2253	-1.57717768002742E-03 
2254	-1.42374603064231E-03 
2255	-1.13228052268021E-04 
2256	 2.5460373247502E-03 
2257	 4.76521716456588E-03 
2258	 4.57950212069168E-03 
2259	 3.98360039671921E-03 
2260	 3.4125481377099E-03 
2261	 2.71942124106918E-03 
2262	 6.70547604908476E-04 
2263	-3.03764810934004E-03 
2264	-4.10033184343196E-03 
2265	-5.74063389832365E-03 
2266	-4.86812097697884E-03 
2267	 6.35712980190994E-05 
2268	 1.27064862032246E-03 
2269	 1.5214866216908E-03 
2270	 2.12975069272111E-03 
2271	 1.37933779268607E-03 
2272	 2.23044604079059E-03 
2273	 4.97910831675509E-03 
2274	 5.47377445661576E-03 
2275	 4.71125732070563E-03 
2276	 4.77230503061212E-03 
2277	 3.95741610463632E-03 
2278	 4.16647120419504E-03 
2279	 5.60211189828837E-03 
2280	 6.36939156620249E-03 
2281	 7.34193555129575E-03 
2282	 7.47909044504609E-03 
2283	 7.48049531604021E-03 
2284	 6.96638059763047E-03 
2285	 6.38588003467395E-03 
2286	 5.75020028126391E-03 
2287	 6.8543393556404E-03 
2288	 8.71664174707826E-03 
2289	 8.82196610472932E-03 
2290	 7.72745621526504E-03 
2291	 5.06579609568059E-03 
2292	 3.12108984185715E-03 
2293	 1.19469688371312E-03 
2294	 1.72914905832858E-03 
2295	 1.33843875017306E-03 
2296	-1.29386552641149E-03 
2297	-3.65316576995909E-04 
2298	-2.81307852863247E-04 
2299	-6.61567517078987E-04 
2300	 1.41519113554523E-03 
2301	 1.95942475507755E-03 
2302	 6.64842037565496E-04 
2303	 1.77395860926668E-03 
2304	 1.22804411871304E-03 
2305	-1.95775632185511E-03 
2306	-4.70990218808934E-03 
2307	-7.56532621195429E-03 
2308	-6.99927511184186E-03 
2309	-2.60131727361355E-03 
2310	 1.46121054122366E-03 
2311	 4.49865083922139E-03 
2312	 3.65382252347502E-03 
2313	 1.07050302183686E-03 
2314	 1.92158413913814E-03 
2315	-1.11950447061497E-04 
2316	 2.12330761319985E-03 
2317	 6.65527477838546E-03 
2318	 1.36994057120219E-03 
2319	 2.86595653153034E-03 
2320	 7.22943473334186E-03 
2321	 4.66969488937846E-03 
2322	 8.35154397335757E-03 
2323	 9.92035786220186E-03 
2324	 4.86769725704274E-03 
2325	 3.24086411430567E-03 
2326	 5.50956684446486E-03 
2327	 1.00567807238284E-02 
2328	 1.19433105454653E-02 
2329	 1.09334676712251E-02 
2330	 1.46348247151549E-02 
2331	 1.75477595011025E-02 
2332	 1.42693605965524E-02 
2333	 0.015192436305831 
2334	 1.50583173838204E-02 
2335	 1.11245411697394E-02 
2336	 1.41494694689214E-02 
2337	 0.01164092772233 
2338	 1.97959698548322E-03 
2339	-9.01158488949251E-04 
2340	-2.83178139949603E-03 
2341	-4.75800748039048E-03 
2342	-1.30428088350008E-03 
2343	-4.39637898912925E-03 
2344	-1.10036281077648E-02 
2345	-5.4814111975215E-03 
2346	 3.72335717102719E-03 
2347	 1.20901032288248E-02 
2348	 2.01643151530042E-02 
2349	 2.01081422628193E-02 
2350	 1.64649312800573E-02 
2351	 1.33470181199638E-02 
2352	 4.83570780177627E-03 
2353	-4.03374855772198E-03 
2354	-8.2612891747379E-03 
2355	-1.12626844768217E-02 
2356	-1.26552166590514E-02 
2357	-1.60555736050755E-02 
2358	-1.70111688678943E-02 
2359	-1.51285415739607E-02 
2360	-1.63078069139868E-02 
2361	-1.27588120669366E-02 
2362	-2.94729711886317E-03 
2363	 6.65800075412121E-03 
2364	 9.53189964576328E-03 
2365	 7.3834292924111E-03 
2366	 6.83431218824148E-03 
2367	-1.81065319445628E-03 
2368	-1.15120313908673E-02 
2369	 2.7414980425865E-03 
2370	 1.13213381787817E-02 
2371	-3.46900425233497E-04 
2372	 2.1075014924476E-03 
2373	 5.98858354673131E-04 
2374	 5.87240544902005E-04 
2375	 1.05303406962099E-02 
2376	 1.08468003796646E-02 
2377	 1.86705602715345E-02 
2378	 2.56526837771747E-02 
2379	 2.71329735452772E-02 
2380	 4.34140829072063E-02 
2381	 0.076020877054117 
2382	 7.95507834676813E-02 
2383	 4.93008123475976E-02 
2384	 2.76076134871406E-02 
2385	-1.31181730109964E-02 
2386	-4.73419456296731E-02 
2387	-5.29530057405107E-02 
2388	-3.58855009583931E-02 
2389	 1.16556600944252E-02 
2390	 1.54057341170206E-02 
2391	 1.80146257498192E-02 
2392	 5.31581297043859E-02 
2393	 2.64320699353781E-02 
2394	 7.54285827998788E-03 
2395	 2.22751997589514E-02 
2396	-3.54652241879476E-03 
2397	-2.17367883486063E-02 
2398	-1.09544058157847E-02 
2399	-8.68814432836482E-03 
2400	-4.99764035672475E-02 
2401	-0.108849831512761 
2402	-0.13038393070488 
2403	-0.132809971568763 
2404	-9.19395287919812E-02 
2405	-5.22815165601419E-02 
2406	-6.43796209630339E-02 
2407	-7.27452593010575E-02 
2408	-8.02500854824083E-02 
2409	-0.059882271549778 
2410	-8.77836017439091E-03 
2411	 1.24790303255317E-02 
2412	 3.10362003924922E-02 
2413	 5.47002517450657E-02 
2414	 2.09644719747256E-02 
2415	-0.126240924891541 
2416	-0.159950528806095 
2417	-0.151058662590329 
2418	-0.205530262858823 
2419	-0.139482968140464 
2420	-0.116939644943705 
2421	-0.182848990793422 
2422	-8.93456831736819E-02 
2423	 5.44209633777798E-02 
2424	 0.154361874575108 
2425	 0.260596944858668 
2426	 0.307270429968225 
2427	 0.240429736021632 
2428	 0.145051592520003 
2429	 9.28614340926096E-02 
2430	 1.50773337383674E-02 
2431	 2.25450889421399E-02 
2432	 0.106038121613791 
2433	 5.16638013835223E-02 
2434	 3.65474203298157E-02 
2435	 4.49069093052679E-02 
2436	 0.005850111083471 
2437	 5.68573186041057E-02 
2438	 0.197984466781779 
2439	 0.213543138757485 
2440	 0.131092923113147 
2441	 0.11438876843138 
2442	 8.43352843669995E-02 
2443	-6.77548004772841E-03 
2444	-0.231187549257976 
2445	-0.435970361147992 
2446	-0.422495561010937 
2447	-1.16495929171058 
2448	 0.90938635281288 
2449	-0.656853234571082 
2450	-9.97533318400707E-02 
2451	 1.86040085552304 
2452	 2.21738889900754 
2453	 2.8650967859616 
2454	-43.4274858993992 
2455	-0.55503381380673 
2456	-0.812045202868112 
2457	-0.831585670024144 
2458	-0.83611700612859 
2459	-0.990689535049904 
2460	-0.868056964583381 
2461	-0.500863171771864 
2462	-0.153730945970527 
2463	 0.236797849211138 
2464	 0.420338361403091 
2465	 0.690161696188291 
2466	 5.99817399395255 
2467	-7.94912029278824 
2468	 11.1143032940638 
2469	 67.4179580608573 
2470	 2.03572218520137 
2471	 2.34085651360184 
2472	 1.34084476305438 
2473	 0.938169581590625 
2474	 0.701964703011947 
2475	 1.21675939097737 
2476	 0.746668584065946 
2477	 0.79205959886189 
2478	 1.0372663289533 
2479	 0.516158333161232 
2480	 0.678768363809457 
2481	 0.480137649086579 
2482	-0.201646468113761 
2483	 0.142465547136486 
2484	 0.305995432244867 
2485	 7.40776345016188E-02 
2486	 1.31966257255316E-03 
2487	 7.38557298279136E-02 
2488	-7.43410817982356E-02 
2489	 0.020269049710318 
2490	 0.228101345161767 
2491	 0.208939075700574 
2492	 0.110368667752681 
2493	 0.267371008628613 
2494	 1.00169923306583 
2495	 0.780684579499335 
2496	 0.742279214906133 
2497	 1.21324580563425 
2498	 1.50422579980098 
2499	 3.71210292685468 
2500	-1.29930983212068 
