Wavelength	rt0726close200009.asd
350	 4.89976217124371E-02 
351	 4.86730237456008E-02 
352	 4.89231769664827E-02 
353	 0.04896256141379 
354	 0.048531641827749 
355	 4.87713035169097E-02 
356	 4.91852317385208E-02 
357	 4.91798390210601E-02 
358	 4.86441315361666E-02 
359	 4.96819427750951E-02 
360	 4.96721290375156E-02 
361	 4.88255466817756E-02 
362	 4.91508858473345E-02 
363	 4.91273206646171E-02 
364	 4.90091634155101E-02 
365	 0.049105567930804 
366	 4.95091583003712E-02 
367	 4.90421360137866E-02 
368	 4.89024204090657E-02 
369	 4.99297362544836E-02 
370	 4.93764855813493E-02 
371	 4.94205438033901E-02 
372	 4.98435172733178E-02 
373	 4.92667419764636E-02 
374	 4.95676188090794E-02 
375	 4.98355407854351E-02 
376	 4.97007068954877E-02 
377	 4.99084417163376E-02 
378	 0.049614859479773 
379	 4.95230232102079E-02 
380	 5.00975894261573E-02 
381	 4.99335465487662E-02 
382	 5.00537777250155E-02 
383	 5.01391075041273E-02 
384	 4.95955194583337E-02 
385	 5.06759643083083E-02 
386	 5.13589337418535E-02 
387	 0.050868965740497 
388	 5.02368302213314E-02 
389	 5.08571074048255E-02 
390	 5.14671759036476E-02 
391	 5.11868700303642E-02 
392	 5.13893589768383E-02 
393	 5.14502110543628E-02 
394	 5.14740840530311E-02 
395	 5.16981555829645E-02 
396	 5.15998267003367E-02 
397	 5.17211850052142E-02 
398	 5.20130608516452E-02 
399	 5.19289353272302E-02 
400	 5.22761969078907E-02 
401	 5.25370958648803E-02 
402	 5.23611854727578E-02 
403	 5.21422470582354E-02 
404	 5.22420433167514E-02 
405	 5.25202835526799E-02 
406	 5.26867114529324E-02 
407	 0.052920007482408 
408	 5.29498929649407E-02 
409	 5.28440118393536E-02 
410	 5.29974878477664E-02 
411	 5.32320197115266E-02 
412	 5.33651574850662E-02 
413	 5.33711846779387E-02 
414	 5.35839305710945E-02 
415	 5.39030834699312E-02 
416	 5.40715253262314E-02 
417	 5.39093341135491E-02 
418	 5.40984206804282E-02 
419	 5.43286162430978E-02 
420	 0.054497192325958 
421	 5.47917672142982E-02 
422	 5.48874165795799E-02 
423	 5.49423314649046E-02 
424	 5.51515164270213E-02 
425	 5.55515674393992E-02 
426	 5.57884861029558E-02 
427	 5.59226364093412E-02 
428	 5.61932941518719E-02 
429	 5.64673627428822E-02 
430	 5.68248739345957E-02 
431	 5.71983836151532E-02 
432	 5.73397418971695E-02 
433	 5.74663653658476E-02 
434	 5.77337456267088E-02 
435	 5.81727591240005E-02 
436	 5.85280519245892E-02 
437	 5.88512947625598E-02 
438	 0.05910062145481 
439	 0.059229078953669 
440	 5.95681437740737E-02 
441	 5.99835924989782E-02 
442	 0.060331421327503 
443	 6.05342421686598E-02 
444	 6.07077168463682E-02 
445	 6.09852751700075E-02 
446	 6.13991731972554E-02 
447	 6.16001423022741E-02 
448	 6.18207179282773E-02 
449	 6.20871752834145E-02 
450	 6.22772735743238E-02 
451	 6.25271283916912E-02 
452	 6.26454140651384E-02 
453	 6.26326194453165E-02 
454	 6.29933528985986E-02 
455	 6.30916235542015E-02 
456	 6.31424059546007E-02 
457	 6.35131225092662E-02 
458	 0.063647044530786 
459	 6.36682273354932E-02 
460	 6.37013357859344E-02 
461	 6.38312456288422E-02 
462	 6.40192214300326E-02 
463	 6.42531104053417E-02 
464	 0.064476641219851 
465	 0.064483388398102 
466	 6.45875368188789E-02 
467	 0.064835974694316 
468	 6.51002922164844E-02 
469	 6.50644651437651E-02 
470	 0.065163106021409 
471	 6.54832692800926E-02 
472	 6.55605281871762E-02 
473	 6.57303676277319E-02 
474	 6.58945947005297E-02 
475	 0.065951290228583 
476	 6.61775236433899E-02 
477	 6.64600580997343E-02 
478	 6.66675155277562E-02 
479	 6.67080821454286E-02 
480	 6.70284351704078E-02 
481	 6.73472974235538E-02 
482	 6.74743041690784E-02 
483	 0.067579107787198 
484	 6.79343069659112E-02 
485	 6.83615700671329E-02 
486	 6.85713139804078E-02 
487	 0.068730037203524 
488	 6.90029958636769E-02 
489	 6.93813391100787E-02 
490	 6.96971522911681E-02 
491	 7.00062886428574E-02 
492	 0.070314375726309 
493	 7.06408024762244E-02 
494	 7.10790175663367E-02 
495	 7.14624604640362E-02 
496	 7.17904894337923E-02 
497	 7.21571057662106E-02 
498	 7.26569655263022E-02 
499	 7.30690340001057E-02 
500	 7.33806825750098E-02 
501	 7.39486224691296E-02 
502	 0.074397079581407 
503	 7.47882303955559E-02 
504	 7.52660113742081E-02 
505	 7.57585011641163E-02 
506	 7.62563214858037E-02 
507	 7.67607217071168E-02 
508	 0.07727247325449 
509	 0.077648876321864 
510	 7.81449959427638E-02 
511	 0.078838755826124 
512	 7.92452496499362E-02 
513	 7.97315093292627E-02 
514	 8.03716863757837E-02 
515	 8.10712905380073E-02 
516	 8.15111694619893E-02 
517	 8.20646781709104E-02 
518	 8.27991029074103E-02 
519	 8.33375259239885E-02 
520	 8.38365084910638E-02 
521	 8.44231010576483E-02 
522	 8.51435193642478E-02 
523	 8.57979575222311E-02 
524	 8.63188637721127E-02 
525	 8.68635918138946E-02 
526	 0.087702310228226 
527	 8.84058880307981E-02 
528	 0.089030425063853 
529	 8.96609869875597E-02 
530	 9.02829474032012E-02 
531	 9.10309050606267E-02 
532	 9.17707386040186E-02 
533	 9.23398624474129E-02 
534	 9.30826686827607E-02 
535	 9.38257575976598E-02 
536	 9.45194823423843E-02 
537	 9.52847869605359E-02 
538	 9.61345601489397E-02 
539	 9.69330810815782E-02 
540	 9.75978004798817E-02 
541	 9.83274284900609E-02 
542	 0.099164942668157 
543	 9.99960231652257E-02 
544	 0.100655314712733 
545	 0.101537855831649 
546	 0.10238599285936 
547	 0.103064957010947 
548	 0.103832441902074 
549	 0.104632803917159 
550	 0.105444806829951 
551	 0.106251590934391 
552	 0.107035725747224 
553	 0.107787348529209 
554	 0.108531192915703 
555	 0.109323357971419 
556	 0.110062253339181 
557	 0.110807432677975 
558	 0.111600797870668 
559	 0.112329786823808 
560	 0.113027689392929 
561	 0.113722822707359 
562	 0.114434366123551 
563	 0.11507060240529 
564	 0.11565779860254 
565	 0.116224144047779 
566	 0.116769712521658 
567	 0.117324305110077 
568	 0.117907366439441 
569	 0.118501400361065 
570	 0.118928644010243 
571	 0.119402317521728 
572	 0.119964976633752 
573	 0.120451605280673 
574	 0.120863890549333 
575	 0.121252126389303 
576	 0.121671981041014 
577	 0.122164515653013 
578	 0.122595784648761 
579	 0.122901471156225 
580	 0.123099780497079 
581	 0.123482272298019 
582	 0.123895433579888 
583	 0.124221801239921 
584	 0.124509657815952 
585	 0.124803126152121 
586	 0.125050641613685 
587	 0.12520013288235 
588	 0.12541113704638 
589	 0.125663997980845 
590	 0.125870608844971 
591	 0.125922472456537 
592	 0.126151999876627 
593	 0.1263596037692 
594	 0.126388908498367 
595	 0.126589039013071 
596	 0.126676618687429 
597	 0.12664030663348 
598	 0.126625139979763 
599	 0.126657260410868 
600	 0.126744145305198 
601	 0.126851889829464 
602	 0.12688279149255 
603	 0.126955700781975 
604	 0.127077680498502 
605	 0.127216007173606 
606	 0.127346454558189 
607	 0.127434180082066 
608	 0.127482063453262 
609	 0.127534201183521 
610	 0.127684599854731 
611	 0.127768462319949 
612	 0.127721008508968 
613	 0.127950263815728 
614	 0.128071189974982 
615	 0.128061555816396 
616	 0.128098371479654 
617	 0.128146719094783 
618	 0.128174765201462 
619	 0.128190491226189 
620	 0.128262550317537 
621	 0.128462688471885 
622	 0.128649795411928 
623	 0.128659941523457 
624	 0.128589514964135 
625	 0.128626064399415 
626	 0.128714495525967 
627	 0.128592993344811 
628	 0.128768525174032 
629	 0.129022847041651 
630	 0.129088437624541 
631	 0.128900227529407 
632	 0.129015590046183 
633	 0.129329071670269 
634	 0.12943895157871 
635	 0.129451820973147 
636	 0.129500317363618 
637	 0.129591809591457 
638	 0.129544332121955 
639	 0.129720055071897 
640	 0.129874708513177 
641	 0.129773184953689 
642	 0.129986778706746 
643	 0.130166487233259 
644	 0.13021362312086 
645	 0.130246737077929 
646	 0.130251647959878 
647	 0.130364615399209 
648	 0.13059271708856 
649	 0.130609364403478 
650	 0.130525987457255 
651	 0.130459633688046 
652	 0.130491426199685 
653	 0.130400828092076 
654	 0.130254790736973 
655	 0.13005765295591 
656	 0.129740470857438 
657	 0.12950613468869 
658	 0.129280868875619 
659	 0.128975543765774 
660	 0.128674689464719 
661	 0.128245921184506 
662	 0.127820290218067 
663	 0.127652919744984 
664	 0.12734989448773 
665	 0.126998750805666 
666	 0.126724178623199 
667	 0.126621266357148 
668	 0.126420926645853 
669	 0.126237766023218 
670	 0.126245212810112 
671	 0.126190593895217 
672	 0.12631348451475 
673	 0.126586029863252 
674	 0.12672918420039 
675	 0.126940197396512 
676	 0.127142313775787 
677	 0.127341399007021 
678	 0.127898676136023 
679	 0.128385003430455 
680	 0.128762318522282 
681	 0.129186608089927 
682	 0.129765662775947 
683	 0.130437848625124 
684	 0.131124220942576 
685	 0.131813355463355 
686	 0.132420416769844 
687	 0.133060118341152 
688	 0.133794956433706 
689	 0.134419402768671 
690	 0.134931753412273 
691	 0.135444587008013 
692	 0.136111220257763 
693	 0.136623499383112 
694	 0.136937762929988 
695	 0.137180004159398 
696	 0.137692283469485 
697	 0.137889941098244 
698	 0.13787594912196 
699	 0.137920394342475 
700	 0.138050285015176 
701	 0.137952175387422 
702	 0.137786025055584 
703	 0.138021888880778 
704	 0.137975752587083 
705	 0.13771546900727 
706	 0.137418620829656 
707	 0.137222121626267 
708	 0.137034698524175 
709	 0.136737759240705 
710	 0.136244291309024 
711	 0.135700133330672 
712	 0.135176360010788 
713	 0.134655078568594 
714	 0.134011865428717 
715	 0.133130430583245 
716	 0.132293493993885 
717	 0.13176807689534 
718	 0.130735461978849 
719	 0.129777028973375 
720	 0.129011683063564 
721	 0.128180429556312 
722	 0.127440863345905 
723	 0.126445031548346 
724	 0.125244476004239 
725	 0.124218808450351 
726	 0.123007813394716 
727	 0.121618765362126 
728	 0.120110536897889 
729	 0.118384373495602 
730	 0.116571295336915 
731	 0.114810859212923 
732	 0.113152106744494 
733	 0.111851515317368 
734	 0.110601889224811 
735	 0.109372479509254 
736	 0.108514553220852 
737	 0.107931441656995 
738	 0.107495172241828 
739	 0.107153821876851 
740	 0.10711596539715 
741	 0.106992699959471 
742	 0.106830304818393 
743	 0.106871995211403 
744	 0.106925345579682 
745	 0.106908649926712 
746	 0.106879877200529 
747	 0.107064493109938 
748	 0.107163529591664 
749	 0.107189976808828 
750	 0.107238748833168 
751	 0.107401043103936 
752	 0.107477300585256 
753	 0.107458181672994 
754	 0.10745544558169 
755	 0.10757631744809 
756	 0.107751859128334 
757	 0.10792474394267 
758	 0.108106054683705 
759	 0.108287897482749 
760	 0.108463255791243 
761	 0.108500194088128 
762	 0.108156837762014 
763	 0.108268567181291 
764	 0.108646946097561 
765	 0.108867481114512 
766	 0.109085215292179 
767	 0.109257951328726 
768	 0.109393770960754 
769	 0.109546233919059 
770	 0.109941105042898 
771	 0.110253074173197 
772	 0.110300454197637 
773	 0.110603964193093 
774	 0.110801259246344 
775	 0.11099366550994 
776	 0.111416332845944 
777	 0.111841900419865 
778	 0.112071014733441 
779	 0.112223058933209 
780	 0.112705398321037 
781	 0.113182135146128 
782	 0.113461586494335 
783	 0.113574812182797 
784	 0.113984361456382 
785	 0.114413965449193 
786	 0.114753705979623 
787	 0.11500862719778 
788	 0.115492478326468 
789	 0.115858832633477 
790	 0.116128117171604 
791	 0.116608201344139 
792	 0.116965803193219 
793	 0.117266476733855 
794	 0.117599720427839 
795	 0.117993409893096 
796	 0.118292555401977 
797	 0.118555100170853 
798	 0.118857094581657 
799	 0.11905937283094 
800	 0.119356316437763 
801	 0.11961380446158 
802	 0.119626884246939 
803	 0.12012469208214 
804	 0.120263791970249 
805	 0.12001314370204 
806	 0.120305043737664 
807	 0.120156927776847 
808	 0.119948128444206 
809	 0.119987903016442 
810	 0.119681139469473 
811	 0.119483850247869 
812	 0.119301691640955 
813	 0.118878771395355 
814	 0.118486208528428 
815	 0.118111410640514 
816	 0.117671748425552 
817	 0.117072313828215 
818	 0.116495900163685 
819	 0.11604514235141 
820	 0.115478039868622 
821	 0.114163602651714 
822	 0.113145242378149 
823	 0.112070217269785 
824	 0.110584664497718 
825	 0.109043659098156 
826	 0.107568034503001 
827	 0.105903274456377 
828	 0.103825175163502 
829	 0.101585021335612 
830	 9.99779652943824E-02 
831	 9.88252556310838E-02 
832	 9.73436469957298E-02 
833	 9.60250509198515E-02 
834	 9.50748777359634E-02 
835	 9.44781616202807E-02 
836	 9.40077653995959E-02 
837	 9.31013974739484E-02 
838	 9.23880807013163E-02 
839	 9.22400421856896E-02 
840	 9.16836677702011E-02 
841	 9.12240181891645E-02 
842	 9.08608480782677E-02 
843	 9.04238402608552E-02 
844	 8.97850988781296E-02 
845	 8.93893834804192E-02 
846	 8.92589425322925E-02 
847	 8.90722217163066E-02 
848	 0.088396074664923 
849	 8.81663408339709E-02 
850	 8.83354358629838E-02 
851	 8.75088332761828E-02 
852	 8.71445876319435E-02 
853	 8.67611465424984E-02 
854	 8.60978013690088E-02 
855	 8.61991879472528E-02 
856	 8.59922803538741E-02 
857	 8.57128488157406E-02 
858	 8.56578765019985E-02 
859	 8.49581339844877E-02 
860	 8.44413239447398E-02 
861	 8.42013084216149E-02 
862	 8.39506275813628E-02 
863	 8.37417462854889E-02 
864	 0.083362425443274 
865	 8.29847895225351E-02 
866	 8.30274986132221E-02 
867	 8.25954847266097E-02 
868	 8.20444791831441E-02 
869	 8.16868262088936E-02 
870	 8.15245126290966E-02 
871	 8.08441178127918E-02 
872	 8.01762674636737E-02 
873	 7.98597519927298E-02 
874	 7.91557601481141E-02 
875	 7.87601416893451E-02 
876	 7.82447202791628E-02 
877	 7.73320777054289E-02 
878	 7.76530357697788E-02 
879	 7.70573963161105E-02 
880	 0.076064163646733 
881	 7.60401474465059E-02 
882	 7.50860807980996E-02 
883	 7.45299768521424E-02 
884	 7.44537382093082E-02 
885	 7.39653603118132E-02 
886	 0.07351873928847 
887	 0.072949580815108 
888	 7.23243186919113E-02 
889	 7.20033337512855E-02 
890	 7.17808243744124E-02 
891	 7.14019556488091E-02 
892	 7.07776102170114E-02 
893	 7.01574923649793E-02 
894	 7.00964096552251E-02 
895	 0.06977605875386 
896	 6.87367488644132E-02 
897	 6.90780193226575E-02 
898	 0.068502779542482 
899	 0.067608268216757 
900	 0.067476400736584 
901	 6.69883084032492E-02 
902	 6.61260802559797E-02 
903	 0.065592871642428 
904	 6.58502320753821E-02 
905	 6.47279604618918E-02 
906	 6.42816873943753E-02 
907	 6.46586151632848E-02 
908	 6.43876593973794E-02 
909	 6.23283312763854E-02 
910	 6.13336037142045E-02 
911	 6.15433849946853E-02 
912	 6.05095348338366E-02 
913	 5.95107632943708E-02 
914	 5.86031984569727E-02 
915	 5.78178674717681E-02 
916	 5.71731907264063E-02 
917	 5.50904793034231E-02 
918	 5.39427816719894E-02 
919	 5.40173400234703E-02 
920	 5.23447291185767E-02 
921	 5.04468705817302E-02 
922	 4.89316596380701E-02 
923	 4.79509648403726E-02 
924	 4.70347040033386E-02 
925	 4.64931782172395E-02 
926	 4.57631592215874E-02 
927	 4.45159913721224E-02 
928	 4.43996433471749E-02 
929	 4.46326161788413E-02 
930	 4.37057150384389E-02 
931	 4.04397285859852E-02 
932	 0.040248392587014 
933	 3.91492196177527E-02 
934	 3.74448003250053E-02 
935	 3.71680809585797E-02 
936	 3.56806281745194E-02 
937	 3.15687300023698E-02 
938	 0.03105721572624 
939	 3.69557213876226E-02 
940	 3.12321480270787E-02 
941	 2.97150115284531E-02 
942	 3.19246929783581E-02 
943	 3.03157107390939E-02 
944	 3.02005001645758E-02 
945	 2.65491832175712E-02 
946	 2.51432459092977E-02 
947	 3.31682208319731E-02 
948	 2.89148866770271E-02 
949	 2.30940598849863E-02 
950	 2.25041205862239E-02 
951	 2.71049934602349E-02 
952	 2.28975371835149E-02 
953	 2.08894033976915E-02 
954	 2.32258763078796E-02 
955	 2.42893577722791E-02 
956	 2.13251640621946E-02 
957	 1.91722714606109E-02 
958	 2.02245385445955E-02 
959	 2.33349753434101E-02 
960	 2.15839710697412E-02 
961	 2.08318948225052E-02 
962	 2.12749323068367E-02 
963	 1.93467448784624E-02 
964	 2.10205841688145E-02 
965	 2.08659121825651E-02 
966	 1.95805327781027E-02 
967	 2.15924320622419E-02 
968	 1.95463383481869E-02 
969	 1.89597000339092E-02 
970	 2.03687179680223E-02 
971	 1.93928860408426E-02 
972	 1.61375907639643E-02 
973	 1.69706179506746E-02 
974	 2.04737171089622E-02 
975	 1.85690901925101E-02 
976	 1.96777716910187E-02 
977	 1.95199713881609E-02 
978	 1.84711837318162E-02 
979	 2.09538839731485E-02 
980	 2.11557638464877E-02 
981	 2.00774582115109E-02 
982	 1.93275126223565E-02 
983	 1.98795901812562E-02 
984	 1.91915891406713E-02 
985	 1.83971328975806E-02 
986	 1.85641612890592E-02 
987	 1.99359292536937E-02 
988	 2.03033389177283E-02 
989	 1.84282352585746E-02 
990	 1.79312265340726E-02 
991	 2.31825659383662E-02 
992	 2.00565011082507E-02 
993	 1.91535680970707E-02 
994	 2.12997035040207E-02 
995	 2.01442339315869E-02 
996	 2.00881074814387E-02 
997	 0.018042068425864 
998	 1.78048241866816E-02 
999	 2.37491065782665E-02 
1000	 1.87537650410381E-02 
1001	 2.00809787685073E-02 
1002	 1.88936167008212E-02 
1003	 0.018500307443979 
1004	 1.80605829011015E-02 
1005	 1.80866520904216E-02 
1006	 1.85316753191301E-02 
1007	 1.90756361562942E-02 
1008	 1.95227904469305E-02 
1009	 1.98451770567665E-02 
1010	 1.97027618810354E-02 
1011	 1.95465980986464E-02 
1012	 1.95328357925134E-02 
1013	 1.95343775050992E-02 
1014	 1.94837843958762E-02 
1015	 1.92296008571605E-02 
1016	 1.93912958255194E-02 
1017	 2.00602415673342E-02 
1018	 2.00571052886056E-02 
1019	 1.97627646868255E-02 
1020	 1.97957678593855E-02 
1021	 0.01955670190428 
1022	 1.94246931035796E-02 
1023	 1.95901043712514E-02 
1024	 2.01834928776651E-02 
1025	 2.01797125586393E-02 
1026	 2.01378394619473E-02 
1027	 2.03052946378562E-02 
1028	 2.04637946313817E-02 
1029	 2.08572519049835E-02 
1030	 0.021440182795887 
1031	 0.021910590691406 
1032	 2.28017158097402E-02 
1033	 2.31953335104853E-02 
1034	 2.30431245464954E-02 
1035	 2.34252251958077E-02 
1036	 2.37512885805484E-02 
1037	 2.41878183113015E-02 
1038	 2.52104415661407E-02 
1039	 2.59126574507499E-02 
1040	 2.59621981651126E-02 
1041	 2.60262387311438E-02 
1042	 2.63326797892826E-02 
1043	 2.62784488424141E-02 
1044	 2.70111757749328E-02 
1045	 0.028758326749698 
1046	 2.92820217889054E-02 
1047	 2.94638692270252E-02 
1048	 2.98520356253653E-02 
1049	 2.94480759557042E-02 
1050	 2.97764443877772E-02 
1051	 3.11856132670768E-02 
1052	 3.16655473317046E-02 
1053	 3.17418977820906E-02 
1054	 3.19117450372464E-02 
1055	 3.14786238622656E-02 
1056	 3.14217552222388E-02 
1057	 3.15456832615982E-02 
1058	 3.19868551773068E-02 
1059	 3.22554645698299E-02 
1060	 3.25947365174252E-02 
1061	 3.29357864261421E-02 
1062	 3.31617441074667E-02 
1063	 3.36551551908563E-02 
1064	 3.47206406368862E-02 
1065	 3.49432491866282E-02 
1066	 3.49863872818922E-02 
1067	 3.48164919340423E-02 
1068	 3.32555586283012E-02 
1069	 0.033082784974492 
1070	 3.41956179439638E-02 
1071	 3.43839394112135E-02 
1072	 3.48010507960049E-02 
1073	 3.50584902216807E-02 
1074	 3.49613768359617E-02 
1075	 3.37478626874426E-02 
1076	 3.36806222049909E-02 
1077	 3.44592783372274E-02 
1078	 3.42666264483689E-02 
1079	 0.033887076776947 
1080	 3.35768674132792E-02 
1081	 3.23535736299872E-02 
1082	 3.21328659188892E-02 
1083	 3.28118013675399E-02 
1084	 3.29616538777538E-02 
1085	 3.37900429639829E-02 
1086	 3.36760665572875E-02 
1087	 3.23985286876187E-02 
1088	 3.17037245773392E-02 
1089	 3.04347477548109E-02 
1090	 2.99180904153625E-02 
1091	 2.94404919283617E-02 
1092	 2.94588636278315E-02 
1093	 2.94461783034326E-02 
1094	 2.97304155361078E-02 
1095	 2.93017058157082E-02 
1096	 2.86167046129472E-02 
1097	 2.83996401633661E-02 
1098	 2.78482713773157E-02 
1099	 2.73880758996923E-02 
1100	 2.80209309926054E-02 
1101	 2.75163182570504E-02 
1102	 2.50468142586793E-02 
1103	 2.44281473261617E-02 
1104	 2.46624534137883E-02 
1105	 2.46136341942699E-02 
1106	 0.025861497928006 
1107	 2.65099260299752E-02 
1108	 2.44220101083795E-02 
1109	 2.27432521758069E-02 
1110	 2.25803365793016E-02 
1111	 2.31827519643496E-02 
1112	 2.33852411785652E-02 
1113	 2.54392596482754E-02 
1114	 2.64374925490526E-02 
1115	 2.63441493086014E-02 
1116	 2.60665950307401E-02 
1117	 2.58195936253802E-02 
1118	 2.61132476841721E-02 
1119	 2.39562293035443E-02 
1120	 2.26591260002403E-02 
1121	 2.39151675351246E-02 
1122	 2.68664339138788E-02 
1123	 2.08169520577374E-02 
1124	 2.04314776251745E-02 
1125	 2.38982476276878E-02 
1126	 2.17457073986488E-02 
1127	 2.83723680628736E-02 
1128	 3.12249176545246E-02 
1129	 2.99579488473249E-02 
1130	 2.49445908033742E-02 
1131	 0.022729409399367 
1132	 1.83649282802877E-02 
1133	 1.83745839450799E-02 
1134	 1.93471324737825E-02 
1135	 0.020202441636594 
1136	 2.45297597113839E-02 
1137	 2.48476816526094E-02 
1138	 2.30247902214771E-02 
1139	 2.24152241571223E-02 
1140	 2.10513551548935E-02 
1141	 1.91238568183865E-02 
1142	 1.82064519631272E-02 
1143	 2.06712467275869E-02 
1144	 2.31877361083179E-02 
1145	 2.14450383160001E-02 
1146	 2.06200160163691E-02 
1147	 2.24353408705514E-02 
1148	 2.22448115574186E-02 
1149	 0.020599440768709 
1150	 2.03642288217342E-02 
1151	 2.03156857231609E-02 
1152	 1.96724175369815E-02 
1153	 1.93722750846509E-02 
1154	 1.97285996533404E-02 
1155	 2.07698152157095E-02 
1156	 1.94215345219588E-02 
1157	 1.86895894772273E-02 
1158	 1.84179934677363E-02 
1159	 1.73256645398664E-02 
1160	 1.72029612736181E-02 
1161	 1.74595876119994E-02 
1162	 0.017059613504605 
1163	 1.76714067477661E-02 
1164	 1.78957995562807E-02 
1165	 1.66327233092938E-02 
1166	 1.62702894966321E-02 
1167	 1.68799300648039E-02 
1168	 1.73752665118478E-02 
1169	 1.73776180624357E-02 
1170	 1.71679016570725E-02 
1171	 1.73763485039822E-02 
1172	 1.69764574043155E-02 
1173	 1.66254887970244E-02 
1174	 1.65665148123227E-02 
1175	 0.017466336408724 
1176	 1.73013957755445E-02 
1177	 1.63272170871829E-02 
1178	 1.65316399110223E-02 
1179	 1.70315583811637E-02 
1180	 0.016639383208619 
1181	 1.66548463639733E-02 
1182	 1.72693192417101E-02 
1183	 1.71821878605448E-02 
1184	 1.69044756600056E-02 
1185	 1.72335851284157E-02 
1186	 1.75246374193476E-02 
1187	 1.74388030115342E-02 
1188	 1.73741497351097E-02 
1189	 1.71932585612467E-02 
1190	 1.66122463972853E-02 
1191	 1.63795200040061E-02 
1192	 1.63064337806807E-02 
1193	 1.65912009662061E-02 
1194	 1.67191487867652E-02 
1195	 1.65772950034692E-02 
1196	 0.016308245277777 
1197	 1.63652062816971E-02 
1198	 1.65687722015403E-02 
1199	 1.66805857352947E-02 
1200	 0.016775755841306 
1201	 1.63864173466646E-02 
1202	 1.56978184472222E-02 
1203	 1.59159925555159E-02 
1204	 1.65213316091906E-02 
1205	 1.63648477428497E-02 
1206	 1.61919900016702E-02 
1207	 1.66691749737891E-02 
1208	 1.70134764875002E-02 
1209	 1.67568503749525E-02 
1210	 1.66280752121123E-02 
1211	 1.65737083846207E-02 
1212	 1.60869997590957E-02 
1213	 1.59324771279751E-02 
1214	 1.59277966567961E-02 
1215	 1.64152214948047E-02 
1216	 1.63916200056712E-02 
1217	 1.63887249875274E-02 
1218	 1.63717516605522E-02 
1219	 1.61986537567485E-02 
1220	 1.62239166747261E-02 
1221	 1.61162733672884E-02 
1222	 0.015953716037586 
1223	 1.60779958439688E-02 
1224	 0.016024159380487 
1225	 1.58608855673335E-02 
1226	 1.60659235250796E-02 
1227	 1.63470412408767E-02 
1228	 1.63323896914807E-02 
1229	 1.59348636131333E-02 
1230	 1.55457479229271E-02 
1231	 1.55978518277982E-02 
1232	 1.57193520641186E-02 
1233	 0.015791685839645 
1234	 1.59612086326622E-02 
1235	 1.59988626341233E-02 
1236	 1.54805192182727E-02 
1237	 1.55786176171382E-02 
1238	 0.016109899518035 
1239	 1.64659636486257E-02 
1240	 1.61989553769578E-02 
1241	 1.59895286261609E-02 
1242	 1.58872271024529E-02 
1243	 1.54391840869931E-02 
1244	 1.52382893542597E-02 
1245	 1.55323487788492E-02 
1246	 1.55520034665671E-02 
1247	 1.52640863598903E-02 
1248	 0.01535688491235 
1249	 1.55536898332993E-02 
1250	 0.015338496017228 
1251	 1.51463396969189E-02 
1252	 0.015335750724421 
1253	 1.55772294517708E-02 
1254	 1.54345528455223E-02 
1255	 1.54045848085002E-02 
1256	 1.55119603712309E-02 
1257	 1.55820465801197E-02 
1258	 1.55668074196697E-02 
1259	 1.56457984356471E-02 
1260	 1.58799074221702E-02 
1261	 1.63575210393058E-02 
1262	 1.62944776117544E-02 
1263	 1.60404069355232E-02 
1264	 1.58754251972278E-02 
1265	 1.58892862370563E-02 
1266	 1.57688992442704E-02 
1267	 1.56591593570456E-02 
1268	 1.57623504231083E-02 
1269	 1.55239378022645E-02 
1270	 1.51437145680337E-02 
1271	 1.55579360553257E-02 
1272	 1.62752486994892E-02 
1273	 1.61207371316368E-02 
1274	 1.56663069852973E-02 
1275	 1.57112912758899E-02 
1276	 1.54234620309303E-02 
1277	 1.52150182198541E-02 
1278	 1.58174738827852E-02 
1279	 1.60865559188476E-02 
1280	 1.57901130419534E-02 
1281	 0.015701855745493 
1282	 1.56743098950523E-02 
1283	 1.56638366813064E-02 
1284	 1.54770518899773E-02 
1285	 1.55069571456343E-02 
1286	 1.59028227823522E-02 
1287	 1.59775680238021E-02 
1288	 1.58397654431301E-02 
1289	 1.58573348506676E-02 
1290	 0.015928826858865 
1291	 1.59051149374774E-02 
1292	 1.56914185147666E-02 
1293	 1.58530529431287E-02 
1294	 1.63005324130994E-02 
1295	 0.01607875740917 
1296	 1.57973107397827E-02 
1297	 1.62731532247057E-02 
1298	 1.64993890686193E-02 
1299	 1.59955505495494E-02 
1300	 1.57448064602771E-02 
1301	 0.015758800427364 
1302	 0.015625816294481 
1303	 1.57959168025856E-02 
1304	 1.62801965003756E-02 
1305	 1.65003551870693E-02 
1306	 1.64912734360453E-02 
1307	 1.62277656832451E-02 
1308	 1.62852006765695E-02 
1309	 0.016046808111107 
1310	 1.60257257290518E-02 
1311	 1.65739622715508E-02 
1312	 1.68856575781704E-02 
1313	 1.72072828092153E-02 
1314	 1.71105538149073E-02 
1315	 1.63697770512252E-02 
1316	 1.65056796415001E-02 
1317	 1.71898394115942E-02 
1318	 1.70639695766851E-02 
1319	 1.65966371767026E-02 
1320	 1.70427435462601E-02 
1321	 1.75074739379842E-02 
1322	 1.78123421299856E-02 
1323	 1.79565717321908E-02 
1324	 1.81480994123549E-02 
1325	 1.74103032295798E-02 
1326	 1.61948749357918E-02 
1327	 1.61934858415104E-02 
1328	 0.017222476216533 
1329	 0.017767362149294 
1330	 1.72977474881818E-02 
1331	 1.74971900077822E-02 
1332	 1.84620612554674E-02 
1333	 1.88547274519063E-02 
1334	 1.94422105552596E-02 
1335	 1.91637365398247E-02 
1336	 1.85663785865191E-02 
1337	 1.85630274421746E-02 
1338	 1.78743000225027E-02 
1339	 1.74304196444126E-02 
1340	 1.77215104620998E-02 
1341	 1.84660620805135E-02 
1342	 1.96207048957758E-02 
1343	 1.96720383251105E-02 
1344	 2.06374489233788E-02 
1345	 2.08870791092693E-02 
1346	 1.57122701845458E-02 
1347	 1.46879774138849E-02 
1348	 2.25365188842693E-02 
1349	 2.62425003988759E-02 
1350	 2.68454823972057E-02 
1351	 3.14095765198581E-02 
1352	 2.82546724793198E-02 
1353	 3.13397206549561E-02 
1354	 5.21173800924834E-02 
1355	 0.122515463349704 
1356	 0.125896918796307 
1357	 8.38054765974669E-02 
1358	 7.45815039315306E-02 
1359	 1.0960238914639E-04 
1360	 0.114365704594257 
1361	 0.327701280034432 
1362	 0.395727248208162 
1363	 0.241442182499763 
1364	 0.263999298153575 
1365	 0.448699193180256 
1366	 0.566412926848694 
1367	 0.75482121094177 
1368	 0.715755712710042 
1369	 0.399390163415561 
1370	 0.321729772065268 
1371	 0.336435019887964 
1372	 0.301913792738217 
1373	 0.242148569092374 
1374	 0.217782578470581 
1375	 0.279607797082672 
1376	 0.270960182701902 
1377	 0.331144274848246 
1378	 0.394936847324518 
1379	 0.200888548565681 
1380	 0.226255550960047 
1381	 0.635934216502409 
1382	 0.834214429348759 
1383	 0.467030873186293 
1384	 0.409379521025359 
1385	 0.343942623849976 
1386	 0.207805972887952 
1387	-0.134020758556986 
1388	-8.92427109852517E-02 
1389	 0.374555094738332 
1390	 0.405406487276461 
1391	 0.375884583844127 
1392	 0.461569609975599 
1393	 0.590649406560816 
1394	 0.216749504141869 
1395	-0.474397416244254 
1396	-0.165423622646149 
1397	 0.715723440999245 
1398	 0.750667565499637 
1399	 0.39830484523766 
1400	 0.175737792958976 
1401	 0.191757140247717 
1402	 0.298713235765935 
1403	 0.34407509998886 
1404	 0.511899897361719 
1405	 0.621432058791776 
1406	 0.127063500499115 
1407	 2.00934724525857E-02 
1408	 0.425076173898541 
1409	 0.560151079128701 
1410	 0.52528705941301 
1411	 0.342576028945552 
1412	 0.168205515866913 
1413	 0.176497447057189 
1414	 9.13161574287765E-02 
1415	 3.92691436506682E-02 
1416	 0.13820091100618 
1417	 0.186875398928309 
1418	 0.175994631341813 
1419	 0.125474077052937 
1420	 6.50320081902599E-02 
1421	 7.82752596492027E-02 
1422	 9.56220928867751E-02 
1423	 6.74752786579726E-02 
1424	 5.71679630220761E-02 
1425	 6.04800877058531E-02 
1426	 2.54278482741156E-02 
1427	 1.36044307610073E-02 
1428	 0.04353307421684 
1429	 5.53349471215504E-02 
1430	 4.75580577769022E-02 
1431	 4.34986284826117E-02 
1432	 5.43596266109322E-02 
1433	 5.45925730633917E-02 
1434	 2.64377501111159E-02 
1435	 2.82527330264041E-02 
1436	 5.77239709465861E-02 
1437	 6.71201764001357E-02 
1438	 4.93902761052176E-02 
1439	 5.09518639461631E-02 
1440	 4.70404074270863E-02 
1441	 3.17258698893288E-02 
1442	 3.09211367691763E-02 
1443	 3.55285154446643E-02 
1444	 2.79194840994552E-02 
1445	 1.68983602346382E-02 
1446	 1.51644345906491E-02 
1447	 2.05172405278073E-02 
1448	 2.78287994270568E-02 
1449	 3.05285044845037E-02 
1450	 2.88346567289957E-02 
1451	 2.74302288784024E-02 
1452	 2.20153463992099E-02 
1453	 1.87256195228134E-02 
1454	 1.69308366128086E-02 
1455	 1.78472862004745E-02 
1456	 0.016227039820589 
1457	 1.26394714807666E-02 
1458	 1.31525866661144E-02 
1459	 1.57128412012307E-02 
1460	 1.66295167609132E-02 
1461	 1.99466344221349E-02 
1462	 1.98708845398141E-02 
1463	 1.44453055180166E-02 
1464	 1.46231055455142E-02 
1465	 1.89925474302511E-02 
1466	 1.96734910665156E-02 
1467	 1.95670098313857E-02 
1468	 2.22897261138842E-02 
1469	 0.02570278152826 
1470	 2.41884844849427E-02 
1471	 2.27501576652982E-02 
1472	 2.33599569864155E-02 
1473	 1.94697079016984E-02 
1474	 1.76594814954491E-02 
1475	 2.00346057089188E-02 
1476	 2.13918527957241E-02 
1477	 2.23472862302518E-02 
1478	 2.02063283102405E-02 
1479	 1.75670815706676E-02 
1480	 1.60841632746057E-02 
1481	 1.14044479204568E-02 
1482	 1.05698860362816E-02 
1483	 0.013213411586714 
1484	 1.40093105156605E-02 
1485	 1.51545988326052E-02 
1486	 0.014925426616778 
1487	 1.42780808136749E-02 
1488	 1.38530505857084E-02 
1489	 1.24730817782511E-02 
1490	 0.011635898810764 
1491	 1.07907188287101E-02 
1492	 1.09765902357567E-02 
1493	 0.012338192078583 
1494	 1.22461179488679E-02 
1495	 1.17241449056228E-02 
1496	 1.16314098427163E-02 
1497	 1.09925139774209E-02 
1498	 1.06613905601893E-02 
1499	 1.10583766470657E-02 
1500	 1.09722012498454E-02 
1501	 1.02148759510673E-02 
1502	 9.93859059021659E-03 
1503	 9.90150827261373E-03 
1504	 1.01007618738667E-02 
1505	 0.010734015102292 
1506	 1.07858373292712E-02 
1507	 1.12767315842769E-02 
1508	 0.011529005336044 
1509	 0.011101281872433 
1510	 1.07795108036858E-02 
1511	 1.03316839805117E-02 
1512	 1.02634123587441E-02 
1513	 0.010450746446724 
1514	 1.02230119919151E-02 
1515	 1.02998504061846E-02 
1516	 1.00977548958233E-02 
1517	 9.45388198384868E-03 
1518	 9.70095178594679E-03 
1519	 9.67650689766078E-03 
1520	 9.34994996838772E-03 
1521	 9.97292549005765E-03 
1522	 9.99054415406177E-03 
1523	 9.42221943500182E-03 
1524	 9.64033607557778E-03 
1525	 9.78794826121691E-03 
1526	 9.70932764061987E-03 
1527	 1.03721382522032E-02 
1528	 1.05831626791882E-02 
1529	 1.00939617903234E-02 
1530	 1.03948538187609E-02 
1531	 0.010561832061543 
1532	 1.03081814471948E-02 
1533	 1.06373750854159E-02 
1534	 1.08386725852791E-02 
1535	 1.03475094485837E-02 
1536	 9.89859112595394E-03 
1537	 9.70916903404934E-03 
1538	 9.66386436444318E-03 
1539	 1.01070465507827E-02 
1540	 1.04518327026051E-02 
1541	 1.06699051882709E-02 
1542	 1.09164244385028E-02 
1543	 1.06032114026784E-02 
1544	 1.04953720835388E-02 
1545	 1.07859443993902E-02 
1546	 0.010762529934266 
1547	 1.04014967681949E-02 
1548	 1.03958856270837E-02 
1549	 1.08297819099342E-02 
1550	 1.06408236423772E-02 
1551	 0.010126096897532 
1552	 1.00201830500006E-02 
1553	 1.00869140520708E-02 
1554	 1.00717176146386E-02 
1555	 1.04386305891686E-02 
1556	 1.10084026545312E-02 
1557	 1.08081211902375E-02 
1558	 1.06286571433293E-02 
1559	 1.08353263629171E-02 
1560	 1.07520843092394E-02 
1561	 0.010758525458919 
1562	 1.09909815458417E-02 
1563	 0.011283315254404 
1564	 1.12358738658026E-02 
1565	 1.09775349179214E-02 
1566	 1.08611950492499E-02 
1567	 1.04649890174116E-02 
1568	 1.05774272298897E-02 
1569	 1.11607318085343E-02 
1570	 1.12384452390543E-02 
1571	 1.11412647068569E-02 
1572	 1.13947588294269E-02 
1573	 1.19418151936222E-02 
1574	 1.19278195688212E-02 
1575	 1.16952877532451E-02 
1576	 1.16832167253618E-02 
1577	 1.11537969346566E-02 
1578	 1.10118274576525E-02 
1579	 1.13714589193737E-02 
1580	 0.011190502735752 
1581	 1.09828979198882E-02 
1582	 0.010709327989595 
1583	 1.04011112348401E-02 
1584	 1.08052103240175E-02 
1585	 1.13973810370908E-02 
1586	 1.17093501867059E-02 
1587	 1.20408909412365E-02 
1588	 1.17204833312476E-02 
1589	 1.11525004364233E-02 
1590	 1.14683785615465E-02 
1591	 0.011616501359682 
1592	 1.15974570143737E-02 
1593	 1.18895345721465E-02 
1594	 1.19896377297138E-02 
1595	 1.20902873111072E-02 
1596	 1.19650458218842E-02 
1597	 1.19538608019287E-02 
1598	 1.19642760823508E-02 
1599	 0.011401742946503 
1600	 1.16321932292004E-02 
1601	 0.012236995053272 
1602	 1.17819783253144E-02 
1603	 1.16397363278801E-02 
1604	 1.15032347157863E-02 
1605	 1.06733320160985E-02 
1606	 1.06183815534683E-02 
1607	 1.10981256536529E-02 
1608	 1.16891344466363E-02 
1609	 1.22607510018942E-02 
1610	 1.22981143098407E-02 
1611	 1.18915688099135E-02 
1612	 1.16869916381912E-02 
1613	 1.19765397202151E-02 
1614	 0.012310912737804 
1615	 1.26544767522966E-02 
1616	 1.22976315707356E-02 
1617	 1.13356787611701E-02 
1618	 1.11666982010318E-02 
1619	 1.15310752940733E-02 
1620	 1.15901139647064E-02 
1621	 1.21476434633047E-02 
1622	 1.29149293709286E-02 
1623	 1.23369372343272E-02 
1624	 0.011848802733168 
1625	 1.27205441141992E-02 
1626	 1.29000106783384E-02 
1627	 1.22414115977965E-02 
1628	 1.26835623080435E-02 
1629	 1.31114351217475E-02 
1630	 1.24548688224322E-02 
1631	 1.21628769500755E-02 
1632	 1.26180554181603E-02 
1633	 1.22623217063453E-02 
1634	 1.15480790420885E-02 
1635	 1.19934761274015E-02 
1636	 1.22510338813577E-02 
1637	 1.21071257155156E-02 
1638	 1.21746102391185E-02 
1639	 1.22645006186841E-02 
1640	 1.25003128651567E-02 
1641	 1.21792161023341E-02 
1642	 1.21471245408746E-02 
1643	 1.31715891327426E-02 
1644	 1.35620818091182E-02 
1645	 0.013086788901735 
1646	 1.27001481120295E-02 
1647	 1.24139628432059E-02 
1648	 0.012458750417982 
1649	 0.012873252691615 
1650	 1.29843856931816E-02 
1651	 1.23736560466338E-02 
1652	 1.21328517569838E-02 
1653	 1.36863912211825E-02 
1654	 1.36360320309074E-02 
1655	 0.012603499769892 
1656	 1.24931738622126E-02 
1657	 1.20495525653354E-02 
1658	 1.19934895333834E-02 
1659	 1.29407665876174E-02 
1660	 0.01308337910934 
1661	 1.26330356581855E-02 
1662	 1.24026589198334E-02 
1663	 1.20405412125336E-02 
1664	 1.21655568255825E-02 
1665	 1.25748350059043E-02 
1666	 1.26283080693476E-02 
1667	 1.27487587545189E-02 
1668	 1.24243091049877E-02 
1669	 1.29985180317293E-02 
1670	 1.30621493564267E-02 
1671	 1.29371976293142E-02 
1672	 1.36966045438299E-02 
1673	 1.33428250677291E-02 
1674	 1.22878566923317E-02 
1675	 1.26395340532721E-02 
1676	 1.38032801450502E-02 
1677	 1.41289892000891E-02 
1678	 1.42300286815403E-02 
1679	 1.45044848682916E-02 
1680	 1.34161436357283E-02 
1681	 1.25501855820246E-02 
1682	 0.013117928759803 
1683	 1.32483453116199E-02 
1684	 1.31305908287662E-02 
1685	 1.35082247957772E-02 
1686	 0.013749552651626 
1687	 1.34953688999589E-02 
1688	 1.34011585162953E-02 
1689	 1.39657110332493E-02 
1690	 1.37324073856499E-02 
1691	 1.33197833302012E-02 
1692	 0.013575072824085 
1693	 1.29757136048117E-02 
1694	 1.23678789645792E-02 
1695	 1.25693589604023E-02 
1696	 1.33270519018728E-02 
1697	 1.38016001503886E-02 
1698	 0.013533857144489 
1699	 1.32881955911872E-02 
1700	 1.31437611138802E-02 
1701	 0.013385694657828 
1702	 1.35294226199033E-02 
1703	 1.37736697694075E-02 
1704	 0.014093304342619 
1705	 1.35257096054617E-02 
1706	 0.013559671845157 
1707	 1.39523768962321E-02 
1708	 1.33418334641999E-02 
1709	 1.29802604355349E-02 
1710	 1.32060058370959E-02 
1711	 0.013768241481366 
1712	 1.41906139340684E-02 
1713	 1.37030588641066E-02 
1714	 1.39668254845516E-02 
1715	 1.44797366866278E-02 
1716	 1.50840586196257E-02 
1717	 1.46183584645411E-02 
1718	 1.36913949798336E-02 
1719	 1.30130595401534E-02 
1720	 1.28291458097911E-02 
1721	 1.41461133793758E-02 
1722	 1.48983883685552E-02 
1723	 1.43532337274968E-02 
1724	 1.39004854022492E-02 
1725	 1.29331167768628E-02 
1726	 0.012445768918115 
1727	 1.38698020241252E-02 
1728	 1.54975979416822E-02 
1729	 1.60155457996479E-02 
1730	 1.58426596906266E-02 
1731	 1.47859476977699E-02 
1732	 1.42630238400785E-02 
1733	 0.014728346582721 
1734	 1.42017989699001E-02 
1735	 1.41779705960485E-02 
1736	 1.43753016067454E-02 
1737	 1.26027357396389E-02 
1738	 1.30074572320606E-02 
1739	 1.48963271706382E-02 
1740	 1.37337429244889E-02 
1741	 1.40321465186566E-02 
1742	 1.56514871674481E-02 
1743	 0.014654418143832 
1744	 1.44739410997777E-02 
1745	 1.52851010501194E-02 
1746	 1.53459027861621E-02 
1747	 1.50536225409074E-02 
1748	 1.52891298252356E-02 
1749	 1.55059923499712E-02 
1750	 1.43520895672206E-02 
1751	 1.40611226076123E-02 
1752	 1.52251950120962E-02 
1753	 1.50249087282045E-02 
1754	 1.36954651593609E-02 
1755	 1.35651707972781E-02 
1756	 1.36122367931803E-02 
1757	 1.25163496613452E-02 
1758	 1.37803549014553E-02 
1759	 1.51054656264495E-02 
1760	 1.51111252945643E-02 
1761	 1.52656920587762E-02 
1762	 1.53228585500081E-02 
1763	 1.55768407143428E-02 
1764	 1.60641695036691E-02 
1765	 1.59607339073441E-02 
1766	 0.015203620276179 
1767	 1.35466274623195E-02 
1768	 1.17792546598929E-02 
1769	 1.20171283365155E-02 
1770	 1.35689163538534E-02 
1771	 1.42451510723244E-02 
1772	 1.41659701640466E-02 
1773	 1.36909560727703E-02 
1774	 1.22708293388082E-02 
1775	 0.011924942723564 
1776	 1.17296294677042E-02 
1777	 1.17318981539627E-02 
1778	 0.011979435356234 
1779	 1.11560972679872E-02 
1780	 1.23956744547641E-02 
1781	 1.67506835112065E-02 
1782	 1.90294619644394E-02 
1783	 2.33142192609309E-02 
1784	 2.35855060887647E-02 
1785	 1.71060226949121E-02 
1786	 1.70203890311366E-02 
1787	 1.92760456952048E-02 
1788	 1.83776089718774E-02 
1789	 0.021316030086835 
1790	 1.69108403780479E-02 
1791	 1.16194398745916E-02 
1792	 1.31734328111577E-02 
1793	 7.47601238541445E-03 
1794	 6.88871175701689E-03 
1795	 0.011752539226652 
1796	 1.75754263815153E-02 
1797	 3.05875486275273E-02 
1798	 3.07236625314106E-02 
1799	 2.47144233000925E-02 
1800	 9.96111467386606E-03 
1801	 3.77140154597537E-03 
1802	 1.95543450062591E-02 
1803	 0.029579926612433 
1804	 4.79240744955268E-02 
1805	 5.99136270142405E-02 
1806	 5.85951090762126E-02 
1807	 5.24038352814286E-02 
1808	 1.21285520135563E-02 
1809	-4.23444109878289E-03 
1810	-1.42573079068868E-02 
1811	-3.81485049863336E-03 
1812	 6.88684969200043E-02 
1813	 0.138787605535505 
1814	 0.303999469871584 
1815	 0.351292966458879 
1816	 0.310193865359762 
1817	 3.81873635631762E-02 
1818	-0.443953953572595 
1819	-1.11659142955535 
1820	-1.0329873929707 
1821	-0.139342631258631 
1822	 1.22674019063044E-02 
1823	 0.029852770068989 
1824	 8.90442047739234E-02 
1825	-3.50506859776031E-02 
1826	 4.52086185634564E-02 
1827	 0.675557692723244 
1828	 1.09913776962575 
1829	 3.30446926326387 
1830	 2.20284065251416 
1831	-1.5026327187712 
1832	-0.804746530996115 
1833	-0.217847579412141 
1834	-0.251294458679798 
1835	 1.64779620400671 
1836	 3.29957571904879 
1837	-0.336641817202922 
1838	-0.553581699352502 
1839	-6.01403788129305E-02 
1840	 2.08948231084159E-02 
1841	-0.252136906700841 
1842	-0.193110509985322 
1843	-0.294412407184502 
1844	-0.475799824515683 
1845	-0.42627942848859 
1846	-0.382635211290902 
1847	-0.282887546288451 
1848	-0.106083787157807 
1849	 3.31197006336845E-02 
1850	 4.82647330224851E-02 
1851	-0.187008935019281 
1852	-0.294089483680346 
1853	-0.948453797480181 
1854	-1.37060153963466 
1855	-0.569098384115709 
1856	-0.389480757686506 
1857	 1.73328973068406E-02 
1858	-2.77834752913161 
1859	-2.25210866460431 
1860	-3.60301762390363 
1861	-8.49364009620366 
1862	-57.489960303071 
1863	 4.25048576841977 
1864	 2.5051268012443 
1865	 2.00890083895671 
1866	 9.08181938390997 
1867	 7.86201729216799 
1868	 1.21254692658273 
1869	 0.658793762877175 
1870	 0.49003132569298 
1871	 0.35665824208352 
1872	-0.489666325427025 
1873	-1.43385498638601 
1874	-1.56780768911126 
1875	-1.24353960694898 
1876	-1.04740062836003 
1877	-1.5502663914922 
1878	-1.21636550997044 
1879	 2.76820924455023 
1880	 2.79394674010302 
1881	-0.652477210455853 
1882	-0.999063353065647 
1883	-1.97672508627284 
1884	-0.680350521416458 
1885	-4.13439197321432 
1886	 2.66695977788005 
1887	 0.925109509863373 
1888	 2.22795115979678 
1889	 4.11612064655993 
1890	 2.95096135579882 
1891	 7.71808259612903 
1892	-1.30064834615809 
1893	-1.16300247561791 
1894	 3.98096149073686 
1895	 6.35939319968868 
1896	 2.29539931709603 
1897	 0.733242150190165 
1898	 0.601710781610167 
1899	 0.76185725677473 
1900	 6.09489497653987E-02 
1901	-1.20996992681316 
1902	-1.00589979715971 
1903	-0.347228492684267 
1904	-0.281728249270877 
1905	 1.22593464203712E-02 
1906	 0.337671687685389 
1907	 11.6702885495871 
1908	 8.21201557741448 
1909	-2.64234004087117 
1910	 0.559498412114148 
1911	 0.157503380095461 
1912	 0.260026305221644 
1913	-3.32951549251079 
1914	-0.796100653382327 
1915	-0.999933333027306 
1916	-1.1783520012671 
1917	-1.32745899102849 
1918	-2.53301209416101 
1919	-1.83694700549302 
1920	-2.10175769819545 
1921	 4.79239037337155 
1922	 0.723323972299874 
1923	-7.20202221944794E-02 
1924	 2.99536914642859E-02 
1925	-3.50570742817046E-02 
1926	-0.159450082758489 
1927	-0.385763904755006 
1928	-0.31803305777746 
1929	 0.207848127721086 
1930	 4.99927880251438E-02 
1931	 0.102656056728931 
1932	-0.895796807660756 
1933	 0.585663460947055 
1934	-5.17513271928992E-03 
1935	 4.49997902902728E-02 
1936	 5.95859910462696E-02 
1937	-0.225880883565338 
1938	-0.224202109785847 
1939	-0.202013170363425 
1940	-0.073225149723114 
1941	-0.138851737783503 
1942	-0.269213866003932 
1943	-0.244047306682362 
1944	-0.161415149782908 
1945	-0.110523646619456 
1946	 4.34803260883426E-02 
1947	 0.132656103500464 
1948	 0.119433576290162 
1949	 9.84298531545895E-02 
1950	 9.82004408343762E-02 
1951	 9.29937635753725E-02 
1952	 8.16043256177162E-02 
1953	 7.62009425525846E-02 
1954	 0.117682860119998 
1955	 0.106337409951807 
1956	 5.79833637520989E-02 
1957	 3.11067668058016E-02 
1958	-1.59788094103751E-02 
1959	-5.18337392879688E-02 
1960	-5.50457098074389E-02 
1961	-3.50031689257675E-02 
1962	-1.82801620681766E-02 
1963	-4.84831821491164E-03 
1964	 4.52056776169418E-03 
1965	-3.21159636830219E-03 
1966	-3.14565872226226E-03 
1967	-4.47295929336123E-03 
1968	-1.9370238682163E-04 
1969	 2.90453514006269E-03 
1970	 8.99919014359884E-03 
1971	 6.56156031641298E-03 
1972	 9.39019103813775E-04 
1973	 5.4779578978437E-03 
1974	 8.88230449425337E-03 
1975	 1.39320769476347E-02 
1976	 2.12155137023408E-02 
1977	 2.00816582605212E-02 
1978	 1.51154116142203E-02 
1979	 1.08237337875874E-02 
1980	 6.77465375776147E-03 
1981	 1.12784320492246E-03 
1982	-5.15177087158575E-03 
1983	-5.07520759870999E-03 
1984	-1.10620602110038E-03 
1985	 5.55300864514481E-04 
1986	 5.3043731228625E-03 
1987	 6.74286761076753E-03 
1988	 3.49661644694357E-03 
1989	 5.04617613696526E-03 
1990	 4.54057117279835E-03 
1991	 4.2250638325735E-03 
1992	 0.010350822920437 
1993	 1.32531377751497E-02 
1994	 1.42306539225339E-02 
1995	 1.33903389813739E-02 
1996	 1.40033758467112E-02 
1997	 1.09709642887401E-02 
1998	 8.38317159485024E-03 
1999	 8.82832594341062E-03 
2000	 9.73625583560554E-03 
2001	 1.01045216996701E-02 
2002	 8.71298441719291E-03 
2003	 9.28682504755071E-04 
2004	-7.73953002934778E-03 
2005	-4.73115800949328E-03 
2006	 3.16934337711958E-03 
2007	 6.50640501332852E-03 
2008	 1.95007317479957E-03 
2009	 1.0417716964312E-03 
2010	-0.014380267312401 
2011	-1.42771880286365E-02 
2012	-1.14102022060881E-03 
2013	 8.69943247082942E-03 
2014	 9.47223239735767E-03 
2015	 1.02517382200743E-02 
2016	-7.86369350836506E-04 
2017	-4.19372342919658E-04 
2018	 7.86579078014457E-03 
2019	 7.36117844983953E-03 
2020	 7.89261773948699E-03 
2021	 1.14406819793239E-02 
2022	 1.30802859379548E-02 
2023	 7.74892185812986E-03 
2024	 5.53752494932544E-03 
2025	 3.85120258717349E-03 
2026	 2.6080012456027E-03 
2027	-8.87041003166583E-04 
2028	 2.72161696197555E-03 
2029	 6.2848907496282E-03 
2030	 3.93995405742743E-03 
2031	 4.58165665046582E-03 
2032	 0.005199547793873 
2033	 3.34297088778544E-03 
2034	 4.93485258796193E-03 
2035	 7.17929570622375E-03 
2036	 7.89017834903347E-03 
2037	 7.70163051165051E-03 
2038	 6.78612494945075E-03 
2039	 6.30699227538075E-03 
2040	 3.76629347999693E-03 
2041	 3.86368302926043E-03 
2042	 5.68671912039928E-03 
2043	 6.94463277936736E-03 
2044	 1.02856976897788E-02 
2045	 1.12655479463754E-02 
2046	 6.86881430185054E-03 
2047	 7.75581169842036E-03 
2048	 5.65001319622235E-03 
2049	 2.57075201862659E-03 
2050	 4.96117780023062E-03 
2051	 5.50212190640769E-03 
2052	 7.42616238312727E-03 
2053	 7.42237154442861E-03 
2054	 4.63743238894089E-03 
2055	 4.03397761606444E-03 
2056	 3.52031194370317E-03 
2057	 1.07046888266269E-03 
2058	 2.21511035493505E-03 
2059	 8.13877753140037E-03 
2060	 9.44780912749713E-03 
2061	 9.02230115696099E-03 
2062	 1.06670978779825E-02 
2063	 1.10733851752711E-02 
2064	 9.07980191864222E-03 
2065	 9.14868735653118E-03 
2066	 1.16244879442518E-02 
2067	 1.36687248993914E-02 
2068	 1.39690829802312E-02 
2069	 1.64238962828886E-02 
2070	 1.70709054518777E-02 
2071	 1.22482336986561E-02 
2072	 0.010222229431954 
2073	 1.01233769626391E-02 
2074	 1.00671951438715E-02 
2075	 1.02600031139548E-02 
2076	 1.39187102472386E-02 
2077	 1.49825133480449E-02 
2078	 1.47033161966197E-02 
2079	 1.37028931551266E-02 
2080	 1.25048328800716E-02 
2081	 9.68890841569228E-03 
2082	 6.85626174470492E-03 
2083	 5.83923128587999E-03 
2084	 6.89774880843607E-03 
2085	 1.04584474800189E-02 
2086	 0.013907694012691 
2087	 1.61624552902438E-02 
2088	 1.63826018252767E-02 
2089	 0.014359546504952 
2090	 0.011969749077746 
2091	 0.010001668226648 
2092	 9.17809334457219E-03 
2093	 1.02580403811882E-02 
2094	 9.75207506219338E-03 
2095	 8.46356110131859E-03 
2096	 8.57943216305362E-03 
2097	 8.35749671584523E-03 
2098	 8.38336426750558E-03 
2099	 9.42194442978188E-03 
2100	 1.14276375545471E-02 
2101	 1.13028992928015E-02 
2102	 1.13212765473436E-02 
2103	 1.24076408068096E-02 
2104	 1.26914028771432E-02 
2105	 1.29605276513309E-02 
2106	 1.32317801402901E-02 
2107	 1.20412420125808E-02 
2108	 1.05824589277243E-02 
2109	 8.09831438724121E-03 
2110	 7.48629864104051E-03 
2111	 9.88092750044846E-03 
2112	 1.10315026440616E-02 
2113	 1.19639189457293E-02 
2114	 1.42829931389253E-02 
2115	 0.014406209015177 
2116	 1.27058076056727E-02 
2117	 1.14679325501117E-02 
2118	 9.0912098774564E-03 
2119	 7.98045068605967E-03 
2120	 7.13703028968628E-03 
2121	 6.38813809317335E-03 
2122	 5.93364517998568E-03 
2123	 5.94678588604675E-03 
2124	 5.19095858876404E-03 
2125	 5.13807942434259E-03 
2126	 5.92480862622165E-03 
2127	 6.24867203810816E-03 
2128	 8.09482691733023E-03 
2129	 9.79815265278543E-03 
2130	 1.03444705514738E-02 
2131	 1.06237372302179E-02 
2132	 1.01378458257489E-02 
2133	 8.90427404936886E-03 
2134	 8.00447571097651E-03 
2135	 7.24488341775549E-03 
2136	 6.70647467844224E-03 
2137	 5.86582967048611E-03 
2138	 5.52207106801698E-03 
2139	 5.38768857780507E-03 
2140	 5.71363185334572E-03 
2141	 7.20884832457272E-03 
2142	 7.88648838590162E-03 
2143	 8.9285530693329E-03 
2144	 8.41093123060874E-03 
2145	 8.41429406918801E-03 
2146	 7.52993841043008E-03 
2147	 6.12930299238975E-03 
2148	 8.53100542252198E-03 
2149	 9.71837594669298E-03 
2150	 9.63704097371878E-03 
2151	 0.011011634965946 
2152	 1.07794549680354E-02 
2153	 9.88426349391119E-03 
2154	 9.27313651301701E-03 
2155	 8.9773189973117E-03 
2156	 8.13811503808558E-03 
2157	 8.47193490909626E-03 
2158	 1.01023077914154E-02 
2159	 1.20467669603148E-02 
2160	 1.57197473204447E-02 
2161	 1.65658579683408E-02 
2162	 1.62866606405946E-02 
2163	 1.65331527588314E-02 
2164	 1.56156783638181E-02 
2165	 1.48564891292169E-02 
2166	 1.49351817806449E-02 
2167	 1.37074415554633E-02 
2168	 9.40772139305896E-03 
2169	 8.22968994412031E-03 
2170	 7.87455021853552E-03 
2171	 1.00821667561397E-02 
2172	 1.18990014289185E-02 
2173	 1.13333263142427E-02 
2174	 0.010263563443741 
2175	 8.99204537484568E-03 
2176	 8.36618528594347E-03 
2177	 9.06803426001174E-03 
2178	 1.13014643354253E-02 
2179	 0.014026853079692 
2180	 0.014394622289729 
2181	 1.32727980017742E-02 
2182	 1.14699796687897E-02 
2183	 8.04639507029774E-03 
2184	 6.27292972603538E-03 
2185	 7.41318943091359E-03 
2186	 9.33972245635716E-03 
2187	 1.34560110200445E-02 
2188	 1.49362225266567E-02 
2189	 1.74897691368473E-02 
2190	 1.91825245907297E-02 
2191	 1.77772799675905E-02 
2192	 1.72278552066445E-02 
2193	 1.73486792345909E-02 
2194	 1.71519847676612E-02 
2195	 1.61691530382945E-02 
2196	 1.51916369732888E-02 
2197	 1.61994761082155E-02 
2198	 1.60884639989329E-02 
2199	 1.44782296566737E-02 
2200	 0.011824152392715 
2201	 1.22794587765178E-02 
2202	 1.00800320581197E-02 
2203	 6.17977563297582E-03 
2204	 5.67003852654866E-03 
2205	 9.57955168161428E-03 
2206	 1.02146184776138E-02 
2207	 7.6304204995136E-03 
2208	 9.68995928572145E-03 
2209	 8.11646598451199E-03 
2210	 2.7626571392858E-03 
2211	 4.81592869322616E-03 
2212	 5.81062005653798E-03 
2213	 7.38212412889435E-03 
2214	 1.34682029619408E-02 
2215	 1.31285721930568E-02 
2216	 0.012791265734723 
2217	 1.31921507398567E-02 
2218	 1.14022049325553E-02 
2219	 9.94471406900902E-03 
2220	 9.62619434455081E-03 
2221	 1.01754598385658E-02 
2222	 9.31844029958211E-03 
2223	 1.02513336074774E-02 
2224	 1.52639227580973E-02 
2225	 1.69909545527634E-02 
2226	 1.76745446316287E-02 
2227	 1.76698865985636E-02 
2228	 1.59454732157149E-02 
2229	 1.44426115536733E-02 
2230	 1.06334703193023E-02 
2231	 1.04175010248367E-02 
2232	 1.28431955497363E-02 
2233	 1.44993447120993E-02 
2234	 1.92635413315296E-02 
2235	 2.05022075192314E-02 
2236	 1.69310859541746E-02 
2237	 1.23909677437946E-02 
2238	 1.04501092267953E-02 
2239	 1.01056368044904E-02 
2240	 1.01393784622652E-02 
2241	 1.08072111028187E-02 
2242	 1.18872075837285E-02 
2243	 0.013173114714518 
2244	 1.40056209062936E-02 
2245	 1.36952128127743E-02 
2246	 1.22972193034907E-02 
2247	 7.89236752529569E-03 
2248	 3.58004471245302E-03 
2249	 4.25574676218452E-03 
2250	 3.60708394290655E-03 
2251	 4.14460157873775E-03 
2252	 1.07086061031005E-02 
2253	 1.51506063475002E-02 
2254	 1.35575056558935E-02 
2255	 9.70804212806359E-03 
2256	 0.010521330773572 
2257	 1.23741848965549E-02 
2258	 1.31981178228718E-02 
2259	 1.68109268812977E-02 
2260	 0.018302824479548 
2261	 1.45897188990464E-02 
2262	 1.37955506445332E-02 
2263	 1.41974328264884E-02 
2264	 1.56998454616975E-02 
2265	 1.94817665670367E-02 
2266	 1.81073907889591E-02 
2267	 0.015436841647834 
2268	 1.54855661478127E-02 
2269	 1.12200076518554E-02 
2270	 9.6170775597458E-03 
2271	 0.014638368631164 
2272	 1.49602518404347E-02 
2273	 1.15973158907036E-02 
2274	 1.06470389550167E-02 
2275	 8.13249683001366E-03 
2276	 7.08493490392563E-03 
2277	 9.14970418753458E-03 
2278	 7.75124993986867E-03 
2279	 4.46257161348631E-03 
2280	 6.28794747702686E-03 
2281	 8.82810431222415E-03 
2282	 1.21125108495796E-02 
2283	 1.80872320952686E-02 
2284	 1.58197454734313E-02 
2285	 0.010094800359469 
2286	 7.00434438963347E-03 
2287	 5.04082120033546E-03 
2288	 6.96595894011924E-03 
2289	 1.19512263866694E-02 
2290	 1.16702277383623E-02 
2291	 9.48386686098322E-03 
2292	 1.34409838056368E-02 
2293	 1.63802346113593E-02 
2294	 1.69331213661666E-02 
2295	 2.54838930116996E-02 
2296	 2.79625964862157E-02 
2297	 2.24322165526312E-02 
2298	 2.17449697498675E-02 
2299	 1.67577449912191E-02 
2300	 9.60189213005063E-03 
2301	 5.56090190686573E-03 
2302	 7.41056136861319E-03 
2303	 1.51371114739625E-02 
2304	 1.72910783746455E-02 
2305	 1.61989291991245E-02 
2306	 0.014297916402539 
2307	 1.35524205068768E-02 
2308	 1.16413981599134E-02 
2309	 8.18643473591765E-03 
2310	 1.03900023870658E-02 
2311	 1.02535623613844E-02 
2312	 0.013464518318481 
2313	 2.25986667437806E-02 
2314	 2.99565459141689E-02 
2315	 3.19734676753062E-02 
2316	 2.38389196787417E-02 
2317	 1.68562585105306E-02 
2318	 1.15858599241482E-02 
2319	 4.45265618400937E-04 
2320	-6.90856968021094E-04 
2321	 2.17118985248361E-03 
2322	-5.38931471048606E-03 
2323	-7.91885192008028E-03 
2324	-6.73925996971319E-03 
2325	-1.22022732573324E-03 
2326	 1.14715115883563E-02 
2327	 1.78821175613551E-02 
2328	 0.012464457950435 
2329	 7.65933085914455E-03 
2330	 9.34296321869906E-03 
2331	 3.18847495632854E-03 
2332	 4.72207024617751E-03 
2333	 1.42028065646966E-02 
2334	 1.63723163936795E-02 
2335	 2.07534047681081E-02 
2336	 1.96889535124143E-02 
2337	 9.49153396960199E-03 
2338	-1.40745758149801E-03 
2339	-1.58387238117706E-04 
2340	 7.0399968884898E-03 
2341	 9.61999754181348E-03 
2342	 0.013741891745256 
2343	 1.05287149244531E-02 
2344	 6.5891135354726E-03 
2345	 1.27112322980165E-02 
2346	 0.02209598338719 
2347	 1.49050015390206E-02 
2348	 1.16213198272509E-02 
2349	 1.39809757128855E-02 
2350	 4.32627213384103E-03 
2351	 1.88107570167119E-02 
2352	 2.34420080456917E-02 
2353	 3.78582615183493E-03 
2354	-8.93615350442912E-03 
2355	-1.71326388423946E-02 
2356	-2.10355885914219E-02 
2357	-2.61927064093379E-02 
2358	-2.32748565862857E-02 
2359	-2.72943135539758E-02 
2360	-2.45268145266644E-02 
2361	 8.9457435162166E-03 
2362	 2.17281012134765E-02 
2363	 2.37908191662945E-02 
2364	 3.19741025121877E-02 
2365	 9.19380426714466E-03 
2366	-6.54782728559237E-03 
2367	 2.23105948854426E-02 
2368	 4.45025551190724E-02 
2369	 4.17470945728561E-02 
2370	 4.00190807588285E-02 
2371	 2.41035758177349E-02 
2372	-2.00898448981886E-02 
2373	-4.98836711344095E-02 
2374	-4.09827293184592E-02 
2375	-4.10119503740561E-02 
2376	-4.69093350596502E-02 
2377	-1.72289457009192E-02 
2378	 1.55118208851061E-02 
2379	 3.59673978461538E-02 
2380	 4.73531506813011E-02 
2381	 0.014386059452908 
2382	-1.87892704890916E-02 
2383	-3.68056095043849E-02 
2384	-2.51300906453492E-02 
2385	 6.52090621534391E-02 
2386	 0.144265649203681 
2387	 9.26185947107091E-02 
2388	 2.78095292857116E-02 
2389	 2.24680767004853E-04 
2390	-5.56347353775645E-02 
2391	-7.03132965446752E-02 
2392	-5.03480784200283E-02 
2393	-0.090518446964587 
2394	-0.109444616323177 
2395	-7.69537485072342E-02 
2396	-2.08009540329442E-02 
2397	 6.69700533064842E-02 
2398	 7.34002076484123E-02 
2399	 5.78215460081756E-02 
2400	 4.78285292350705E-02 
2401	-2.01943492422566E-03 
2402	 0.039642130926308 
2403	 0.058784212847875 
2404	 6.15277562835255E-02 
2405	 0.118032389768691 
2406	 0.120046310118526 
2407	 0.13013093400941 
2408	 0.187843559963414 
2409	 0.178889537744141 
2410	 0.106242215422297 
2411	 8.73007598470806E-02 
2412	 4.69872602369073E-02 
2413	-0.045429384222203 
2414	-6.18707215946548E-02 
2415	-0.063455691785846 
2416	-9.82253369093623E-02 
2417	-0.100638416810778 
2418	-2.24044849809316E-02 
2419	-3.44523552934759E-02 
2420	-8.01545332600988E-02 
2421	-0.083255221465527 
2422	-0.259731850439923 
2423	-0.344716325221998 
2424	-0.386827289392188 
2425	-0.334198986662143 
2426	-7.20154108329244E-02 
2427	-2.01012134012705E-02 
2428	 3.75049338106827E-02 
2429	 0.137657080583336 
2430	-1.56456578116999E-02 
2431	-0.109803536330771 
2432	-2.19731257994718E-02 
2433	-0.127716918501976 
2434	-0.312988940661472 
2435	-0.206515928420984 
2436	-0.185309187810928 
2437	-0.434316088200113 
2438	-0.364128712810356 
2439	-0.176126088211346 
2440	-0.411708415021117 
2441	-0.370921495980033 
2442	-8.45800319457384E-02 
2443	-0.455308098339465 
2444	-0.53673658216256 
2445	-0.372918500387025 
2446	-0.627506468631548 
2447	-1.05006619539028 
2448	-0.892343258994471 
2449	-0.267284826131493 
2450	 3.59733770699341E-02 
2451	 0.779031277099018 
2452	-7.37647718387086 
2453	-1.26617267584352 
2454	 0.352899628263697 
2455	-1.16965809065875E-02 
2456	-0.368998281284044 
2457	-0.27213345591213 
2458	 0.467465615854713 
2459	 0.781748481019159 
2460	 0.292566121893117 
2461	-0.214856577664558 
2462	-0.58172710680136 
2463	-0.663536452576203 
2464	-1.14850302128996 
2465	-0.611466616845342 
2466	-4.01497323884212E-02 
2467	 0.443018056030555 
2468	 0.458339468308879 
2469	 0.67877688534615 
2470	 0.437430983252944 
2471	-1.94886130229765E-02 
2472	 0.129730420592917 
2473	 1.59314149228735 
2474	-1.19870318232799 
2475	-1.78642964348577 
2476	-0.245484928625642 
2477	-16.7647490041849 
2478	-3.73132000891477 
2479	-7.76329863981258 
2480	-4.94211284898804 
2481	-0.909178431201101 
2482	-0.104792035365516 
2483	 0.424631686609107 
2484	 1.52003840758777 
2485	-10.6553648294366 
2486	-3.64652789572266 
2487	 2.27361020930219 
2488	 1.64667245949821 
2489	 1.2870691978349 
2490	-2.93596470226007 
2491	 0.053881880044117 
2492	 0.390028363328024 
2493	 2.30537573731335E-02 
2494	-0.232322808019819 
2495	 5.10349590811708 
2496	 2.04328973634987 
2497	-0.124209718734298 
2498	 0.489745825535895 
2499	 0.227844161973615 
2500	-0.21491115688914 
