Wavelength	rt0726far00005.asd
350	 3.90961519425875E-02 
351	 3.93117498914675E-02 
352	 3.86236931851608E-02 
353	 3.81217951665684E-02 
354	 3.84871491345998E-02 
355	 3.88529870269447E-02 
356	 3.88770407467682E-02 
357	 3.88508125145538E-02 
358	 3.90314926718272E-02 
359	 3.84866112232844E-02 
360	 3.81165685968005E-02 
361	 3.82863982883219E-02 
362	 3.88013080135162E-02 
363	 3.82242836160158E-02 
364	 3.80535673258183E-02 
365	 0.038607156542041 
366	 3.79019683337903E-02 
367	 3.77512617015831E-02 
368	 3.78627992698776E-02 
369	 3.78112261605672E-02 
370	 3.88993059415032E-02 
371	 3.85759331893283E-02 
372	 3.74859615881706E-02 
373	 3.78574843817533E-02 
374	 3.76906308382326E-02 
375	 3.76453471170916E-02 
376	 3.78330497219056E-02 
377	 0.037301269673014 
378	 3.72318756138329E-02 
379	 3.77395585818075E-02 
380	 3.84263528131997E-02 
381	 3.82626399257373E-02 
382	 3.78320806483196E-02 
383	 0.037549993101692 
384	 3.76454132189979E-02 
385	 3.77224437315902E-02 
386	 3.76936922327106E-02 
387	 3.75782963765208E-02 
388	 3.74870437663586E-02 
389	 3.77751293991594E-02 
390	 3.78737706133946E-02 
391	 0.037523257114466 
392	 3.76073632246721E-02 
393	 3.76894982468626E-02 
394	 3.76794114925563E-02 
395	 3.76254330384451E-02 
396	 3.75535100392611E-02 
397	 3.76852565373984E-02 
398	 3.78907835561457E-02 
399	 3.77781732363504E-02 
400	 3.78033002740071E-02 
401	 3.77470810751093E-02 
402	 3.75753168197292E-02 
403	 3.79435689740067E-02 
404	 3.80507499321537E-02 
405	 0.037861913710875 
406	 3.76612504537484E-02 
407	 3.77303117886162E-02 
408	 3.77779346285958E-02 
409	 0.03773856637102 
410	 3.77945352593949E-02 
411	 3.77925247743769E-02 
412	 3.78187666714129E-02 
413	 3.79270224350826E-02 
414	 3.80113202499638E-02 
415	 3.79632942301747E-02 
416	 3.79117100945419E-02 
417	 3.80395310835614E-02 
418	 3.82120789989403E-02 
419	 3.82895057971747E-02 
420	 3.82577130724321E-02 
421	 3.82387678143321E-02 
422	 0.038515607265583 
423	 0.038709589246615 
424	 3.85905554246968E-02 
425	 3.87305717126991E-02 
426	 3.88378338510791E-02 
427	 3.89595483925543E-02 
428	 3.92414636373143E-02 
429	 0.03934995828697 
430	 3.93929150376323E-02 
431	 3.94734074310766E-02 
432	 3.96337843086551E-02 
433	 3.97518887246898E-02 
434	 3.98553467725078E-02 
435	 3.99940806707391E-02 
436	 4.01808873802138E-02 
437	 4.03729390439906E-02 
438	 4.05287581759787E-02 
439	 0.040638429312333 
440	 4.09604588383155E-02 
441	 0.041177792362961 
442	 4.12234614707068E-02 
443	 4.14843351051703E-02 
444	 4.16900622807326E-02 
445	 4.18818959610912E-02 
446	 0.042119032529779 
447	 4.21880197086563E-02 
448	 4.23505823072245E-02 
449	 4.26106814288413E-02 
450	 4.27797693077612E-02 
451	 4.28562536275273E-02 
452	 4.29981848151322E-02 
453	 4.32537153167727E-02 
454	 4.34059384480572E-02 
455	 0.043491148024823 
456	 4.35805707698982E-02 
457	 4.37263134352226E-02 
458	 4.37672850346716E-02 
459	 4.38360142252213E-02 
460	 0.043984695771693 
461	 0.044162712556989 
462	 4.41885969980045E-02 
463	 4.42441363805559E-02 
464	 4.44632026101096E-02 
465	 4.46505869286461E-02 
466	 4.47772089021047E-02 
467	 4.49285752602616E-02 
468	 4.52037839802031E-02 
469	 4.53061968672408E-02 
470	 4.53870614207472E-02 
471	 4.55442000368838E-02 
472	 4.57455513043009E-02 
473	 4.60509562471625E-02 
474	 4.62611505435139E-02 
475	 4.62574685586131E-02 
476	 4.64248991754239E-02 
477	 4.66574830598875E-02 
478	 4.68555735064455E-02 
479	 4.69463354866484E-02 
480	 4.70628632604359E-02 
481	 4.72681817804467E-02 
482	 0.047545561838827 
483	 0.047740897907318 
484	 4.79498371769542E-02 
485	 4.81574912675789E-02 
486	 0.048323758488078 
487	 4.84679272452473E-02 
488	 4.87437359349335E-02 
489	 4.90535568731458E-02 
490	 4.90849335396704E-02 
491	 4.93217994870244E-02 
492	 4.96924169715856E-02 
493	 5.00438685361685E-02 
494	 5.03167975639854E-02 
495	 5.06404633703719E-02 
496	 5.09998714229252E-02 
497	 5.13160451194076E-02 
498	 5.16499412964024E-02 
499	 5.19231368793048E-02 
500	 5.21909712518149E-02 
501	 5.27359314300503E-02 
502	 5.31294197936812E-02 
503	 5.34551210236876E-02 
504	 5.38876336474927E-02 
505	 5.43261499520251E-02 
506	 5.46895733081428E-02 
507	 5.50046243041873E-02 
508	 5.53857277121321E-02 
509	 0.055921828919932 
510	 0.056431341069053 
511	 5.68132103553681E-02 
512	 5.72551540494228E-02 
513	 0.057698484869 
514	 5.81492570513351E-02 
515	 0.058634477003617 
516	 5.91779110698114E-02 
517	 5.97296051909717E-02 
518	 6.02306251885844E-02 
519	 6.06253569713489E-02 
520	 6.11043557823248E-02 
521	 6.16404332047283E-02 
522	 6.21785659998666E-02 
523	 6.27691540390798E-02 
524	 6.32422688753043E-02 
525	 6.36855380770415E-02 
526	 6.43379176808333E-02 
527	 6.48824657757129E-02 
528	 6.53922809941987E-02 
529	 0.065934543751497 
530	 6.64536375164521E-02 
531	 6.69702194585638E-02 
532	 6.75059756357694E-02 
533	 6.80810830758457E-02 
534	 6.87149523017276E-02 
535	 6.93026325067423E-02 
536	 6.98528939454301E-02 
537	 7.05040107093799E-02 
538	 7.11617345391574E-02 
539	 7.17785930626164E-02 
540	 7.23583449089985E-02 
541	 0.073026555705602 
542	 7.37350716744111E-02 
543	 7.43787413362059E-02 
544	 0.074864158678427 
545	 7.55773847029321E-02 
546	 7.63289051691821E-02 
547	 7.69704290766065E-02 
548	 7.75735488081021E-02 
549	 7.82555665381158E-02 
550	 7.89335949448046E-02 
551	 7.95096054922982E-02 
552	 8.02530225281763E-02 
553	 8.09745082111496E-02 
554	 8.16229564826075E-02 
555	 0.082324790239644 
556	 8.29392737495788E-02 
557	 0.083568709115044 
558	 0.084280852746752 
559	 8.48756232059684E-02 
560	 8.53640296803123E-02 
561	 8.58209861619061E-02 
562	 0.086356443161716 
563	 8.69424752550603E-02 
564	 8.74973306133752E-02 
565	 8.79394403224015E-02 
566	 8.81779536654449E-02 
567	 0.088605116119189 
568	 8.90746285631554E-02 
569	 8.93100382812456E-02 
570	 8.95800563626837E-02 
571	 8.98554033461658E-02 
572	 9.01289309603699E-02 
573	 9.04302870496793E-02 
574	 9.05537527144912E-02 
575	 9.06603944099649E-02 
576	 9.08873201850487E-02 
577	 9.10150541651419E-02 
578	 0.091081730923017 
579	 9.11025377489436E-02 
580	 9.10914865132165E-02 
581	 9.11562104449503E-02 
582	 9.11899877513496E-02 
583	 9.11271833735054E-02 
584	 9.10206000221594E-02 
585	 9.09100541611988E-02 
586	 9.07970406015785E-02 
587	 9.06511450662388E-02 
588	 9.03700862750444E-02 
589	 9.01483318843741E-02 
590	 9.00468938572828E-02 
591	 8.99434350893726E-02 
592	 8.97687573667721E-02 
593	 8.96308471958901E-02 
594	 8.95535326178645E-02 
595	 8.91788133215242E-02 
596	 8.87302530151603E-02 
597	 0.08823320821988 
598	 8.76323077792623E-02 
599	 8.71995346035538E-02 
600	 8.67852721100995E-02 
601	 8.63386721474117E-02 
602	 8.60657235966252E-02 
603	 8.59316873575055E-02 
604	 8.58017447724743E-02 
605	 8.55766212678293E-02 
606	 8.55410771949419E-02 
607	 8.54337152974934E-02 
608	 8.52548532366111E-02 
609	 8.52844820309066E-02 
610	 8.51667682822716E-02 
611	 8.49612531366722E-02 
612	 8.47829588459859E-02 
613	 8.46329911587313E-02 
614	 0.084527852363126 
615	 8.44238832529115E-02 
616	 8.42582131490678E-02 
617	 8.41154387236728E-02 
618	 8.40073148613077E-02 
619	 8.39165863382178E-02 
620	 8.37925462421457E-02 
621	 8.37873733240211E-02 
622	 0.083782994005607 
623	 0.083635172216947 
624	 8.35361136680722E-02 
625	 8.34335790577086E-02 
626	 0.08332272053493 
627	 8.32474232305946E-02 
628	 8.31166198728569E-02 
629	 8.29511899089117E-02 
630	 8.28020643633872E-02 
631	 8.27399015611696E-02 
632	 8.27216974380847E-02 
633	 8.26733645523998E-02 
634	 8.25325655792049E-02 
635	 8.24392998706621E-02 
636	 8.24523055736208E-02 
637	 8.25064050486994E-02 
638	 8.23725858768879E-02 
639	 8.24117426004199E-02 
640	 8.25035581548061E-02 
641	 8.24609371229931E-02 
642	 8.24333190363159E-02 
643	 8.25047198870002E-02 
644	 8.25715822960363E-02 
645	 8.24015083043196E-02 
646	 8.23325637437314E-02 
647	 8.23452836894276E-02 
648	 8.23229921049028E-02 
649	 8.20810253748134E-02 
650	 8.18500033509845E-02 
651	 0.081604291556952 
652	 8.12310726733945E-02 
653	 8.06972121135785E-02 
654	 8.00583939225611E-02 
655	 7.93307131435013E-02 
656	 7.85667686051359E-02 
657	 7.76797290841836E-02 
658	 0.076760845709614 
659	 7.58796196641013E-02 
660	 7.50522944182005E-02 
661	 7.42376125635389E-02 
662	 7.34052638829837E-02 
663	 7.25576159826456E-02 
664	 7.17673767966638E-02 
665	 7.10985390285729E-02 
666	 7.05032789262146E-02 
667	 6.97421038793198E-02 
668	 6.92966358980938E-02 
669	 6.89887862331372E-02 
670	 6.85483794012092E-02 
671	 0.068407769812328 
672	 6.84761365014187E-02 
673	 6.85945308922893E-02 
674	 6.85896935040276E-02 
675	 6.87873790999941E-02 
676	 6.91190094094056E-02 
677	 6.94800201134742E-02 
678	 6.98638983621314E-02 
679	 7.04000643756935E-02 
680	 7.09597499574851E-02 
681	 7.13800206160612E-02 
682	 7.21354877740989E-02 
683	 7.30488072239934E-02 
684	 0.073916529622142 
685	 7.46488701966867E-02 
686	 7.56992278453033E-02 
687	 7.67832213422657E-02 
688	 7.75045051946373E-02 
689	 7.82330204528517E-02 
690	 7.90612497078399E-02 
691	 7.98283953684993E-02 
692	 8.02652176806925E-02 
693	 8.07867154457638E-02 
694	 8.12004279085654E-02 
695	 8.13629095357985E-02 
696	 8.13524214887621E-02 
697	 8.13669444887415E-02 
698	 8.12754248825149E-02 
699	 8.09100983199938E-02 
700	 0.080503372482235 
701	 8.00987387390884E-02 
702	 0.079666869338766 
703	 7.91170906030773E-02 
704	 7.85044492427062E-02 
705	 7.77716906929981E-02 
706	 7.69316959537819E-02 
707	 7.61418698371385E-02 
708	 7.52063401866019E-02 
709	 7.40934866889341E-02 
710	 7.28632802831797E-02 
711	 7.17107699185329E-02 
712	 0.07038239577181 
713	 6.88813080852401E-02 
714	 6.74704350995324E-02 
715	 6.62257154714053E-02 
716	 6.47951314893655E-02 
717	 6.29978147886769E-02 
718	 6.15235004626185E-02 
719	 5.96178356866876E-02 
720	 5.79084947831653E-02 
721	 0.056806962686167 
722	 5.53542642833026E-02 
723	 5.36981329999584E-02 
724	 5.21073948900935E-02 
725	 5.03761513040581E-02 
726	 4.85632978097357E-02 
727	 4.67061537005297E-02 
728	 4.48141804731734E-02 
729	 4.27480163607655E-02 
730	 4.05683682341123E-02 
731	 3.84931725753844E-02 
732	 3.66725324440416E-02 
733	 3.53056523261139E-02 
734	 0.034208506722222 
735	 3.32539386726251E-02 
736	 0.032379834379922 
737	 3.18041389043193E-02 
738	 3.13542798702835E-02 
739	 3.08891359592621E-02 
740	 3.06216242188813E-02 
741	 3.04291055802218E-02 
742	 3.02816492640434E-02 
743	 3.01979658019334E-02 
744	 3.01997790460589E-02 
745	 3.01625451000928E-02 
746	 3.00599006696613E-02 
747	 3.00126193720966E-02 
748	 3.00257373573211E-02 
749	 3.00987413078162E-02 
750	 0.03018554755896 
751	 3.01122735703686E-02 
752	 3.00778561006054E-02 
753	 3.00788884881041E-02 
754	 3.00274798903327E-02 
755	 3.01556421427918E-02 
756	 0.030222908189954 
757	 3.02026694702901E-02 
758	 3.05080730034811E-02 
759	 3.08919434170271E-02 
760	 3.10907797463481E-02 
761	 3.09150364573091E-02 
762	 3.07970511861884E-02 
763	 3.07482728136164E-02 
764	 0.030654839328751 
765	 3.04820830305336E-02 
766	 3.07263095347208E-02 
767	 3.08609314049301E-02 
768	 3.08541096280688E-02 
769	 3.11053860161343E-02 
770	 0.031221392476605 
771	 3.12962663739041E-02 
772	 3.14524354026473E-02 
773	 3.16184460104366E-02 
774	 3.18073357179346E-02 
775	 3.19940647039876E-02 
776	 3.21560830727308E-02 
777	 3.23611796806873E-02 
778	 3.26044696574494E-02 
779	 3.28809073603865E-02 
780	 3.31867702217467E-02 
781	 3.34064572399247E-02 
782	 3.36426191252661E-02 
783	 3.39534426081799E-02 
784	 3.41983499910727E-02 
785	 3.45260059330691E-02 
786	 3.48829399480321E-02 
787	 3.51719039829007E-02 
788	 3.54885016580369E-02 
789	 3.57844088454064E-02 
790	 0.036162058981549 
791	 0.036780021154371 
792	 0.036971486879892 
793	 0.037212747232139 
794	 3.77222410891631E-02 
795	 3.80291382889455E-02 
796	 3.83803441620935E-02 
797	 3.87066561091754E-02 
798	 3.89363396820916E-02 
799	 3.92265280109287E-02 
800	 3.94976919132587E-02 
801	 3.97494522140302E-02 
802	 4.00104757496331E-02 
803	 4.01337712485022E-02 
804	 4.03560272629286E-02 
805	 4.05908971230211E-02 
806	 4.04061177817988E-02 
807	 4.04387543730546E-02 
808	 4.04253304218726E-02 
809	 4.01619683910857E-02 
810	 4.00558668566008E-02 
811	 4.01792406240554E-02 
812	 4.01770462447013E-02 
813	 3.96323290124895E-02 
814	 3.92143913732486E-02 
815	 3.89255307605573E-02 
816	 3.85972123874172E-02 
817	 3.80261170676605E-02 
818	 0.037704464642608 
819	 3.73293108481457E-02 
820	 3.66736075095401E-02 
821	 3.57013124982433E-02 
822	 3.45914276779734E-02 
823	 3.36136066816962E-02 
824	 3.28036922841065E-02 
825	 3.16014977807955E-02 
826	 3.03312795606102E-02 
827	 2.90793663469019E-02 
828	 0.027900492771564 
829	 0.026646422155946 
830	 2.54409677548749E-02 
831	 0.024507312334617 
832	 2.40496412196076E-02 
833	 2.32080923419538E-02 
834	 2.26318438859647E-02 
835	 2.24395614502111E-02 
836	 2.18702639457197E-02 
837	 2.17799615661398E-02 
838	 2.15653135803268E-02 
839	 2.08918775046822E-02 
840	 2.09237001946551E-02 
841	 2.08927103931616E-02 
842	 2.06870156467472E-02 
843	 2.04553988905946E-02 
844	 2.03839160029023E-02 
845	 2.01814947159152E-02 
846	 1.99549713988041E-02 
847	 2.00139894575186E-02 
848	 1.97778857283747E-02 
849	 1.95144026510962E-02 
850	 1.94033086001838E-02 
851	 0.019367441274208 
852	 0.019087573868233 
853	 1.88929204774007E-02 
854	 1.89699107561841E-02 
855	 1.89009046785295E-02 
856	 1.88149918414333E-02 
857	 1.87525411305856E-02 
858	 0.018674245548772 
859	 1.83013347571674E-02 
860	 1.81920119653836E-02 
861	 1.83461334069324E-02 
862	 0.018430412813163 
863	 1.81186797085707E-02 
864	 1.78095437094939E-02 
865	 0.017760787627549 
866	 1.79577063079347E-02 
867	 1.76854415633111E-02 
868	 0.01750061995978 
869	 1.75886582261908E-02 
870	 0.017434709382417 
871	 1.69804989364771E-02 
872	 0.016791658481803 
873	 1.70675920516153E-02 
874	 0.016894021817296 
875	 1.67163959795941E-02 
876	 1.65760275888329E-02 
877	 0.016428370337579 
878	 1.63650656647612E-02 
879	 1.61645586974646E-02 
880	 1.59369582211791E-02 
881	 1.58932066023597E-02 
882	 1.58425006669148E-02 
883	 1.56528012255044E-02 
884	 1.53564589027362E-02 
885	 0.015140449900404 
886	 1.54014328540036E-02 
887	 1.52644397575408E-02 
888	 1.47526937070159E-02 
889	 1.49598420594421E-02 
890	 1.48125546783821E-02 
891	 1.47697536041786E-02 
892	 1.50975253817666E-02 
893	 1.51930580726651E-02 
894	 1.47872210227234E-02 
895	 1.43356534240663E-02 
896	 1.43043058185683E-02 
897	 1.42809986451682E-02 
898	 1.49147125592724E-02 
899	 1.49556863979918E-02 
900	 1.36948128190062E-02 
901	 1.42707879076983E-02 
902	 1.41594365208361E-02 
903	 1.38606046710486E-02 
904	 1.44958746176358E-02 
905	 1.40694482099255E-02 
906	 1.39216191615109E-02 
907	 1.40386426787369E-02 
908	 1.35839035182164E-02 
909	 1.40582030916502E-02 
910	 1.42988742178508E-02 
911	 1.40723363817132E-02 
912	 1.41190404443106E-02 
913	 1.36795927176108E-02 
914	 1.37355409682607E-02 
915	 1.42219200986577E-02 
916	 1.37816162884705E-02 
917	 1.25394269880511E-02 
918	 1.19507475848454E-02 
919	 1.24524616916424E-02 
920	 1.29623444059047E-02 
921	 0.012972420042149 
922	 0.012742536568353 
923	 1.27226376408461E-02 
924	 1.33926096393594E-02 
925	 1.29242334263236E-02 
926	 0.012176491361181 
927	 1.24138814694757E-02 
928	 1.28200748537031E-02 
929	 1.42693210039202E-02 
930	 1.52909000291158E-02 
931	 1.34101052000248E-02 
932	 1.11366761169974E-02 
933	 1.28367819948413E-02 
934	 1.67691062412131E-02 
935	 1.71704203578236E-02 
936	 1.16607576323944E-02 
937	 1.12323168838591E-02 
938	 0.013842468848805 
939	 1.43302083352745E-02 
940	 0.01296620694387 
941	 1.33130099580081E-02 
942	 1.42350941989212E-02 
943	 1.26414086218684E-02 
944	 9.59525367485617E-03 
945	 9.60391994346299E-03 
946	 1.28664895465644E-02 
947	 0.015758933906722 
948	 0.011518470835267 
949	 1.12295159752118E-02 
950	 1.41748667349026E-02 
951	 1.29505207098793E-02 
952	 1.15628499007001E-02 
953	 1.21811151856802E-02 
954	 1.34014964495578E-02 
955	 1.23364069302283E-02 
956	 1.24651705608514E-02 
957	 1.17570398817096E-02 
958	 9.75796555919832E-03 
959	 8.20251677392969E-03 
960	 1.40559939715573E-02 
961	 1.50042245240534E-02 
962	 0.010981897580355 
963	 1.07166872455231E-02 
964	 1.22483815998256E-02 
965	 1.23464256429816E-02 
966	 1.14205732581159E-02 
967	 0.012079837430973 
968	 1.21885640399494E-02 
969	 1.27538267491262E-02 
970	 1.27708721947673E-02 
971	 1.02496065258814E-02 
972	 1.18242774033014E-02 
973	 1.33477842992887E-02 
974	 1.26646916904277E-02 
975	 1.11143823411942E-02 
976	 1.06796484924402E-02 
977	 1.10784484297039E-02 
978	 1.21424975181104E-02 
979	 1.37440635852593E-02 
980	 1.32396020463931E-02 
981	 1.19245873795335E-02 
982	 1.12001418684985E-02 
983	 1.15664047333358E-02 
984	 9.37499331689714E-03 
985	 9.88070011738671E-03 
986	 1.21120025309364E-02 
987	 1.08055266218891E-02 
988	 0.011627717060047 
989	 1.18625471343025E-02 
990	 0.011551168447447 
991	 1.26359006254889E-02 
992	 0.011462720100216 
993	 9.98347424438582E-03 
994	 9.53168693495641E-03 
995	 1.02343459163932E-02 
996	 0.010441907856653 
997	 1.13434641440116E-02 
998	 1.22574687352188E-02 
999	 1.16977167872829E-02 
1000	 1.11198192340576E-02 
1001	 1.09915372338167E-02 
1002	 1.11145645585871E-02 
1003	 1.10491085361409E-02 
1004	 1.08926169675124E-02 
1005	 1.09173236492175E-02 
1006	 1.09781081096112E-02 
1007	 1.08786309427104E-02 
1008	 1.09591008788752E-02 
1009	 1.10883884672434E-02 
1010	 1.08453696975862E-02 
1011	 0.010748594105442 
1012	 1.05081351170706E-02 
1013	 1.05578529954242E-02 
1014	 1.04306934675253E-02 
1015	 9.77343765974663E-03 
1016	 1.00096438784892E-02 
1017	 1.09626529496049E-02 
1018	 1.12434106768012E-02 
1019	 1.17212891085162E-02 
1020	 1.19698586193503E-02 
1021	 1.18311794383082E-02 
1022	 1.16865405265672E-02 
1023	 1.10876851742164E-02 
1024	 1.13670562684175E-02 
1025	 1.14126810537317E-02 
1026	 1.12759827521519E-02 
1027	 0.011341232447037 
1028	 1.18059902936677E-02 
1029	 1.17917973890276E-02 
1030	 1.14622910786602E-02 
1031	 1.13044202677938E-02 
1032	 1.11218711047521E-02 
1033	 1.09759032051843E-02 
1034	 1.08555454989587E-02 
1035	 1.08355809574407E-02 
1036	 0.010712596124042 
1037	 1.07837266736852E-02 
1038	 1.13404047716111E-02 
1039	 1.13821554564794E-02 
1040	 1.12593945765014E-02 
1041	 1.11979203727403E-02 
1042	 1.12242003518569E-02 
1043	 1.11227153399653E-02 
1044	 1.11072754120518E-02 
1045	 0.011324199115326 
1046	 1.13944184578538E-02 
1047	 1.12702132641021E-02 
1048	 1.11909773958131E-02 
1049	 1.11928310648647E-02 
1050	 0.011145965745429 
1051	 1.10522568418049E-02 
1052	 1.09399807018771E-02 
1053	 1.06529985055551E-02 
1054	 1.06457718105891E-02 
1055	 1.10072392770546E-02 
1056	 1.09703285776498E-02 
1057	 1.08449187748467E-02 
1058	 1.06904494821425E-02 
1059	 0.010770489405973 
1060	 1.05548557497273E-02 
1061	 1.07433527162269E-02 
1062	 0.011705568463129 
1063	 0.011855515828274 
1064	 1.16613333281314E-02 
1065	 1.15041589314388E-02 
1066	 1.07320294991217E-02 
1067	 1.06417820926587E-02 
1068	 1.12465890238593E-02 
1069	 1.12192974241381E-02 
1070	 1.08585659772839E-02 
1071	 1.09537338906339E-02 
1072	 1.09446926591195E-02 
1073	 1.10285299440466E-02 
1074	 1.09812176816063E-02 
1075	 1.14320220854831E-02 
1076	 1.14285699586103E-02 
1077	 1.07491648004802E-02 
1078	 1.06356376586768E-02 
1079	 1.08290745969831E-02 
1080	 1.09683722340633E-02 
1081	 1.13559545273976E-02 
1082	 0.01145126238569 
1083	 1.13419263351638E-02 
1084	 1.13640574188163E-02 
1085	 1.10710862286789E-02 
1086	 1.11425605509107E-02 
1087	 1.22731204004484E-02 
1088	 0.012399515582254 
1089	 1.21840128072804E-02 
1090	 0.011199295545353 
1091	 1.11273134424034E-02 
1092	 1.06350119079368E-02 
1093	 1.04944802595484E-02 
1094	 0.011632963130476 
1095	 1.15681951073345E-02 
1096	 1.00437959080903E-02 
1097	 1.00003527385702E-02 
1098	 0.010855754840491 
1099	 1.07938424875064E-02 
1100	 1.09718763915813E-02 
1101	 0.011135910782835 
1102	 1.02574431597844E-02 
1103	 1.01794270863312E-02 
1104	 1.14528383768486E-02 
1105	 1.16122679341306E-02 
1106	 1.14572443876111E-02 
1107	 1.08975362773913E-02 
1108	 1.00279007041587E-02 
1109	 1.05878506351987E-02 
1110	 1.06953559781805E-02 
1111	 1.15250253527574E-02 
1112	 1.17110719947854E-02 
1113	 1.11272882690569E-02 
1114	 1.13568156373647E-02 
1115	 1.22321840272202E-02 
1116	 1.27105625199927E-02 
1117	 1.37521601818394E-02 
1118	 1.45293095187174E-02 
1119	 1.48068749896086E-02 
1120	 1.47427897495582E-02 
1121	 1.48756986050696E-02 
1122	 1.24104415882633E-02 
1123	 1.01070087457639E-02 
1124	 0.013567069579072 
1125	 1.33044636259769E-02 
1126	 9.59233702056511E-03 
1127	 0.010783856806121 
1128	 8.14867283124429E-03 
1129	 7.20427899589422E-03 
1130	 1.06616530538402E-02 
1131	 1.20520887556791E-02 
1132	 1.07145600814856E-02 
1133	 1.10143372951551E-02 
1134	 1.21622685051778E-02 
1135	 1.20514765842059E-02 
1136	 1.14864169501841E-02 
1137	 1.18227214015791E-02 
1138	 1.21176936777729E-02 
1139	 1.35854136015578E-02 
1140	 0.014674675879126 
1141	 0.012826719980546 
1142	 9.05782692695513E-03 
1143	 9.64012672552895E-03 
1144	 1.19789342406064E-02 
1145	 1.27627548874426E-02 
1146	 1.63633460814302E-02 
1147	 1.52761655003821E-02 
1148	 1.07833837556375E-02 
1149	 1.15349310066598E-02 
1150	 1.11136014847324E-02 
1151	 9.41493704673183E-03 
1152	 1.05842129565408E-02 
1153	 1.43072389857331E-02 
1154	 1.42567452064089E-02 
1155	 1.37224088913325E-02 
1156	 1.37132646134449E-02 
1157	 1.12438144671872E-02 
1158	 9.86153187523924E-03 
1159	 1.06947299327446E-02 
1160	 0.011675474203131 
1161	 1.26604051953201E-02 
1162	 1.22830571315691E-02 
1163	 1.08377264498222E-02 
1164	 1.04827400553396E-02 
1165	 1.08393694196075E-02 
1166	 1.11861794656013E-02 
1167	 1.16665884913095E-02 
1168	 1.14987412627971E-02 
1169	 1.05164779908947E-02 
1170	 1.02290509486768E-02 
1171	 1.03127573471194E-02 
1172	 1.10160473476403E-02 
1173	 1.09940293413196E-02 
1174	 1.10015482240824E-02 
1175	 1.09230190714226E-02 
1176	 1.06409511431946E-02 
1177	 1.05362708860766E-02 
1178	 1.08245908659478E-02 
1179	 1.09162547952359E-02 
1180	 1.07243036797453E-02 
1181	 0.010948753771689 
1182	 1.06253314516273E-02 
1183	 1.03146193784209E-02 
1184	 1.08994061559298E-02 
1185	 1.06843501884641E-02 
1186	 1.03979561863269E-02 
1187	 1.09411745569481E-02 
1188	 1.07407583562758E-02 
1189	 1.02846285465954E-02 
1190	 1.06144330115361E-02 
1191	 1.06134459574748E-02 
1192	 1.05509113335739E-02 
1193	 0.010317213873004 
1194	 1.06327488038317E-02 
1195	 1.05752059106026E-02 
1196	 1.02124762824367E-02 
1197	 1.03689487771056E-02 
1198	 1.05948005470317E-02 
1199	 1.03667806879439E-02 
1200	 1.03869739682439E-02 
1201	 1.06025328655218E-02 
1202	 1.03353099311957E-02 
1203	 0.010272514743719 
1204	 1.05940792703202E-02 
1205	 1.05382380506548E-02 
1206	 1.03990482660371E-02 
1207	 1.05840673466527E-02 
1208	 1.05192338590862E-02 
1209	 1.04430320714986E-02 
1210	 0.010617827819939 
1211	 1.05498962413293E-02 
1212	 0.0104311693534 
1213	 1.02702874579046E-02 
1214	 1.02424189547598E-02 
1215	 1.01240759705559E-02 
1216	 1.01587846062835E-02 
1217	 1.02192394185994E-02 
1218	 1.04203348836478E-02 
1219	 1.05804739228975E-02 
1220	 0.01040992288449 
1221	 1.05608405720012E-02 
1222	 0.01078075281093 
1223	 1.01867285496785E-02 
1224	 1.00247034065357E-02 
1225	 1.03801438077497E-02 
1226	 1.01866571941414E-02 
1227	 1.01946497789514E-02 
1228	 1.04638677434474E-02 
1229	 1.04046224787797E-02 
1230	 1.01476043090937E-02 
1231	 1.02751897542192E-02 
1232	 1.07456024519265E-02 
1233	 1.05020909834802E-02 
1234	 1.00853371194844E-02 
1235	 1.00752110484744E-02 
1236	 1.02261064023865E-02 
1237	 1.01521239272327E-02 
1238	 1.00958270105086E-02 
1239	 1.05125202056322E-02 
1240	 1.04239431694791E-02 
1241	 1.01588311131862E-02 
1242	 1.01662131091116E-02 
1243	 1.00679585124825E-02 
1244	 1.01711980047191E-02 
1245	 1.02685806132589E-02 
1246	 1.01105636916681E-02 
1247	 1.03377776407618E-02 
1248	 1.04568627064979E-02 
1249	 1.01781844016691E-02 
1250	 1.02864326618134E-02 
1251	 1.04878901444944E-02 
1252	 1.02562120311353E-02 
1253	 9.95099763328814E-03 
1254	 9.94646673925805E-03 
1255	 9.91419129978934E-03 
1256	 9.77185282576986E-03 
1257	 9.68984987952386E-03 
1258	 9.9318278858818E-03 
1259	 1.02383378809437E-02 
1260	 1.01446784693228E-02 
1261	 1.01094320890951E-02 
1262	 1.02627297766989E-02 
1263	 1.01910574107784E-02 
1264	 1.01868109761155E-02 
1265	 1.03210597104783E-02 
1266	 1.02851809441087E-02 
1267	 1.00527431252951E-02 
1268	 9.77541710150107E-03 
1269	 9.87857393463456E-03 
1270	 1.00340394914524E-02 
1271	 9.97540544547749E-03 
1272	 1.02458069622832E-02 
1273	 1.05786815612411E-02 
1274	 1.07817771099297E-02 
1275	 1.09126988147199E-02 
1276	 1.07223274556859E-02 
1277	 1.07522980975224E-02 
1278	 1.08431447723468E-02 
1279	 1.05296424883812E-02 
1280	 0.010296633634022 
1281	 1.02584572746272E-02 
1282	 1.02343992168588E-02 
1283	 1.00978707807557E-02 
1284	 1.00646405002262E-02 
1285	 1.01231226553977E-02 
1286	 1.00988185850811E-02 
1287	 1.00227925928036E-02 
1288	 0.01008217721458 
1289	 1.01969057575044E-02 
1290	 0.010275448904324 
1291	 1.00697112597325E-02 
1292	 1.00459935241885E-02 
1293	 1.07386843916744E-02 
1294	 1.10994798877234E-02 
1295	 1.07906843842947E-02 
1296	 1.06228718292825E-02 
1297	 1.05265468996067E-02 
1298	 1.06886657709864E-02 
1299	 0.010996374499303 
1300	 1.07815954627511E-02 
1301	 1.05136396078854E-02 
1302	 1.01896178918086E-02 
1303	 9.78200387047983E-03 
1304	 9.87429263097098E-03 
1305	 1.01836513997846E-02 
1306	 1.03090564748758E-02 
1307	 9.99765324235502E-03 
1308	 9.92159880971649E-03 
1309	 1.01260848371033E-02 
1310	 1.02581773206764E-02 
1311	 1.04256775474288E-02 
1312	 1.02702563566912E-02 
1313	 9.76617109219976E-03 
1314	 9.84230870130224E-03 
1315	 1.01697557858132E-02 
1316	 1.00474772622562E-02 
1317	 9.97869839760985E-03 
1318	 0.01007937253266 
1319	 9.79384925752082E-03 
1320	 9.64034045864148E-03 
1321	 9.93005949553039E-03 
1322	 1.04582422961865E-02 
1323	 1.02099611228561E-02 
1324	 9.58793426593897E-03 
1325	 1.00768442562473E-02 
1326	 1.06584792414284E-02 
1327	 1.06432725234376E-02 
1328	 1.03772025097558E-02 
1329	 9.50509680492162E-03 
1330	 9.49871411356238E-03 
1331	 0.011564233969352 
1332	 1.30522802784085E-02 
1333	 1.21587665431791E-02 
1334	 1.08651857225343E-02 
1335	 1.10058718667314E-02 
1336	 1.06055230505215E-02 
1337	 1.07848259260031E-02 
1338	 1.37224913904332E-02 
1339	 1.37701247640756E-02 
1340	 1.04777738738576E-02 
1341	 1.01519605061036E-02 
1342	 1.10900673694544E-02 
1343	 1.13751510490528E-02 
1344	 1.33735951429062E-02 
1345	 0.014515355212171 
1346	 1.44138959583812E-02 
1347	 1.45755949036233E-02 
1348	 1.48877616559682E-02 
1349	 1.51435597832606E-02 
1350	 1.48159426937248E-02 
1351	 9.18819038927926E-03 
1352	-1.35565743129076E-02 
1353	-2.13735256214768E-02 
1354	-3.21440093119212E-03 
1355	 5.73541314784676E-03 
1356	-4.86580638722889E-03 
1357	 1.87167624865513E-02 
1358	 4.47717868998636E-02 
1359	 1.17053012337556E-02 
1360	-0.135808212555867 
1361	-0.389116322549805 
1362	-0.600544297206994 
1363	-0.513323548429639 
1364	-0.360891019515342 
1365	-6.03267013415415E-02 
1366	 0.296085772257656 
1367	 0.133112129540622 
1368	-0.247265479304953 
1369	-0.20578850870232 
1370	 3.63102821866495E-02 
1371	 0.555904013312847 
1372	 0.301039701476253 
1373	 0.169437284656635 
1374	 0.452352472530198 
1375	 0.343139352063745 
1376	-6.61129374130806E-02 
1377	-0.193248540004054 
1378	 0.32982763228116 
1379	 0.166751265097118 
1380	-0.216296912889945 
1381	 0.252684346856906 
1382	 0.58757935328391 
1383	-7.10275518482052E-02 
1384	-0.413503054316909 
1385	-0.15018495940084 
1386	 6.12795420274948E-03 
1387	-0.319980204751804 
1388	-0.375586141643839 
1389	 1.83614833863693E-02 
1390	 0.226211143804711 
1391	 0.571018625108121 
1392	 0.371680028224173 
1393	 0.022115663363229 
1394	-0.096614239232089 
1395	-0.311770157751569 
1396	-0.998085573804024 
1397	-0.408211221148423 
1398	 2.28897795563808E-02 
1399	 0.285998848997776 
1400	 0.337874619258324 
1401	 0.18061633970963 
1402	 0.264620741455627 
1403	 4.61157023822964E-02 
1404	-0.694806255709374 
1405	-0.533779967055405 
1406	 0.225543568758355 
1407	 0.200813713167848 
1408	 0.139526813907388 
1409	 0.216040196291754 
1410	 0.229076012839829 
1411	 0.156777695744802 
1412	 0.115629237883618 
1413	 0.131844928469385 
1414	 0.11920334272689 
1415	 4.09312886183908E-02 
1416	-2.99255957684976E-02 
1417	 2.72708253098443E-03 
1418	 3.12897746555408E-02 
1419	 6.46879980505646E-03 
1420	 3.82134500559936E-02 
1421	 5.33689053933382E-02 
1422	 1.04869822823715E-02 
1423	-3.53203498249664E-03 
1424	 1.09473559269894E-02 
1425	 1.73811104631631E-02 
1426	 1.73699115245055E-02 
1427	 1.64949848694944E-02 
1428	 2.19005885793137E-02 
1429	 0.023859381848148 
1430	 1.24536301045736E-02 
1431	 1.06421428523846E-02 
1432	 2.93006326908549E-02 
1433	 2.69019144095448E-02 
1434	 8.73922260460082E-04 
1435	-1.98186443135487E-03 
1436	 2.54763210589119E-03 
1437	-1.48546241036851E-03 
1438	-6.24430024109698E-03 
1439	-2.24114242983515E-03 
1440	 2.93875574808654E-03 
1441	 7.72855639538379E-03 
1442	 9.73988000411541E-03 
1443	 1.48978654259055E-02 
1444	 1.65234693843457E-02 
1445	 4.80157537224289E-03 
1446	-2.41482902720191E-03 
1447	 3.29256532915298E-03 
1448	 6.71162978826179E-03 
1449	 5.57599558504444E-03 
1450	 7.15983906650721E-03 
1451	 1.23182687502371E-02 
1452	 1.32080413421915E-02 
1453	 7.54009106146126E-03 
1454	 7.12069664339394E-03 
1455	 9.73253261354322E-03 
1456	 8.76838225156185E-03 
1457	 5.66618147387885E-03 
1458	 6.9385832113646E-03 
1459	 9.57354552435069E-03 
1460	 9.85612200768841E-03 
1461	 1.16632972541922E-02 
1462	 0.012315846114188 
1463	 1.00434416831755E-02 
1464	 8.81477971057742E-03 
1465	 9.16696062738529E-03 
1466	 9.21402959531164E-03 
1467	 7.5380755222831E-03 
1468	 7.14483254120857E-03 
1469	 8.01261847858279E-03 
1470	 9.13271548414137E-03 
1471	 1.18230450323354E-02 
1472	 1.16752031842693E-02 
1473	 1.06890725114307E-02 
1474	 1.03162258468289E-02 
1475	 7.3356804199772E-03 
1476	 6.68929371796037E-03 
1477	 7.76329821203281E-03 
1478	 8.74240141560485E-03 
1479	 1.06209249714245E-02 
1480	 1.14519429365381E-02 
1481	 1.34060938111988E-02 
1482	 1.26878281653637E-02 
1483	 9.20041630944683E-03 
1484	 8.08703912723553E-03 
1485	 6.96122175285307E-03 
1486	 6.65648832991927E-03 
1487	 8.13774709909107E-03 
1488	 7.73005116357516E-03 
1489	 6.26325517285021E-03 
1490	 5.83665000942487E-03 
1491	 5.56268831917593E-03 
1492	 5.17972640325109E-03 
1493	 4.45769816701566E-03 
1494	 4.68657300808598E-03 
1495	 5.9211867751643E-03 
1496	 5.8622096866324E-03 
1497	 5.56079009108574E-03 
1498	 5.64575552606457E-03 
1499	 4.66312686070918E-03 
1500	 4.6055770793146E-03 
1501	 6.2694575498352E-03 
1502	 6.53603708505672E-03 
1503	 5.86259226573324E-03 
1504	 5.6862255614842E-03 
1505	 5.11098465800026E-03 
1506	 4.8330740256399E-03 
1507	 4.9119005824114E-03 
1508	 5.56700224641665E-03 
1509	 5.97462128260591E-03 
1510	 6.03815891315457E-03 
1511	 6.28739678163249E-03 
1512	 5.90883809961994E-03 
1513	 5.44242195121349E-03 
1514	 5.2359863245683E-03 
1515	 5.09434668727839E-03 
1516	 5.47007310485701E-03 
1517	 5.51250319773227E-03 
1518	 5.36735100992942E-03 
1519	 0.005450138453094 
1520	 5.36361816925017E-03 
1521	 5.43583300991863E-03 
1522	 5.55748186926899E-03 
1523	 5.18709404607168E-03 
1524	 4.78343111589003E-03 
1525	 4.95113112039992E-03 
1526	 5.47862996765863E-03 
1527	 5.83268405824781E-03 
1528	 5.70721925558522E-03 
1529	 5.73127560266476E-03 
1530	 5.98167481216404E-03 
1531	 6.03137190423295E-03 
1532	 6.31404473687746E-03 
1533	 6.68213986041729E-03 
1534	 6.4342793706305E-03 
1535	 5.93695534523539E-03 
1536	 5.9978877455492E-03 
1537	 5.98844597419861E-03 
1538	 5.51690817449274E-03 
1539	 5.55954064710403E-03 
1540	 6.00168376327272E-03 
1541	 6.03989552545049E-03 
1542	 6.11086766239032E-03 
1543	 6.20346443539711E-03 
1544	 5.66722092816397E-03 
1545	 5.48341622651754E-03 
1546	 5.7115747619519E-03 
1547	 5.48963224666582E-03 
1548	 5.93022198022446E-03 
1549	 6.75472172417721E-03 
1550	 6.4538104275379E-03 
1551	 5.80468124675701E-03 
1552	 5.79002769528811E-03 
1553	 5.99931792677567E-03 
1554	 6.0450484671161E-03 
1555	 6.37313328336443E-03 
1556	 6.67567582117261E-03 
1557	 6.44923297402822E-03 
1558	 6.2899852409304E-03 
1559	 6.25191783301405E-03 
1560	 6.1476263051201E-03 
1561	 6.11033152349186E-03 
1562	 6.07095586798204E-03 
1563	 5.88952401766505E-03 
1564	 5.97682967100842E-03 
1565	 6.28101660110204E-03 
1566	 6.37178989629266E-03 
1567	 6.68019601157241E-03 
1568	 6.72153591486839E-03 
1569	 6.22483609227264E-03 
1570	 6.12993309670306E-03 
1571	 6.15685792220943E-03 
1572	 6.16469502072673E-03 
1573	 6.82019937571248E-03 
1574	 7.20282348777098E-03 
1575	 6.68703648441045E-03 
1576	 6.57786327557762E-03 
1577	 6.88667516803707E-03 
1578	 6.50819528525672E-03 
1579	 6.18437337558233E-03 
1580	 6.33312682057483E-03 
1581	 6.42091435149484E-03 
1582	 6.53330152992165E-03 
1583	 6.56220784540201E-03 
1584	 6.69411405952725E-03 
1585	 6.54623758315016E-03 
1586	 6.26632260688336E-03 
1587	 6.43279107642954E-03 
1588	 6.45362180442554E-03 
1589	 6.51960226607191E-03 
1590	 6.56330179346544E-03 
1591	 6.54430899267066E-03 
1592	 6.96049688470938E-03 
1593	 7.07441061056587E-03 
1594	 6.85214598936851E-03 
1595	 7.17969068224479E-03 
1596	 7.32860161006131E-03 
1597	 7.07658600980113E-03 
1598	 7.24607478778674E-03 
1599	 7.00138737514206E-03 
1600	 6.30110660875953E-03 
1601	 6.49866537450177E-03 
1602	 7.0926475048631E-03 
1603	 7.33919607985023E-03 
1604	 7.53363255366732E-03 
1605	 7.60738923066326E-03 
1606	 7.40564525887237E-03 
1607	 7.0272390434979E-03 
1608	 7.06092389906887E-03 
1609	 7.48877746232557E-03 
1610	 7.52703804410524E-03 
1611	 7.32050168752619E-03 
1612	 7.49370824029406E-03 
1613	 7.64035108314489E-03 
1614	 7.16597154097089E-03 
1615	 7.25969823605009E-03 
1616	 8.12878410953237E-03 
1617	 8.03855516711196E-03 
1618	 7.57929058413377E-03 
1619	 7.72674368199797E-03 
1620	 7.5513057265667E-03 
1621	 6.96641114732888E-03 
1622	 6.89543428238402E-03 
1623	 7.48453551527358E-03 
1624	 7.53437138848531E-03 
1625	 7.40358137994444E-03 
1626	 8.23227784795938E-03 
1627	 8.37986658947637E-03 
1628	 7.79473480263953E-03 
1629	 8.09065682641161E-03 
1630	 7.99125402472863E-03 
1631	 7.19605090428859E-03 
1632	 7.25292400051393E-03 
1633	 7.91091146330168E-03 
1634	 7.87766311630359E-03 
1635	 7.40597802381673E-03 
1636	 7.24346240271144E-03 
1637	 6.99306540884702E-03 
1638	 7.19834328673829E-03 
1639	 7.97029626460777E-03 
1640	 8.50815499930138E-03 
1641	 8.62955614890367E-03 
1642	 8.3290133020627E-03 
1643	 8.39797441893549E-03 
1644	 8.29826585877324E-03 
1645	 7.47363939452461E-03 
1646	 7.27782243309426E-03 
1647	 7.66163782740714E-03 
1648	 7.73310520183584E-03 
1649	 7.30071157961989E-03 
1650	 7.27693821518992E-03 
1651	 7.64474166368775E-03 
1652	 7.2618053043984E-03 
1653	 7.39597699419042E-03 
1654	 7.38507298243791E-03 
1655	 6.52289208758019E-03 
1656	 6.67835927005793E-03 
1657	 7.85776330587411E-03 
1658	 8.05402733105141E-03 
1659	 7.94525673014045E-03 
1660	 8.01704782375633E-03 
1661	 7.69608798520139E-03 
1662	 7.68830718532589E-03 
1663	 8.2821365394096E-03 
1664	 8.29224440616737E-03 
1665	 7.79465761653003E-03 
1666	 7.60682047313248E-03 
1667	 7.3687072301402E-03 
1668	 7.62201949203559E-03 
1669	 7.7611744238146E-03 
1670	 8.31861458043892E-03 
1671	 8.73675360898072E-03 
1672	 8.38796020911032E-03 
1673	 8.18913554621715E-03 
1674	 8.4938585741291E-03 
1675	 7.95535637433049E-03 
1676	 7.36006100363909E-03 
1677	 7.79392497309912E-03 
1678	 7.7639448904463E-03 
1679	 7.77464997932834E-03 
1680	 8.21279934272891E-03 
1681	 7.91099336340477E-03 
1682	 7.68952715361695E-03 
1683	 8.08472218546607E-03 
1684	 8.36389094628068E-03 
1685	 8.36683012101382E-03 
1686	 8.48956174610395E-03 
1687	 8.58713217172744E-03 
1688	 8.23756011364497E-03 
1689	 8.49689492986814E-03 
1690	 8.8970545871524E-03 
1691	 8.11113665855031E-03 
1692	 7.82476536016507E-03 
1693	 8.26927733135593E-03 
1694	 8.46142666822145E-03 
1695	 8.69288925973396E-03 
1696	 8.8525019305407E-03 
1697	 8.86890003381902E-03 
1698	 8.3297391076709E-03 
1699	 8.41955450827782E-03 
1700	 9.45640056451704E-03 
1701	 9.03081927796121E-03 
1702	 8.70066384056839E-03 
1703	 9.58602009841125E-03 
1704	 8.90490012612092E-03 
1705	 7.90762805341809E-03 
1706	 8.55119628124341E-03 
1707	 8.65111605969233E-03 
1708	 7.75738641504032E-03 
1709	 8.1274904751708E-03 
1710	 8.99433735860929E-03 
1711	 8.15385664430332E-03 
1712	 7.67120135897562E-03 
1713	 9.22780754660375E-03 
1714	 9.12142313144893E-03 
1715	 8.4847886746465E-03 
1716	 8.86163667795194E-03 
1717	 8.03163864430388E-03 
1718	 7.5970174077735E-03 
1719	 8.21384451955163E-03 
1720	 8.81086551901942E-03 
1721	 8.86279187095366E-03 
1722	 0.008982788568827 
1723	 8.79249252579776E-03 
1724	 8.30388482011338E-03 
1725	 8.38730845110989E-03 
1726	 8.49792007896782E-03 
1727	 8.20635261211313E-03 
1728	 7.8737594975977E-03 
1729	 7.92172550827768E-03 
1730	 8.77537179156702E-03 
1731	 9.42551312002135E-03 
1732	 9.47016685326716E-03 
1733	 0.009764436048447 
1734	 8.74811068862138E-03 
1735	 7.27173624340368E-03 
1736	 7.97113200795123E-03 
1737	 8.43651775203508E-03 
1738	 8.52835039416565E-03 
1739	 9.81113461088373E-03 
1740	 9.52502644347657E-03 
1741	 8.03502328825509E-03 
1742	 7.6064294556793E-03 
1743	 7.6167127843102E-03 
1744	 8.08353822560058E-03 
1745	 9.07136403175012E-03 
1746	 9.28369521127167E-03 
1747	 9.52753514426122E-03 
1748	 9.53114947026607E-03 
1749	 9.40951565283889E-03 
1750	 9.41489411143441E-03 
1751	 9.37121673553399E-03 
1752	 8.85854342240737E-03 
1753	 8.26111818952682E-03 
1754	 7.41444700574073E-03 
1755	 8.13143759465412E-03 
1756	 9.96964627530424E-03 
1757	 9.9602567857037E-03 
1758	 1.02585285974437E-02 
1759	 9.16235193544175E-03 
1760	 7.74737407965257E-03 
1761	 8.88466256879762E-03 
1762	 1.03292201122687E-02 
1763	 9.91876112510325E-03 
1764	 9.54271046619218E-03 
1765	 9.40911044269896E-03 
1766	 8.78856701935984E-03 
1767	 9.22216354186478E-03 
1768	 1.02068544694896E-02 
1769	 0.010634139869697 
1770	 9.98886201476847E-03 
1771	 8.78511307174331E-03 
1772	 9.14506471764783E-03 
1773	 9.50992919098211E-03 
1774	 9.36693197081916E-03 
1775	 9.70001852826074E-03 
1776	 9.79917050821772E-03 
1777	 9.87253396410301E-03 
1778	 9.43805356013728E-03 
1779	 8.46491931295447E-03 
1780	 7.5847378095356E-03 
1781	 5.45396385045061E-03 
1782	 5.15723821536896E-03 
1783	 6.81605689562773E-03 
1784	 7.2493856158682E-03 
1785	 8.34962388379843E-03 
1786	 8.44174896259705E-03 
1787	 6.68007285723941E-03 
1788	 6.6817726431895E-03 
1789	 6.69505120517621E-03 
1790	 6.34095126583975E-03 
1791	 1.12206057995514E-02 
1792	 1.42108743811518E-02 
1793	 1.46217029262233E-02 
1794	 1.60120812080577E-02 
1795	 1.34001439511193E-02 
1796	 5.14207782030173E-03 
1797	 6.15722659279561E-03 
1798	 1.73433550446403E-02 
1799	 0.025489203404574 
1800	 3.89524371392844E-02 
1801	 4.25026566067559E-02 
1802	 1.22881782362998E-02 
1803	-3.5568994082567E-03 
1804	-2.00931352011654E-02 
1805	-2.76455846639513E-02 
1806	 3.05451965012782E-04 
1807	-9.00641081762577E-04 
1808	-2.10427808010866E-02 
1809	-1.99954027542866E-02 
1810	-0.047516982882839 
1811	-3.50917492840834E-02 
1812	 0.16584345500786 
1813	 0.179841995811832 
1814	-7.18891076864615E-02 
1815	-0.114295684399837 
1816	-0.204907264923854 
1817	-0.294395309025437 
1818	 9.51066763846385E-02 
1819	 0.35607398254858 
1820	 0.408952421914089 
1821	 0.416669065360315 
1822	 0.468696775614422 
1823	 0.481075056688369 
1824	 0.440584435961774 
1825	 0.974044800505113 
1826	 0.580283102438453 
1827	-0.111594670234264 
1828	-0.237743771874611 
1829	-0.612827396235801 
1830	-0.686217394610209 
1831	 0.602657383695681 
1832	 1.51158977115196 
1833	-5.94947196584446 
1834	-2.87029109153259 
1835	-1.63921249431096 
1836	-0.925309360092637 
1837	-0.799719919451616 
1838	-0.734500383231743 
1839	-0.559860258707978 
1840	-0.15974472172641 
1841	-11.7769963577594 
1842	-0.128639619543938 
1843	-0.211098925619196 
1844	 1.16109066355708 
1845	 0.868637571700843 
1846	 3.34050794106736 
1847	 4.64243469617985 
1848	-40.7419264271787 
1849	-5.24063195992956 
1850	-1.34507567962314 
1851	-0.447772387467822 
1852	-0.453425111219336 
1853	-0.970827265585149 
1854	-1.1111027047745 
1855	-1.76462618388503 
1856	-1.98110171968165 
1857	-1.44592620356329 
1858	-1.26216632356121 
1859	-1.98932691904317 
1860	 0.1025255317003 
1861	 2.04069012123602 
1862	 4.42932318604129 
1863	 0.661766441484576 
1864	 2.27124229279167E-04 
1865	-1.45238289275786E-02 
1866	-0.250882217820325 
1867	-0.497839741558997 
1868	 4.0927096953656 
1869	-1.3994145066356 
1870	 0.823724789720233 
1871	 0.855254326271194 
1872	 1.05157023289306 
1873	 2.65554942247838 
1874	 4.72123921592842 
1875	-0.411181629528503 
1876	 0.199419046752507 
1877	 0.478142923003547 
1878	 0.629855924729664 
1879	 1.1036791652868 
1880	 1.14925911133674 
1881	 1.10848973502292 
1882	 0.654213760461434 
1883	 0.556895261901405 
1884	-6.09142675935877E-02 
1885	-0.233302754702103 
1886	 0.155165299254596 
1887	 9.64563811447757E-02 
1888	 3.79691003648671E-02 
1889	 0.011341781528261 
1890	-0.198869865630624 
1891	-0.425005196069592 
1892	-0.889169460166205 
1893	-5.06189045755562 
1894	-0.204292576178009 
1895	-0.205483701193294 
1896	-0.499755106425521 
1897	-1.08000967262227 
1898	-3.41559265876809 
1899	-6.15802747917452 
1900	-0.374748617136175 
1901	 2.15861701153472 
1902	 1.69143135318834 
1903	-8.87340736646633E-02 
1904	-0.69250193224544 
1905	-0.924763203165663 
1906	-0.676649414182948 
1907	-0.1900979381152 
1908	 1.47994655820461E-02 
1909	 4.7672448637151 
1910	-0.605864318370587 
1911	 0.361831075610436 
1912	 1.60027754527491 
1913	 2.60015805936575 
1914	 1.6797388746876 
1915	 2.01727708743879 
1916	-21.6157624438448 
1917	 3.68144176710888 
1918	 3.43343756857855 
1919	 12.6671335364231 
1920	-58.7660239946515 
1921	-1.03528927614529 
1922	-7.12722274758009E-02 
1923	-0.532581901538205 
1924	-8.55440621542858E-03 
1925	 0.223802062661359 
1926	 0.227080330754644 
1927	-0.10067917818787 
1928	 0.915797691161802 
1929	-0.419845410553742 
1930	 1.17842133220248 
1931	-2.21931184502632 
1932	 9.53552656376496E-02 
1933	-8.05039784398564E-02 
1934	-0.142284777366943 
1935	-4.51342557014715E-02 
1936	-0.104888363468443 
1937	-0.141708521112662 
1938	-6.07299038480106E-02 
1939	-4.93443017925958E-02 
1940	-8.76336263331986E-02 
1941	-0.108276219304378 
1942	-6.22441564790239E-02 
1943	-9.99966356173263E-02 
1944	-2.11435581513855E-02 
1945	-3.61931239977571E-03 
1946	-3.63429101982153E-02 
1947	 5.46624745973372E-02 
1948	 8.16750842958099E-02 
1949	 6.40233376602369E-02 
1950	 6.68833058730998E-02 
1951	 1.30009835715038E-02 
1952	-1.30091106882771E-02 
1953	-5.47726382302281E-02 
1954	-4.27053858245842E-02 
1955	-2.25929910840929E-02 
1956	-2.90116639611737E-02 
1957	-0.049290569858952 
1958	-0.055741824619894 
1959	-4.66775157175734E-02 
1960	-2.44921332479824E-02 
1961	-1.92273612539204E-02 
1962	-1.54484045516649E-02 
1963	-1.02130918884523E-02 
1964	-9.86450652728016E-03 
1965	-5.47000317064867E-03 
1966	-3.48975052147625E-03 
1967	-1.26640495775477E-03 
1968	-5.35951641748436E-03 
1969	-8.9220426066952E-03 
1970	-0.002867546486783 
1971	 3.01007844448819E-03 
1972	 3.80810568677095E-03 
1973	 6.34031362870204E-03 
1974	 6.58859001670668E-03 
1975	 5.22750347310897E-03 
1976	 4.16125023708067E-03 
1977	 1.8691641311035E-03 
1978	-1.58975076450771E-03 
1979	-2.71720135863957E-03 
1980	-4.01739536471604E-03 
1981	-3.20359803249078E-03 
1982	-2.72656959560485E-04 
1983	 4.22486882252445E-03 
1984	 5.64893280187192E-03 
1985	 5.4596116387133E-03 
1986	 6.46362908427924E-03 
1987	 4.44581135029815E-03 
1988	 8.20905832527492E-04 
1989	 2.00017705639038E-03 
1990	 2.83345608609133E-03 
1991	 1.18452224649717E-03 
1992	 2.94521631812507E-03 
1993	 3.53593134994168E-03 
1994	 3.47734999398171E-03 
1995	 1.41300546805323E-03 
1996	 2.4262650480536E-03 
1997	 1.44003840973921E-03 
1998	-1.74503917469923E-03 
1999	-1.72099488211444E-03 
2000	-9.19839031600417E-04 
2001	 3.81195468061559E-04 
2002	 7.40956045143499E-03 
2003	 1.18931793926454E-02 
2004	 1.27169603465872E-02 
2005	 1.27492185749601E-02 
2006	 1.95026879486883E-03 
2007	-1.06556700625295E-02 
2008	-1.51200020942678E-02 
2009	-1.76007817154968E-02 
2010	-1.54882664183651E-02 
2011	-1.05357857833393E-02 
2012	 7.91447828609553E-04 
2013	 4.96345826062685E-03 
2014	 4.46093743011398E-03 
2015	 2.36679507223256E-03 
2016	-1.54654669546198E-03 
2017	-7.12849942015414E-03 
2018	-6.37296490399518E-03 
2019	-6.32804745223533E-03 
2020	-8.47279470691586E-03 
2021	-0.00791366885043 
2022	-1.02944755207239E-02 
2023	-9.68752149806525E-03 
2024	-8.12190000385175E-03 
2025	-4.58866214880127E-03 
2026	-3.87885903509521E-03 
2027	-3.89836536483015E-03 
2028	-3.0142998961868E-03 
2029	-1.25054773335155E-04 
2030	 1.56403514485588E-03 
2031	 4.25727345316476E-03 
2032	 6.16068913266356E-03 
2033	 4.52035489162091E-03 
2034	 5.0497222672668E-03 
2035	 5.13904898956229E-03 
2036	 5.11041925904616E-03 
2037	 5.72331013948838E-03 
2038	 3.18890600410876E-03 
2039	 2.57258255623456E-03 
2040	 2.88349812621562E-03 
2041	 2.80014786740154E-03 
2042	 3.23510155350158E-03 
2043	 4.04380360154738E-03 
2044	 5.0642399988362E-03 
2045	 5.61566711781938E-03 
2046	 5.3883562648998E-03 
2047	 3.92247995504444E-03 
2048	 3.78629606844672E-03 
2049	 1.3283391350632E-03 
2050	-1.39871330608806E-04 
2051	 1.85681487540229E-03 
2052	 1.91561360106113E-03 
2053	 9.06503348293626E-04 
2054	 2.05541950956712E-04 
2055	 1.64086207646349E-03 
2056	 1.72954949284029E-03 
2057	 4.51475004313481E-04 
2058	 8.2280418570764E-04 
2059	 1.96679801605748E-03 
2060	 1.45909991603458E-03 
2061	-1.00910598981471E-04 
2062	 1.62791175631464E-03 
2063	 1.2809552945683E-03 
2064	 5.38506298955194E-04 
2065	 8.29851819263002E-04 
2066	 9.218804096138E-04 
2067	 2.27867171204559E-03 
2068	 0.002867325874951 
2069	 2.80443094377952E-03 
2070	 2.96728798586377E-03 
2071	 2.87953438288855E-03 
2072	 2.93809648096139E-03 
2073	 2.99359268890711E-03 
2074	 3.82891257187069E-03 
2075	 3.98000909913218E-03 
2076	 3.18064032273938E-03 
2077	 3.43616323246132E-03 
2078	 5.12584951206581E-03 
2079	 4.97497541692815E-03 
2080	 4.29744085094324E-03 
2081	 3.0624324104957E-03 
2082	 1.9604644516515E-03 
2083	 1.03569627005781E-03 
2084	-6.0275714703812E-04 
2085	 6.81877432617243E-05 
2086	 3.1865985998101E-03 
2087	 2.82386386118676E-03 
2088	 2.86832110164178E-03 
2089	 3.88778622362053E-03 
2090	 3.09217983887207E-03 
2091	 3.25061065776635E-03 
2092	 3.14906989566499E-03 
2093	 3.94421647235594E-03 
2094	 4.57098852171967E-03 
2095	 4.91920385408976E-03 
2096	 4.58515313873782E-03 
2097	 4.4895241032863E-03 
2098	 4.38942734224479E-03 
2099	 3.2288820356331E-03 
2100	 2.15133772503347E-03 
2101	 3.61125899444218E-03 
2102	 5.28658889021624E-03 
2103	 4.87687647081245E-03 
2104	 3.57220040987709E-03 
2105	 2.06724160908255E-03 
2106	-8.47417001450569E-04 
2107	-1.74706869341415E-03 
2108	 1.35315659889432E-04 
2109	 6.91144194675125E-05 
2110	 9.17833690347434E-04 
2111	 1.92039700553875E-03 
2112	 1.11083504116134E-03 
2113	 1.18964662952295E-03 
2114	 1.59556396914237E-03 
2115	 2.30220326156743E-03 
2116	 3.62362176258259E-03 
2117	 4.27259465758737E-03 
2118	 5.08307674229551E-03 
2119	 5.78423314318631E-03 
2120	 6.12467027534953E-03 
2121	 5.77128805293045E-03 
2122	 6.1000784605878E-03 
2123	 6.30824417298367E-03 
2124	 5.40871667527812E-03 
2125	 3.81198783546116E-03 
2126	 2.52763947396487E-03 
2127	 2.18575507188214E-03 
2128	 1.98451492590257E-03 
2129	 2.72471480717227E-03 
2130	 4.97965550974572E-03 
2131	 6.56662239374368E-03 
2132	 6.73378424964419E-03 
2133	 6.9910568828773E-03 
2134	 6.39109072221095E-03 
2135	 3.16436429982422E-03 
2136	 2.39122314691958E-03 
2137	 2.10160524706709E-03 
2138	 2.70046995581093E-03 
2139	 5.72019944676092E-03 
2140	 6.16667723040394E-03 
2141	 6.10248860365063E-03 
2142	 6.52631023947963E-03 
2143	 6.10279089423665E-03 
2144	 4.55650158115855E-03 
2145	 5.4115119453429E-03 
2146	 5.58808695472643E-03 
2147	 5.44616045913728E-03 
2148	 5.5292678270494E-03 
2149	 6.06546853052642E-03 
2150	 6.77496472380536E-03 
2151	 5.41947303785931E-03 
2152	 4.92907456998137E-03 
2153	 4.71899157627846E-03 
2154	 2.16606272710109E-03 
2155	 1.79945944114611E-03 
2156	 3.34809730697301E-03 
2157	 3.77105450885601E-03 
2158	 4.20352669515506E-03 
2159	 5.71415206139005E-03 
2160	 8.2056445152597E-03 
2161	 8.40813259158939E-03 
2162	 7.85047649033793E-03 
2163	 8.18507818655794E-03 
2164	 7.03346235131007E-03 
2165	 6.71778257916259E-03 
2166	 8.7966155475303E-03 
2167	 9.03973505916358E-03 
2168	 7.67835894570167E-03 
2169	 6.90147833110109E-03 
2170	 5.39221121058603E-03 
2171	 5.03323299628022E-03 
2172	 6.69097271755988E-03 
2173	 6.16509609407226E-03 
2174	 6.34697129586988E-03 
2175	 7.51091824895612E-03 
2176	 4.93402873979576E-03 
2177	 3.05746694089833E-03 
2178	 3.14341397080092E-03 
2179	 2.08993209279931E-03 
2180	 2.90711911144671E-03 
2181	 5.58146156618229E-03 
2182	 7.13931803219011E-03 
2183	 8.30884935852354E-03 
2184	 6.9230645385293E-03 
2185	 4.05263444380683E-03 
2186	 4.18659894002677E-03 
2187	 5.3253724869616E-03 
2188	 5.3579765448956E-03 
2189	 8.25659338642013E-03 
2190	 8.35485823059479E-03 
2191	 4.27853121679248E-03 
2192	 3.04627678251052E-03 
2193	 2.96213742776381E-03 
2194	 3.08326166820346E-03 
2195	 4.66840148031972E-03 
2196	 4.92144628786438E-03 
2197	 3.51041578752752E-03 
2198	 4.03779284296204E-03 
2199	 5.7497960070412E-03 
2200	 6.51372679422448E-03 
2201	 6.38599162589585E-03 
2202	 6.96132979238189E-03 
2203	 4.54811166743629E-03 
2204	 2.30223948197057E-03 
2205	 3.73734796821425E-03 
2206	 3.61073841229887E-03 
2207	 3.27572923584156E-03 
2208	 3.69720791724978E-03 
2209	 3.98904462915506E-03 
2210	 5.12522380523006E-03 
2211	 4.47382479146644E-03 
2212	 5.24708192898414E-03 
2213	 5.85444649161901E-03 
2214	 3.85805578008102E-03 
2215	 4.26620901953078E-03 
2216	 5.91270885603186E-03 
2217	 6.56810102127018E-03 
2218	 7.23011943562611E-03 
2219	 7.6830957202017E-03 
2220	 7.39048111011027E-03 
2221	 7.32145171076833E-03 
2222	 7.94308000188864E-03 
2223	 7.16141053647452E-03 
2224	 5.19102821991818E-03 
2225	 4.61887310577682E-03 
2226	 3.00698747031719E-03 
2227	 2.89905773095233E-03 
2228	 6.02980685370718E-03 
2229	 6.49925018553473E-03 
2230	 5.31900314662484E-03 
2231	 5.26500281043767E-03 
2232	 4.05194636625681E-03 
2233	 3.99768265593181E-03 
2234	 5.58354208366898E-03 
2235	 6.78233856009204E-03 
2236	 6.28205768367312E-03 
2237	 5.22268845186847E-03 
2238	 5.02547144814636E-03 
2239	 5.87334682486447E-03 
2240	 7.08330578748763E-03 
2241	 8.79174905139924E-03 
2242	 7.02162759202556E-03 
2243	 4.59147099219782E-03 
2244	 4.84511301229327E-03 
2245	 3.96820818832369E-03 
2246	 2.63561265678453E-03 
2247	 3.5941685904189E-03 
2248	 4.37306447644955E-03 
2249	 3.71474082380852E-03 
2250	 5.09270135114774E-03 
2251	 7.1714441133293E-03 
2252	 6.65384044599302E-03 
2253	 6.47014827865002E-03 
2254	 9.59013200034696E-03 
2255	 9.68126697723449E-03 
2256	 1.01148095922277E-02 
2257	 1.26169864693422E-02 
2258	 1.09420056472682E-02 
2259	 1.13222390786029E-02 
2260	 1.02027626966877E-02 
2261	 7.61080036320036E-03 
2262	 5.53056111269409E-03 
2263	 1.22201295645861E-03 
2264	 1.07479562423618E-04 
2265	 1.43931702839258E-03 
2266	 1.16941031634434E-03 
2267	 3.10480337682334E-03 
2268	 3.77896170064884E-03 
2269	 2.15953469152676E-03 
2270	 2.28375901727829E-03 
2271	 3.6343162633563E-03 
2272	 3.02629597888681E-03 
2273	 1.90431435367318E-04 
2274	 8.75410864823346E-04 
2275	 4.04876197601546E-03 
2276	 6.31915870080253E-03 
2277	 1.35781019526743E-02 
2278	 1.24299097637751E-02 
2279	 1.91453177397986E-03 
2280	-1.40786847345881E-03 
2281	-4.32156217211991E-03 
2282	-9.52520871763485E-03 
2283	-7.93814661648619E-03 
2284	-7.4955637075844E-03 
2285	-1.17487219937248E-02 
2286	-7.67665384585529E-03 
2287	-2.00264836016542E-03 
2288	-2.20252898777562E-03 
2289	-1.10832555872762E-03 
2290	-3.61223299643025E-04 
2291	 2.14433452317687E-04 
2292	 5.52828342199296E-03 
2293	 7.76905910287239E-03 
2294	 5.97514525194597E-03 
2295	 6.82509109770537E-03 
2296	 2.59493791681657E-03 
2297	-2.88940763795367E-03 
2298	-2.14133068139908E-03 
2299	-5.49253236165815E-03 
2300	-1.02587146604631E-02 
2301	-1.02546007172045E-02 
2302	-0.012067369074016 
2303	-1.54778519151287E-02 
2304	-1.11138864575201E-02 
2305	-6.90417360539718E-03 
2306	-2.91778740754154E-03 
2307	 3.0037996863875E-03 
2308	-3.97396404216493E-04 
2309	 1.82488766013806E-03 
2310	 3.35716907294055E-03 
2311	-2.36966171016027E-03 
2312	 5.00770019911128E-03 
2313	 1.07542928085283E-02 
2314	 6.83443996446961E-03 
2315	 4.20667199907448E-03 
2316	 3.62854019387589E-03 
2317	 5.46786415674325E-03 
2318	 9.98439932343276E-03 
2319	 1.91363768554011E-02 
2320	 1.75749657154592E-02 
2321	 5.04886615286612E-03 
2322	 4.91167608049569E-03 
2323	-2.32020101843391E-03 
2324	-9.37134660903157E-03 
2325	-2.30581557922263E-03 
2326	-0.01039872146449 
2327	-1.34379468276869E-02 
2328	-5.70269844571892E-03 
2329	-1.09046591449515E-02 
2330	-1.68046016909019E-02 
2331	-1.17705624285977E-02 
2332	-7.46733068254456E-03 
2333	-1.99199428366129E-03 
2334	 7.02063429709151E-03 
2335	 6.68949364245345E-03 
2336	 8.86110105706827E-03 
2337	 1.16959173968143E-02 
2338	 1.14374228371638E-02 
2339	 2.19125181448229E-03 
2340	-1.64497450636786E-02 
2341	-0.022149609502572 
2342	-3.32656192403749E-02 
2343	-3.30264979895048E-02 
2344	-1.45603611516228E-02 
2345	-1.73754365150517E-02 
2346	-2.15363875190689E-02 
2347	-1.78706451739055E-02 
2348	-0.029282246203098 
2349	-3.03386550445252E-02 
2350	-1.82140569355765E-02 
2351	-2.38016668515969E-02 
2352	-1.23471394822051E-02 
2353	 6.70550143948577E-03 
2354	 8.51001739558066E-03 
2355	 2.15143255622972E-03 
2356	-2.06776669746834E-02 
2357	-2.98467312023402E-02 
2358	-3.93851935515792E-02 
2359	-4.58584305835099E-02 
2360	-2.65886663904919E-02 
2361	-1.21903814706923E-02 
2362	-0.016903944899134 
2363	-3.25186968829826E-02 
2364	-3.73964411604519E-02 
2365	-4.23947664378767E-02 
2366	-4.73908996465615E-02 
2367	-2.96684048901226E-02 
2368	-2.90525980210424E-02 
2369	-0.044912979639818 
2370	-4.97967569894841E-02 
2371	-5.41981299478988E-02 
2372	-4.79643212376565E-02 
2373	-4.34609760770427E-02 
2374	-0.032569418775449 
2375	-8.71280514608193E-03 
2376	 8.20085041340395E-03 
2377	-0.01032410480994 
2378	-2.83720042620042E-02 
2379	-1.48368033380233E-02 
2380	-0.055070433387741 
2381	-7.71482417377754E-02 
2382	-4.57397607366558E-02 
2383	-5.80306817553793E-02 
2384	-7.76526632437339E-02 
2385	-9.94435311504914E-02 
2386	-0.126632599250451 
2387	-0.150362930456198 
2388	-0.105081184180081 
2389	-3.36561952188541E-02 
2390	-4.90936625403897E-02 
2391	-4.03296630417012E-02 
2392	-2.25348195757924E-02 
2393	-4.01487533037656E-02 
2394	 1.6874917852494E-03 
2395	 0.03294824717284 
2396	 2.44003561271385E-02 
2397	 4.20943722291755E-02 
2398	 4.53843414861153E-02 
2399	 6.10891216385709E-03 
2400	-1.11968882387326E-02 
2401	-2.77992354741608E-02 
2402	-0.046511361733654 
2403	-3.34279534621794E-02 
2404	-1.16661756782635E-02 
2405	-1.43097724591144E-02 
2406	-0.107014544203274 
2407	-0.167563727975901 
2408	-0.196116453146664 
2409	-0.246354219240683 
2410	-0.124633257181472 
2411	-2.00984372770093E-02 
2412	-0.111239029565483 
2413	-0.163666296959812 
2414	-0.210397984061007 
2415	-0.272371544304051 
2416	-0.184631496700449 
2417	-0.108212690311513 
2418	-0.220413471657231 
2419	-0.24441435111691 
2420	-0.192135370137248 
2421	-0.262865833194906 
2422	-0.257061400135532 
2423	-0.212058737163197 
2424	-0.308815229732746 
2425	-0.362176732856205 
2426	-0.223109509625569 
2427	-9.95426864744402E-02 
2428	-0.057184890542689 
2429	-5.53785114911364E-02 
2430	-8.41695479004976E-02 
2431	-0.140510813485716 
2432	-0.222610731326407 
2433	-0.241208607143175 
2434	-0.186324238126191 
2435	-0.103516953080784 
2436	-7.58952336255066E-02 
2437	-0.134331172035351 
2438	-0.25634014566493 
2439	-0.387960750117265 
2440	-0.423916540093783 
2441	-0.309246532684632 
2442	-0.335537085014608 
2443	-0.342273086617826 
2444	-0.246708386176322 
2445	-0.25511598021596 
2446	-0.233550852292809 
2447	-8.48011116856658E-02 
2448	-0.16692854465911 
2449	-0.396672454977805 
2450	-0.744245685851778 
2451	-28.6681776844463 
2452	-12.0718804232206 
2453	-2.02923030421554 
2454	-0.851244824973803 
2455	-0.751104958550211 
2456	-0.357865818901283 
2457	 0.14958221327282 
2458	 0.244974695458334 
2459	 0.118543122486109 
2460	 2.19209830387338E-03 
2461	-0.219375089408595 
2462	-0.481562245710184 
2463	-6.74900523498321E-02 
2464	 0.401322113626005 
2465	-0.659025571040041 
2466	-0.338742323601022 
2467	-0.499580885369234 
2468	-0.548091133617911 
2469	 0.330330445202504 
2470	 0.677519414941212 
2471	 3.92416010026311 
2472	 1.74952840004386 
2473	 1.03710144214427 
2474	 2.75533817408917 
2475	 8.56684952143747 
2476	-3.83425550492155 
2477	 0.773638368737305 
2478	 0.601564445850566 
2479	 0.733634260243169 
2480	 4.90785372345625 
2481	 353.764418617614 
2482	-9.54201423901717 
2483	 2.07164857953432 
2484	 0.416036950174726 
2485	 0.823888837403859 
2486	 1.6842701971683 
2487	 2.01017575323457 
2488	-1.39412469931296 
2489	 12.2037522678807 
2490	 1.34367829096873E-02 
2491	 0.82409517202781 
2492	 1.21652404846758 
2493	 2.28795034645916 
2494	-0.425544260090427 
2495	-0.484230055199075 
2496	-0.729819427782527 
2497	-0.634246563701098 
2498	 0.509706588881264 
2499	-1.27442786875826 
2500	-0.741739194310167 
