Wavelength	rt0726sus_algea00006.asd
350	 6.05261062021762E-02 
351	 6.15673845743479E-02 
352	 6.03964120204575E-02 
353	 5.96940739261863E-02 
354	 6.08508666908952E-02 
355	 6.06984922226715E-02 
356	 6.03021516050607E-02 
357	 6.04205187242715E-02 
358	 6.12101129169846E-02 
359	 6.06149833829526E-02 
360	 6.02629337680646E-02 
361	 6.04861955173897E-02 
362	 0.060616636131926 
363	 6.02233630067827E-02 
364	 6.00472825193369E-02 
365	 6.02665306582702E-02 
366	 6.00063253414367E-02 
367	 5.97883394282677E-02 
368	 5.95789592563981E-02 
369	 5.94044303020473E-02 
370	 6.01022312013857E-02 
371	 5.99427267304654E-02 
372	 5.92462412447279E-02 
373	 5.93847696882814E-02 
374	 5.92434715085762E-02 
375	 5.94832063583978E-02 
376	 5.98746798464783E-02 
377	 5.88319393232822E-02 
378	 5.89944460628159E-02 
379	 5.95104576908313E-02 
380	 0.059311420153285 
381	 0.059384444979831 
382	 5.93611985423162E-02 
383	 5.90858858560824E-02 
384	 5.86359101260214E-02 
385	 5.88905995314641E-02 
386	 5.90970033889866E-02 
387	 5.90332795549698E-02 
388	 5.91965954854195E-02 
389	 5.92388000519854E-02 
390	 5.90965448569257E-02 
391	 5.89047290840268E-02 
392	 5.91448151682167E-02 
393	 5.92231391098162E-02 
394	 5.90605247104079E-02 
395	 5.88307603014611E-02 
396	 5.88161592999275E-02 
397	 5.89057853700862E-02 
398	 5.90269082167001E-02 
399	 0.059159039501467 
400	 5.90833062680177E-02 
401	 5.88471099004149E-02 
402	 5.86380567854174E-02 
403	 0.058879190673895 
404	 5.91231139334753E-02 
405	 0.059081503454919 
406	 5.87042472334025E-02 
407	 0.058854493040818 
408	 5.89919337090034E-02 
409	 5.89231019681008E-02 
410	 5.88830497323431E-02 
411	 5.89926569003826E-02 
412	 5.91036581366456E-02 
413	 5.90928542162716E-02 
414	 5.90170559215585E-02 
415	 5.88816128635491E-02 
416	 5.88315633793229E-02 
417	 5.90129797180234E-02 
418	 5.92866541805128E-02 
419	 5.92974626018332E-02 
420	 0.059107597463768 
421	 5.92173870936383E-02 
422	 0.059467643814886 
423	 5.96217004139962E-02 
424	 5.95854401197235E-02 
425	 5.97115130354566E-02 
426	 5.97662110185196E-02 
427	 5.98653920601066E-02 
428	 6.01998834406209E-02 
429	 6.02444133919248E-02 
430	 6.03384490673518E-02 
431	 6.05658226528447E-02 
432	 0.060623171949703 
433	 6.08111695207218E-02 
434	 6.10419885675303E-02 
435	 6.11970355032071E-02 
436	 6.13257345462332E-02 
437	 6.14579072977109E-02 
438	 6.15879890228601E-02 
439	 6.17071507057221E-02 
440	 6.19817732055102E-02 
441	 6.21909601535401E-02 
442	 6.22749587345491E-02 
443	 6.24692648986645E-02 
444	 6.25956310633668E-02 
445	 6.27207667164119E-02 
446	 6.29179568640335E-02 
447	 6.30207119668829E-02 
448	 6.31885430767071E-02 
449	 6.33698225657215E-02 
450	 6.33810770673277E-02 
451	 6.34862837065273E-02 
452	 6.35966965376258E-02 
453	 6.36635513839827E-02 
454	 6.38384080095267E-02 
455	 6.38664965488956E-02 
456	 6.38965835891454E-02 
457	 0.06410781757541 
458	 6.39969148214757E-02 
459	 6.40106753502943E-02 
460	 6.41882505097075E-02 
461	 6.41317385944517E-02 
462	 6.41283155405188E-02 
463	 6.41680470514922E-02 
464	 6.42211375841467E-02 
465	 6.43842166571362E-02 
466	 6.44101449299845E-02 
467	 6.44154123986363E-02 
468	 6.46299300932155E-02 
469	 6.46598832653489E-02 
470	 6.46419608422018E-02 
471	 6.46965109175039E-02 
472	 6.48537628938977E-02 
473	 6.49628548864412E-02 
474	 6.50377484678022E-02 
475	 6.51162808704311E-02 
476	 6.51307477086253E-02 
477	 6.52504398367111E-02 
478	 6.54285318150877E-02 
479	 0.065484772253292 
480	 6.55224976171268E-02 
481	 6.56748912414724E-02 
482	 6.59367122721174E-02 
483	 6.60195465530735E-02 
484	 6.60479510617809E-02 
485	 6.61607504073618E-02 
486	 6.64344416985985E-02 
487	 6.65560223179184E-02 
488	 6.67832809420463E-02 
489	 6.70830060480171E-02 
490	 6.71393695613569E-02 
491	 6.73176161629965E-02 
492	 6.76219792602566E-02 
493	 6.79606262463011E-02 
494	 6.81790872928227E-02 
495	 6.85022784424472E-02 
496	 6.88756174059922E-02 
497	 0.069132250515334 
498	 6.94553720837306E-02 
499	 6.97940871725178E-02 
500	 7.01145841272469E-02 
501	 7.04443740902112E-02 
502	 0.070837428389222 
503	 0.071269459915537 
504	 0.071696459033201 
505	 7.21096038441473E-02 
506	 7.24498450301359E-02 
507	 7.27689767610204E-02 
508	 7.32011012758774E-02 
509	 7.37414267577885E-02 
510	 0.074221569282132 
511	 7.45993575329846E-02 
512	 7.52101161469468E-02 
513	 0.075661396383054 
514	 7.60215965286483E-02 
515	 7.65361040122357E-02 
516	 7.71687698228925E-02 
517	 7.77003914590592E-02 
518	 7.81231013276571E-02 
519	 7.87051494905465E-02 
520	 7.92270436067921E-02 
521	 7.97068756220009E-02 
522	 0.080221096473765 
523	 8.08600224520642E-02 
524	 8.13612137008341E-02 
525	 8.17829971857937E-02 
526	 8.23945143568428E-02 
527	 8.30286198958797E-02 
528	 0.083589652748518 
529	 0.084056637963272 
530	 8.45196862404976E-02 
531	 0.085046889870788 
532	 8.56379188077563E-02 
533	 8.62474190672555E-02 
534	 8.67959170623599E-02 
535	 8.73326187828441E-02 
536	 8.78853655862788E-02 
537	 8.84438971726742E-02 
538	 8.90463207425417E-02 
539	 8.96042681721121E-02 
540	 9.00892278781609E-02 
541	 9.07720944692272E-02 
542	 9.13990775150849E-02 
543	 9.19112402602429E-02 
544	 9.23948811581108E-02 
545	 9.30428073133445E-02 
546	 9.36384182093125E-02 
547	 9.40943769178294E-02 
548	 0.094676012646264 
549	 9.52664175370654E-02 
550	 9.57924211497954E-02 
551	 9.62376392580026E-02 
552	 9.68288500189273E-02 
553	 9.73824093189803E-02 
554	 9.78657197580687E-02 
555	 0.098434968353727 
556	 9.89019198147422E-02 
557	 9.93013403408027E-02 
558	 9.97134456041594E-02 
559	 0.100200817255747 
560	 0.100633963763386 
561	 0.101001342913254 
562	 0.101372509929099 
563	 0.101781393136812 
564	 0.102193221506563 
565	 0.10255244636614 
566	 0.102772637780067 
567	 0.103061837590918 
568	 0.103384086029366 
569	 0.103626279377645 
570	 0.103819892594849 
571	 0.104015208383051 
572	 0.104226037339093 
573	 0.104424840718914 
574	 0.104630596567652 
575	 0.104805132935269 
576	 0.104923284743971 
577	 0.105038127203528 
578	 0.105201756901696 
579	 0.105340621074984 
580	 0.105333431929043 
581	 0.105398524898935 
582	 0.105560891755556 
583	 0.10575152269346 
584	 0.105771625109852 
585	 0.105809125030548 
586	 0.105914353453727 
587	 0.106065635838974 
588	 0.106115698623799 
589	 0.106144363665556 
590	 0.106189243261134 
591	 0.106225023753937 
592	 0.106211140374152 
593	 0.106238032104573 
594	 0.106335798628488 
595	 0.106270372229395 
596	 0.106221862115431 
597	 0.106146614893556 
598	 0.105913817862499 
599	 0.105842185068161 
600	 0.10581880031862 
601	 0.105754155395148 
602	 0.105691329736067 
603	 0.105675237406443 
604	 0.105625437517436 
605	 0.105483875749331 
606	 0.10553311550116 
607	 0.105550998711007 
608	 0.105478789388576 
609	 0.105448123950499 
610	 0.105389181940286 
611	 0.105287147259911 
612	 0.105149728776959 
613	 0.105008354425321 
614	 0.104929530219395 
615	 0.104884117016702 
616	 0.104796065752901 
617	 0.10472154955594 
618	 0.104650278783963 
619	 0.104590177961049 
620	 0.104594448782877 
621	 0.104575384649905 
622	 0.104571247043033 
623	 0.104624704898058 
624	 0.104599978029465 
625	 0.104508569998653 
626	 0.104436704369044 
627	 0.104519145849756 
628	 0.10449504827938 
629	 0.104398330816026 
630	 0.104308393717764 
631	 0.104260015835299 
632	 0.104210178498585 
633	 0.104122798334546 
634	 0.103973017069326 
635	 0.103776266049226 
636	 0.103704680009966 
637	 0.103717508995227 
638	 0.103451992265316 
639	 0.103323608090608 
640	 0.103271247735187 
641	 0.103132764249857 
642	 0.102925382927222 
643	 0.102829303484148 
644	 0.10276056019375 
645	 0.102445223420296 
646	 0.102275377205592 
647	 0.102213007653911 
648	 0.102115616364958 
649	 0.101779915627546 
650	 0.101497666037662 
651	 0.101289964879495 
652	 0.101078456159254 
653	 0.100840736789341 
654	 0.100563100375346 
655	 0.100245792094517 
656	 9.99457119256846E-02 
657	 9.95338072811057E-02 
658	 9.89950617941547E-02 
659	 9.83834361765464E-02 
660	 0.097964113641268 
661	 9.74423954061278E-02 
662	 9.67952621650401E-02 
663	 9.61928234532976E-02 
664	 9.57717412419316E-02 
665	 9.53368951936958E-02 
666	 9.48055473892563E-02 
667	 9.43756017017305E-02 
668	 9.41370611191695E-02 
669	 9.39484197916511E-02 
670	 0.093661158443418 
671	 9.35218368152815E-02 
672	 9.35484818181409E-02 
673	 9.36563523861497E-02 
674	 9.36919080757023E-02 
675	 0.093854657111502 
676	 0.094124030893819 
677	 9.44383807065487E-02 
678	 9.47254023223784E-02 
679	 9.51915462477534E-02 
680	 9.57376631662877E-02 
681	 9.62064230434297E-02 
682	 9.70922391489288E-02 
683	 9.81060290238562E-02 
684	 9.90817148154999E-02 
685	 0.100206917925955 
686	 0.101715869726945 
687	 0.103221955235436 
688	 0.104292713214172 
689	 0.105422925435972 
690	 0.106766795368474 
691	 0.108186929485852 
692	 0.109414287326041 
693	 0.110762759670034 
694	 0.111900653111257 
695	 0.112712509087288 
696	 0.113631754822178 
697	 0.114531879562303 
698	 0.115414489402427 
699	 0.116232886277749 
700	 0.116957212756072 
701	 0.117542560608985 
702	 0.117990244887133 
703	 0.118355092990461 
704	 0.118661909742569 
705	 0.118920768474547 
706	 0.119144784155598 
707	 0.119402399248299 
708	 0.119519729705359 
709	 0.11944552314467 
710	 0.119223082899164 
711	 0.119097445773686 
712	 0.118892583594514 
713	 0.118606211650412 
714	 0.118437570636857 
715	 0.118405748984886 
716	 0.1183312174532 
717	 0.11800055335284 
718	 0.117530313785723 
719	 0.116576364133891 
720	 0.115644439612333 
721	 0.115107736809725 
722	 0.114549832264443 
723	 0.113902021125903 
724	 0.113162651404113 
725	 0.112210194731905 
726	 0.111186205619042 
727	 0.110003561659249 
728	 0.108613693780305 
729	 0.107208072465189 
730	 0.105570371650983 
731	 0.103841615990925 
732	 0.102247777568284 
733	 0.101071022247968 
734	 0.100099451581626 
735	 9.92103176701432E-02 
736	 9.84086691085994E-02 
737	 9.79003499547301E-02 
738	 9.74917163440441E-02 
739	 9.70405998822123E-02 
740	 9.68386270601462E-02 
741	 9.66475997045152E-02 
742	 9.64863918842054E-02 
743	 9.64924126039247E-02 
744	 9.66229874656497E-02 
745	 9.66137647767165E-02 
746	 9.64655392460039E-02 
747	 9.65548211644676E-02 
748	 0.096622788405625 
749	 9.66677888244533E-02 
750	 9.67347875008283E-02 
751	 9.68135977032033E-02 
752	 9.68785390616596E-02 
753	 9.68907142031481E-02 
754	 9.68382235700679E-02 
755	 9.69578105423364E-02 
756	 9.70726916030575E-02 
757	 9.71699259936441E-02 
758	 9.76329218956999E-02 
759	 9.83887564030531E-02 
760	 9.89930437363108E-02 
761	 9.87819362028689E-02 
762	 0.098898408453917 
763	 9.85849496761633E-02 
764	 9.81773291646747E-02 
765	 9.81399864004891E-02 
766	 9.82396201700755E-02 
767	 9.81889284314418E-02 
768	 9.81198435310599E-02 
769	 9.85203157554361E-02 
770	 9.86562864652383E-02 
771	 0.098771436260771 
772	 0.099079827595248 
773	 9.91532261572291E-02 
774	 9.93150096591174E-02 
775	 9.95787893868993E-02 
776	 9.98341590378754E-02 
777	 0.100091301764241 
778	 0.100382500901878 
779	 0.100669472724167 
780	 0.100860895849655 
781	 0.101243801271862 
782	 0.10158859309383 
783	 0.101773680476163 
784	 0.102135136933434 
785	 0.102543980646347 
786	 0.10293664249434 
787	 0.103273665809543 
788	 0.103559636758555 
789	 0.103895868798856 
790	 0.104293989799767 
791	 0.104681683655872 
792	 0.104917400542359 
793	 0.105257024152705 
794	 0.105762309867066 
795	 0.10608360658375 
796	 0.106325789355835 
797	 0.106606901636898 
798	 0.10698189692155 
799	 0.107227549551024 
800	 0.107469552022827 
801	 0.107745591784962 
802	 0.108012441959499 
803	 0.108024453234514 
804	 0.108134618909624 
805	 0.108376181811242 
806	 0.108394736284564 
807	 0.108326137369108 
808	 0.108310149732172 
809	 0.108387538758613 
810	 0.108325139465075 
811	 0.108365362794425 
812	 0.108353834990516 
813	 0.108042216120503 
814	 0.107762071878202 
815	 0.10762725295961 
816	 0.107378441971235 
817	 0.106631079784008 
818	 0.106383841740172 
819	 0.105894234536728 
820	 0.104995755146404 
821	 0.10444898200239 
822	 0.103409725508345 
823	 0.102144146347665 
824	 0.101019373932586 
825	 9.97686259997183E-02 
826	 9.83702081478235E-02 
827	 9.68184608890733E-02 
828	 9.52073072203691E-02 
829	 9.34552430511083E-02 
830	 0.091923743244363 
831	 9.06479676435462E-02 
832	 8.94718059885567E-02 
833	 8.86078895582832E-02 
834	 8.78703725699007E-02 
835	 0.087146081340072 
836	 0.08648993783477 
837	 8.61728835842924E-02 
838	 0.085734261282524 
839	 8.49789115434222E-02 
840	 8.48158340116533E-02 
841	 8.44724449597625E-02 
842	 8.40523961004997E-02 
843	 8.38594536900639E-02 
844	 0.083525898873482 
845	 8.32327361072825E-02 
846	 8.29975006170882E-02 
847	 0.082720950743568 
848	 8.24560189958137E-02 
849	 8.21172435923988E-02 
850	 8.17491562163689E-02 
851	 8.15510758020587E-02 
852	 8.11439969335333E-02 
853	 8.07808338312399E-02 
854	 8.06583358917616E-02 
855	 8.05608532191891E-02 
856	 0.080280180658787 
857	 8.00464581175176E-02 
858	 8.00188676950427E-02 
859	 0.079634652297209 
860	 7.93172241415365E-02 
861	 7.91460326931965E-02 
862	 0.078989156036264 
863	 7.86693199282006E-02 
864	 7.84780589274308E-02 
865	 7.83378115937207E-02 
866	 7.78790455466872E-02 
867	 7.76559105881244E-02 
868	 7.74064180021793E-02 
869	 7.70082271911559E-02 
870	 0.07666149724137 
871	 7.62618585234428E-02 
872	 7.60800165172144E-02 
873	 7.60626963500292E-02 
874	 7.52623328220631E-02 
875	 7.48260821445291E-02 
876	 7.45922411676575E-02 
877	 7.41539829163792E-02 
878	 7.38336276632957E-02 
879	 7.34511498632236E-02 
880	 7.29638846864014E-02 
881	 7.24587999363708E-02 
882	 7.22984591836382E-02 
883	 7.20112972135134E-02 
884	 7.13808213940711E-02 
885	 7.05741960291732E-02 
886	 7.08750986440685E-02 
887	 0.070586054532203 
888	 6.95813445055865E-02 
889	 6.97320301009437E-02 
890	 6.94277521900584E-02 
891	 6.91040323158795E-02 
892	 6.90530314009012E-02 
893	 6.86309960720676E-02 
894	 6.83605529811378E-02 
895	 6.81548884724807E-02 
896	 6.78088214129988E-02 
897	 6.73340231494901E-02 
898	 6.71479673096142E-02 
899	 6.68854827879914E-02 
900	 6.62244655027957E-02 
901	 6.59808695287311E-02 
902	 6.54798431402211E-02 
903	 6.50858183420329E-02 
904	 6.52072119143198E-02 
905	 6.43791998433369E-02 
906	 0.064100670392606 
907	 6.41745448244421E-02 
908	 6.33549107900035E-02 
909	 6.32069403111101E-02 
910	 6.27299480223863E-02 
911	 6.18502663819581E-02 
912	 6.14370944785789E-02 
913	 0.061033579295931 
914	 6.03292037865179E-02 
915	 5.94259193561699E-02 
916	 5.87697968741594E-02 
917	 5.73778033773719E-02 
918	 5.59894306911036E-02 
919	 5.52909404950549E-02 
920	 5.54942241815705E-02 
921	 5.49199079839444E-02 
922	 5.39216999470828E-02 
923	 5.29882094933579E-02 
924	 5.20096353496483E-02 
925	 5.14028992310818E-02 
926	 5.04199593324173E-02 
927	 4.87723631925731E-02 
928	 4.93686030850964E-02 
929	 5.04962440397658E-02 
930	 5.12888113134226E-02 
931	 5.08663024490453E-02 
932	 4.71351507761456E-02 
933	 4.69867942238893E-02 
934	 4.77051284231234E-02 
935	 4.32214468494724E-02 
936	 3.92364244205961E-02 
937	 4.12483324811615E-02 
938	 4.44478571612631E-02 
939	 4.31476488419302E-02 
940	 3.96299240846854E-02 
941	 4.01143822435176E-02 
942	 4.17835567270641E-02 
943	 3.85134578364425E-02 
944	 3.48373734735706E-02 
945	 3.67723878539201E-02 
946	 4.09376056302986E-02 
947	 3.94131315997895E-02 
948	 3.26986993168069E-02 
949	 3.24206953438331E-02 
950	 3.58711852920536E-02 
951	 3.34682524158163E-02 
952	 3.42586844560615E-02 
953	 3.41925392140814E-02 
954	 3.27390347396121E-02 
955	 3.21061264628933E-02 
956	 3.11137986851048E-02 
957	 3.14324342313837E-02 
958	 3.20198634025668E-02 
959	 3.06445306928737E-02 
960	 0.030741313061508 
961	 3.25418507682804E-02 
962	 3.36289577866315E-02 
963	 3.12625761799454E-02 
964	 3.05477528137839E-02 
965	 2.97060252083345E-02 
966	 2.94804509747031E-02 
967	 3.18256521958978E-02 
968	 3.04760803821286E-02 
969	 2.99331453534428E-02 
970	 3.04473528751542E-02 
971	 2.86312532466665E-02 
972	 2.97080876907514E-02 
973	 3.16084232354079E-02 
974	 3.18443515788761E-02 
975	 2.92573071957483E-02 
976	 2.90471679344493E-02 
977	 2.96342322640399E-02 
978	 0.030069774487931 
979	 3.05686250898667E-02 
980	 2.93847561763459E-02 
981	 2.95011079277024E-02 
982	 3.04652192703838E-02 
983	 2.92721497138743E-02 
984	 2.80832117838688E-02 
985	 2.88848308286869E-02 
986	 3.00160611491219E-02 
987	 2.80609900868183E-02 
988	 2.76490792955396E-02 
989	 2.93112243142865E-02 
990	 3.13276130746777E-02 
991	 3.10726656639981E-02 
992	 2.94158139391055E-02 
993	 2.87689817429922E-02 
994	 2.90982055480147E-02 
995	 2.87973665015561E-02 
996	 2.89302293882595E-02 
997	 2.94619051056259E-02 
998	 3.01052471348098E-02 
999	 3.03130697365622E-02 
1000	 2.87651016591837E-02 
1001	 2.95134849077708E-02 
1002	 3.01691819384006E-02 
1003	 3.03179728840099E-02 
1004	 3.02469555371769E-02 
1005	 3.02321169127205E-02 
1006	 2.99745878261756E-02 
1007	 2.97519339528975E-02 
1008	 2.96473070912039E-02 
1009	 3.00991803920623E-02 
1010	 3.04740368136472E-02 
1011	 3.06490399093479E-02 
1012	 0.030658667506206 
1013	 3.04648810138269E-02 
1014	 0.030667815429951 
1015	 3.09869442330665E-02 
1016	 3.11385073786301E-02 
1017	 3.15928318997641E-02 
1018	 3.18684466254768E-02 
1019	 0.031803728875685 
1020	 0.031998004566564 
1021	 3.25385966136999E-02 
1022	 0.032629940369689 
1023	 3.27047590696324E-02 
1024	 3.26069705093129E-02 
1025	 0.032713351525835 
1026	 0.033006591521409 
1027	 3.33761178862455E-02 
1028	 3.43419827453415E-02 
1029	 0.034388581205651 
1030	 3.38640695324104E-02 
1031	 3.38276099745207E-02 
1032	 3.31405660602425E-02 
1033	 3.33515087678774E-02 
1034	 3.47385888073164E-02 
1035	 0.035363538658168 
1036	 0.036120875325724 
1037	 3.65711450012158E-02 
1038	 3.71246787474894E-02 
1039	 3.62704515610045E-02 
1040	 0.035864392269266 
1041	 3.61992099100984E-02 
1042	 3.62794191423459E-02 
1043	 3.63846364317016E-02 
1044	 0.03653766367204 
1045	 3.66475031941952E-02 
1046	 3.70890404459795E-02 
1047	 0.037897463118005 
1048	 3.83275370716584E-02 
1049	 3.88156337406546E-02 
1050	 3.92181966355281E-02 
1051	 3.93977534604171E-02 
1052	 3.95565413291122E-02 
1053	 3.96898894924339E-02 
1054	 3.99155128126979E-02 
1055	 4.01137678313643E-02 
1056	 4.01756269638704E-02 
1057	 4.02258428565443E-02 
1058	 4.03654545455094E-02 
1059	 4.05346777052674E-02 
1060	 4.05977350393305E-02 
1061	 0.040664947373184 
1062	 4.10348148725123E-02 
1063	 4.09674375936603E-02 
1064	 0.040310408336138 
1065	 4.02381961637917E-02 
1066	 4.03505532347543E-02 
1067	 4.03762837342939E-02 
1068	 4.05573827517796E-02 
1069	 4.08500586859147E-02 
1070	 4.13024292560337E-02 
1071	 0.041450370633392 
1072	 4.16100136473441E-02 
1073	 4.18111741974502E-02 
1074	 4.17213523391701E-02 
1075	 4.10970774744164E-02 
1076	 4.10358510965842E-02 
1077	 0.041139783895334 
1078	 4.11977287299212E-02 
1079	 0.041511847770201 
1080	 4.14942157551695E-02 
1081	 4.15275707172282E-02 
1082	 4.12124235982306E-02 
1083	 4.01834703328104E-02 
1084	 0.039863283014858 
1085	 3.96517305890899E-02 
1086	 3.94849892891754E-02 
1087	 4.01446204053247E-02 
1088	 4.01756985581104E-02 
1089	 3.97459572199178E-02 
1090	 3.92004337346307E-02 
1091	 3.89738697974693E-02 
1092	 3.86067253996033E-02 
1093	 3.84463283212323E-02 
1094	 3.88707049977577E-02 
1095	 3.86722508452921E-02 
1096	 3.79395228230125E-02 
1097	 3.75886377917404E-02 
1098	 3.70678932112638E-02 
1099	 3.67714240223024E-02 
1100	 3.69769679853644E-02 
1101	 3.69527360415339E-02 
1102	 3.67320215123733E-02 
1103	 3.67455142381062E-02 
1104	 3.70918560720629E-02 
1105	 3.69969554139598E-02 
1106	 3.64616189788756E-02 
1107	 3.61480339928318E-02 
1108	 3.58140686002935E-02 
1109	 3.57725540768068E-02 
1110	 3.58986638247401E-02 
1111	 3.73413081023579E-02 
1112	 3.73133936110344E-02 
1113	 3.54923852825991E-02 
1114	 3.55108341580496E-02 
1115	 3.65998336768487E-02 
1116	 3.68021537226207E-02 
1117	 3.84331292578304E-02 
1118	 3.94379297959096E-02 
1119	 3.72267618510457E-02 
1120	 3.63908249612615E-02 
1121	 3.68150834554638E-02 
1122	 3.93742096812127E-02 
1123	 3.77927828535448E-02 
1124	 3.71518702386403E-02 
1125	 3.74753600261579E-02 
1126	 3.57448189041005E-02 
1127	 3.81474817300793E-02 
1128	 4.09643292683681E-02 
1129	 3.94243221906031E-02 
1130	 3.52539554341128E-02 
1131	 0.035045544918795 
1132	 3.31049651674169E-02 
1133	 3.18720162224177E-02 
1134	 0.03427719870282 
1135	 3.44031432168685E-02 
1136	 0.031925130345683 
1137	 3.20652715046926E-02 
1138	 3.50229643248329E-02 
1139	 0.033251478979004 
1140	 3.11739519269125E-02 
1141	 3.17882391965771E-02 
1142	 0.03184444093352 
1143	 3.14659098663199E-02 
1144	 3.05994798533997E-02 
1145	 2.96481783659244E-02 
1146	 2.89201742260132E-02 
1147	 2.85169615762957E-02 
1148	 2.92323517077691E-02 
1149	 3.04653351339041E-02 
1150	 0.030446963359027 
1151	 2.85918297934002E-02 
1152	 2.85692730481556E-02 
1153	 3.03381636585278E-02 
1154	 2.94156385763029E-02 
1155	 2.74168675205585E-02 
1156	 2.70259593311476E-02 
1157	 2.74572096618815E-02 
1158	 2.68903949133247E-02 
1159	 2.72780421463849E-02 
1160	 2.77980484416394E-02 
1161	 2.65058423112932E-02 
1162	 2.55473667776636E-02 
1163	 2.57181932731317E-02 
1164	 2.58077270942534E-02 
1165	 2.57920899903877E-02 
1166	 2.56286082034567E-02 
1167	 2.51767684369258E-02 
1168	 2.50123308745183E-02 
1169	 2.52626877347181E-02 
1170	 2.55362006575611E-02 
1171	 2.56027171772843E-02 
1172	 2.56693526392526E-02 
1173	 2.55664896135466E-02 
1174	 2.51471926890517E-02 
1175	 2.50588609362574E-02 
1176	 2.51935627629494E-02 
1177	 2.52468591717877E-02 
1178	 2.55922089799472E-02 
1179	 0.025694559894482 
1180	 2.54008578762096E-02 
1181	 2.53942578716074E-02 
1182	 2.50981250990396E-02 
1183	 2.48325237833136E-02 
1184	 2.52277131256429E-02 
1185	 2.52225783458793E-02 
1186	 2.50213284344649E-02 
1187	 2.51636188252128E-02 
1188	 2.50715021778378E-02 
1189	 2.49468390988712E-02 
1190	 2.49951033077506E-02 
1191	 2.50172068677937E-02 
1192	 2.49777208706598E-02 
1193	 0.024696363108251 
1194	 2.46168155646267E-02 
1195	 2.49674456500314E-02 
1196	 2.52030543484245E-02 
1197	 2.51720044007923E-02 
1198	 0.024660213334384 
1199	 2.39259439830064E-02 
1200	 2.40802252888205E-02 
1201	 2.44106575777618E-02 
1202	 2.43827834804559E-02 
1203	 2.48614320161486E-02 
1204	 2.48142849831451E-02 
1205	 2.42492200263205E-02 
1206	 2.43393787504442E-02 
1207	 0.024432281323507 
1208	 2.43133584335963E-02 
1209	 2.42111603799481E-02 
1210	 0.024205843621192 
1211	 2.44285017387984E-02 
1212	 2.46653870559895E-02 
1213	 0.024671572062804 
1214	 2.45928506876464E-02 
1215	 2.44660554970981E-02 
1216	 2.44713265224063E-02 
1217	 2.44674325716736E-02 
1218	 2.42550103283067E-02 
1219	 2.41911210896967E-02 
1220	 2.43145004032382E-02 
1221	 2.40778922365805E-02 
1222	 2.39374016348993E-02 
1223	 2.43622338636454E-02 
1224	 2.45312370262001E-02 
1225	 2.43086809009997E-02 
1226	 2.42491035688324E-02 
1227	 2.41194330056468E-02 
1228	 2.39426934483806E-02 
1229	 0.024075256532361 
1230	 2.42956188458748E-02 
1231	 2.42524217834415E-02 
1232	 2.40594339458466E-02 
1233	 2.41927108725019E-02 
1234	 2.44420402568386E-02 
1235	 0.02442426181831 
1236	 2.44828122645187E-02 
1237	 2.44486829640303E-02 
1238	 2.41526875169578E-02 
1239	 2.36883191469576E-02 
1240	 2.38722525324555E-02 
1241	 2.42632788382353E-02 
1242	 2.42209697454372E-02 
1243	 2.42953969226679E-02 
1244	 2.44488934499592E-02 
1245	 2.43611941926579E-02 
1246	 2.43228050849293E-02 
1247	 2.44321948229509E-02 
1248	 0.024523685575009 
1249	 2.42874744486969E-02 
1250	 2.41317539671405E-02 
1251	 2.43890289111291E-02 
1252	 2.43517312642794E-02 
1253	 0.024201758443296 
1254	 2.45881008000518E-02 
1255	 2.49042778464945E-02 
1256	 2.48148437921487E-02 
1257	 2.43035787579164E-02 
1258	 2.43107797496497E-02 
1259	 2.42800902962382E-02 
1260	 2.42038946417994E-02 
1261	 2.45437861020057E-02 
1262	 2.46910997918852E-02 
1263	 0.024563246810783 
1264	 2.44746650597563E-02 
1265	 2.46870411990635E-02 
1266	 2.44916156644082E-02 
1267	 2.40345615841856E-02 
1268	 2.40175871911513E-02 
1269	 2.42415633156753E-02 
1270	 2.42681770396223E-02 
1271	 2.43330931302974E-02 
1272	 2.42501153806812E-02 
1273	 2.40437320141815E-02 
1274	 2.42244536243151E-02 
1275	 2.43640561260237E-02 
1276	 2.43286232683739E-02 
1277	 2.43893533845899E-02 
1278	 2.42597322611933E-02 
1279	 2.42312613459984E-02 
1280	 0.02444733968421 
1281	 0.024381296328207 
1282	 2.37458544429922E-02 
1283	 2.36752437457816E-02 
1284	 2.39819439220314E-02 
1285	 2.39201323830504E-02 
1286	 0.023765700884863 
1287	 2.38786497120347E-02 
1288	 2.40427226982212E-02 
1289	 2.39432664259455E-02 
1290	 2.36546258174784E-02 
1291	 2.41376960274081E-02 
1292	 2.42710290361688E-02 
1293	 2.36929527163659E-02 
1294	 2.36975191390014E-02 
1295	 2.39745435796711E-02 
1296	 2.41400120139803E-02 
1297	 2.43581815278603E-02 
1298	 0.024378771720801 
1299	 2.40291567733201E-02 
1300	 2.35834686197092E-02 
1301	 2.37288862247913E-02 
1302	 2.41784629034528E-02 
1303	 2.43041314227774E-02 
1304	 2.42078383941616E-02 
1305	 2.42680117223881E-02 
1306	 2.40617667827627E-02 
1307	 2.37621681153082E-02 
1308	 2.37968266043393E-02 
1309	 2.35597891598689E-02 
1310	 0.023660012055893 
1311	 2.47945569633477E-02 
1312	 2.50890899313034E-02 
1313	 2.48047574460067E-02 
1314	 0.024699158594766 
1315	 2.43638366554545E-02 
1316	 2.41532617346948E-02 
1317	 2.39598311427454E-02 
1318	 2.38744862831075E-02 
1319	 2.35964799876609E-02 
1320	 2.36548727828564E-02 
1321	 2.42513007557045E-02 
1322	 2.45826638751932E-02 
1323	 2.40072300200814E-02 
1324	 2.43043222232037E-02 
1325	 2.50508575302433E-02 
1326	 2.46363482494139E-02 
1327	 2.39926229016325E-02 
1328	 0.024649123726054 
1329	 2.51398838968277E-02 
1330	 2.48396621938707E-02 
1331	 2.50605581915239E-02 
1332	 2.56239383754068E-02 
1333	 2.47801721890808E-02 
1334	 2.38638284153284E-02 
1335	 2.41979680136586E-02 
1336	 2.65610703621691E-02 
1337	 2.64742839333275E-02 
1338	 2.56812808052239E-02 
1339	 2.54780051265385E-02 
1340	 2.35854238989621E-02 
1341	 2.34284443333645E-02 
1342	 2.57920488258661E-02 
1343	 2.61997180009113E-02 
1344	 2.56906555714979E-02 
1345	 2.61591456846142E-02 
1346	 2.60205657756318E-02 
1347	 2.51857081024317E-02 
1348	 2.54498412795481E-02 
1349	 2.52158029647487E-02 
1350	 2.07020713118418E-02 
1351	 1.94147301945959E-02 
1352	 2.81988373605193E-02 
1353	 3.05717226626679E-02 
1354	 2.98261904553242E-02 
1355	 1.00906825064556E-02 
1356	-1.35585403043226E-03 
1357	 2.99329743814431E-02 
1358	 1.78864517140711E-02 
1359	 0.043488940809401 
1360	 0.291602864958254 
1361	 0.562799548929265 
1362	 0.518317464965431 
1363	 0.489086733301046 
1364	 0.436210313995754 
1365	 8.77758978723705E-02 
1366	 0.127934532245311 
1367	 1.02094145972982 
1368	 1.31188077426247 
1369	 0.371450601368347 
1370	 0.399725361578217 
1371	 1.03308122159837 
1372	 0.951339227880067 
1373	 0.542933527827363 
1374	 0.607314955632259 
1375	 0.749043021589498 
1376	 0.695845197124168 
1377	 0.845259808214269 
1378	 0.935846308897611 
1379	 0.405041725296408 
1380	 0.130907643040552 
1381	 0.300817435518828 
1382	 0.358559404159872 
1383	 0.24522011289655 
1384	 7.43061362942103E-02 
1385	-0.061986371241241 
1386	-0.259216201805868 
1387	-1.07891255528232 
1388	-1.02797964010742 
1389	-0.272942642167638 
1390	-0.178115321888091 
1391	-0.14505894455883 
1392	 3.07990563899841E-02 
1393	 0.248904723358558 
1394	 0.466902682470214 
1395	 0.659023428984433 
1396	 0.738607955272268 
1397	 0.080278869310323 
1398	-0.42781306848274 
1399	-0.459802097746058 
1400	-8.03841469976923E-02 
1401	 0.296948873294562 
1402	 0.274760001613 
1403	 9.27317249027115E-02 
1404	 0.496339354063085 
1405	 0.335407506307444 
1406	-0.366602750460642 
1407	-0.217991550098755 
1408	 0.105150128725112 
1409	 5.71887546082991E-02 
1410	 9.1899083409071E-03 
1411	 0.118830289806293 
1412	 0.242940252173079 
1413	 0.141744217890953 
1414	 4.81721692487097E-02 
1415	 7.31823021482776E-02 
1416	 2.67112470776742E-02 
1417	 4.02315088225447E-03 
1418	 7.79906126049266E-02 
1419	 0.110721522029056 
1420	 9.45999139754726E-02 
1421	 6.16132317722371E-02 
1422	 3.57265501210468E-02 
1423	 3.97948170447752E-02 
1424	 2.95429768503306E-02 
1425	 2.46685049067935E-02 
1426	 0.050263099410115 
1427	 5.43421689584846E-02 
1428	 3.60792434119114E-02 
1429	 2.48913706711909E-02 
1430	 1.67789515036086E-02 
1431	 1.62109152405869E-02 
1432	 0.01596803212176 
1433	 1.53741716543703E-02 
1434	 2.36777292459244E-02 
1435	 2.25562034677477E-02 
1436	 3.56788991098054E-03 
1437	 8.69467669399404E-03 
1438	 1.66626498549002E-02 
1439	 2.35256098381903E-02 
1440	 0.030751950592988 
1441	 3.08495624884333E-02 
1442	 2.59874617413375E-02 
1443	 1.69998313265625E-02 
1444	 2.03183034373395E-02 
1445	 3.01733320813818E-02 
1446	 2.45868048468665E-02 
1447	 2.17012804840021E-02 
1448	 2.78732397701123E-02 
1449	 2.71000698736607E-02 
1450	 2.38093096378552E-02 
1451	 2.36808824792586E-02 
1452	 2.22434971340193E-02 
1453	 1.92074358000153E-02 
1454	 1.71938583310761E-02 
1455	 0.017991460454558 
1456	 1.86519793527271E-02 
1457	 0.017943740926439 
1458	 1.76364790954036E-02 
1459	 1.90626496890697E-02 
1460	 2.05198846893914E-02 
1461	 2.14858136554912E-02 
1462	 2.03308292596711E-02 
1463	 1.93962998400134E-02 
1464	 1.97336331184545E-02 
1465	 0.017784292149021 
1466	 1.64540790811038E-02 
1467	 1.69279759397782E-02 
1468	 1.79853645251272E-02 
1469	 0.019729425051345 
1470	 1.84513397570455E-02 
1471	 0.016123624866442 
1472	 1.74844430621769E-02 
1473	 1.86874430161494E-02 
1474	 1.76153561895288E-02 
1475	 1.81911009812128E-02 
1476	 1.91022793439153E-02 
1477	 1.73274062348775E-02 
1478	 1.64315939709031E-02 
1479	 1.80349121208738E-02 
1480	 1.91417561901075E-02 
1481	 0.019301862278693 
1482	 1.87796992955282E-02 
1483	 1.88561570205667E-02 
1484	 1.85530554833394E-02 
1485	 1.74198743160501E-02 
1486	 0.01603813551266 
1487	 1.38763117525245E-02 
1488	 1.40992545382694E-02 
1489	 1.54303925885732E-02 
1490	 1.52730183944971E-02 
1491	 1.54351827321545E-02 
1492	 0.015869219121684 
1493	 1.58006768908154E-02 
1494	 1.55262417359382E-02 
1495	 1.56586441533158E-02 
1496	 1.58208852269617E-02 
1497	 1.51611807983476E-02 
1498	 1.49615134805601E-02 
1499	 1.58461878537018E-02 
1500	 1.58629223469898E-02 
1501	 1.51673519722025E-02 
1502	 1.49919664923228E-02 
1503	 0.014693313264102 
1504	 1.44721485053717E-02 
1505	 1.40981642177049E-02 
1506	 0.014818446540137 
1507	 1.54036467081113E-02 
1508	 1.51362121952571E-02 
1509	 1.48601364578305E-02 
1510	 1.44046370853846E-02 
1511	 1.35700991013076E-02 
1512	 0.013576256032739 
1513	 1.46813951065201E-02 
1514	 1.49873539630516E-02 
1515	 1.46534383668451E-02 
1516	 1.47953633499802E-02 
1517	 1.49738507857789E-02 
1518	 1.45910757982097E-02 
1519	 1.41681606123163E-02 
1520	 1.46098359630353E-02 
1521	 0.014602943520411 
1522	 1.43188207528325E-02 
1523	 1.54200023881902E-02 
1524	 0.015729384534422 
1525	 1.50922374702704E-02 
1526	 0.015305557311646 
1527	 1.52238570222214E-02 
1528	 1.48735374369712E-02 
1529	 0.014642469020309 
1530	 1.46060541826406E-02 
1531	 1.51074137973361E-02 
1532	 1.50894856348858E-02 
1533	 1.47792536524921E-02 
1534	 1.49287496023203E-02 
1535	 1.49737335626425E-02 
1536	 1.49194023107136E-02 
1537	 1.47129266936977E-02 
1538	 1.48593177466844E-02 
1539	 1.53844010451695E-02 
1540	 1.53285236568369E-02 
1541	 1.56147945838883E-02 
1542	 1.59619137745979E-02 
1543	 1.53357242633787E-02 
1544	 1.49403510866126E-02 
1545	 1.51723210462514E-02 
1546	 1.51630149105974E-02 
1547	 1.50556464572325E-02 
1548	 0.015320188680392 
1549	 1.57245453995971E-02 
1550	 1.59525438727195E-02 
1551	 0.015779452491028 
1552	 0.015918096334153 
1553	 1.63887151538727E-02 
1554	 1.62716192958748E-02 
1555	 1.60908558161858E-02 
1556	 1.62323386331919E-02 
1557	 1.63196363793774E-02 
1558	 1.62806373522839E-02 
1559	 1.64060467862821E-02 
1560	 1.65908171679879E-02 
1561	 1.63475329259752E-02 
1562	 1.60095083403402E-02 
1563	 1.59503967980291E-02 
1564	 1.60335063800079E-02 
1565	 1.65288126295557E-02 
1566	 1.70479419024169E-02 
1567	 1.70470365099058E-02 
1568	 1.69984012668188E-02 
1569	 1.67179137694017E-02 
1570	 1.64442937096463E-02 
1571	 1.68737242634031E-02 
1572	 1.71702155955801E-02 
1573	 0.016835644375522 
1574	 1.67815695033956E-02 
1575	 1.71473559446239E-02 
1576	 1.69501521057798E-02 
1577	 1.67887533018536E-02 
1578	 1.72209097184204E-02 
1579	 1.72520525887707E-02 
1580	 1.70492726946689E-02 
1581	 1.70987205399868E-02 
1582	 1.73284526451476E-02 
1583	 1.71834291165353E-02 
1584	 1.67252476063106E-02 
1585	 0.01724187005873 
1586	 1.77730367780724E-02 
1587	 1.72464604402715E-02 
1588	 1.71791934616147E-02 
1589	 1.76085236458771E-02 
1590	 1.75064241990352E-02 
1591	 1.74235133963819E-02 
1592	 1.79657630392198E-02 
1593	 0.018171270116246 
1594	 1.75902786091443E-02 
1595	 1.75248361944926E-02 
1596	 1.77323125786137E-02 
1597	 1.74626108069262E-02 
1598	 1.76004096380394E-02 
1599	 1.82546987441711E-02 
1600	 1.85453607298913E-02 
1601	 1.83200505241632E-02 
1602	 1.81727571568305E-02 
1603	 1.82017324640101E-02 
1604	 1.80838400260155E-02 
1605	 1.78880856070058E-02 
1606	 1.78279701170252E-02 
1607	 1.77677572364992E-02 
1608	 1.73901253670994E-02 
1609	 1.73435094440978E-02 
1610	 1.76308471340822E-02 
1611	 1.73325797194033E-02 
1612	 0.017273173598312 
1613	 1.79946007609337E-02 
1614	 1.81690515595073E-02 
1615	 1.73158475791498E-02 
1616	 1.69194176394278E-02 
1617	 1.74461896923101E-02 
1618	 1.77872445970992E-02 
1619	 1.79923841445586E-02 
1620	 1.81247191428119E-02 
1621	 1.77474270007598E-02 
1622	 1.71052384647491E-02 
1623	 0.016876078507584 
1624	 1.70925488251438E-02 
1625	 1.69328465838666E-02 
1626	 1.69452957242122E-02 
1627	 0.017710064602932 
1628	 1.82271021085852E-02 
1629	 1.80032493280038E-02 
1630	 0.017526163868823 
1631	 1.74757164485577E-02 
1632	 1.78487518642136E-02 
1633	 1.80381423493919E-02 
1634	 1.79763397052544E-02 
1635	 1.79127193924336E-02 
1636	 1.79894287019097E-02 
1637	 1.81902117928124E-02 
1638	 1.83188785373413E-02 
1639	 1.83384025798178E-02 
1640	 1.80195297001406E-02 
1641	 1.74155994034393E-02 
1642	 1.76768083453491E-02 
1643	 1.85295687400095E-02 
1644	 1.81125690385324E-02 
1645	 1.75622830772732E-02 
1646	 1.82022173252783E-02 
1647	 1.82557979167064E-02 
1648	 1.79281409712258E-02 
1649	 1.81984536025179E-02 
1650	 1.80513552224913E-02 
1651	 0.017899348164817 
1652	 0.018300574042105 
1653	 1.84884812952129E-02 
1654	 1.85716822421551E-02 
1655	 1.80115936450212E-02 
1656	 1.79212661345303E-02 
1657	 1.82623863048037E-02 
1658	 1.84453353491974E-02 
1659	 1.87128191944687E-02 
1660	 1.85685390641369E-02 
1661	 1.83205203616859E-02 
1662	 1.85022621651201E-02 
1663	 1.83663729779144E-02 
1664	 1.82364566911963E-02 
1665	 1.85666489438324E-02 
1666	 1.87004316381832E-02 
1667	 1.88670268860257E-02 
1668	 1.93987735909826E-02 
1669	 1.88457627367714E-02 
1670	 1.80053914554747E-02 
1671	 1.79769965039325E-02 
1672	 1.82107605976172E-02 
1673	 1.81215282505122E-02 
1674	 1.87341942512653E-02 
1675	 1.94838105363677E-02 
1676	 1.88904660601829E-02 
1677	 1.83101250274669E-02 
1678	 0.018707840860374 
1679	 1.85511114212281E-02 
1680	 1.80284781184859E-02 
1681	 1.85829337134959E-02 
1682	 1.89973733390867E-02 
1683	 1.86936501672608E-02 
1684	 1.87173251321974E-02 
1685	 1.86829242771169E-02 
1686	 1.84941236472717E-02 
1687	 1.86689722801051E-02 
1688	 1.90605429836724E-02 
1689	 1.93848561009003E-02 
1690	 1.95079689297253E-02 
1691	 1.91599888393414E-02 
1692	 0.018835625807211 
1693	 1.91734136928005E-02 
1694	 1.95167684360955E-02 
1695	 1.90614785521295E-02 
1696	 1.85652963146565E-02 
1697	 1.87209656778921E-02 
1698	 1.82747647414679E-02 
1699	 1.81540071710407E-02 
1700	 1.93460487307201E-02 
1701	 1.92650845999569E-02 
1702	 1.83588278261904E-02 
1703	 1.87913429606552E-02 
1704	 1.94708721708256E-02 
1705	 1.97103176905492E-02 
1706	 2.00384109167096E-02 
1707	 2.01583858421999E-02 
1708	 1.96818197848674E-02 
1709	 1.90266406686776E-02 
1710	 1.92795726959137E-02 
1711	 2.00729775585897E-02 
1712	 1.97263548299041E-02 
1713	 2.00382775497546E-02 
1714	 2.02086256404802E-02 
1715	 0.01953192102062 
1716	 1.90082123520108E-02 
1717	 0.018942119933544 
1718	 1.91757151687698E-02 
1719	 0.019564646606899 
1720	 1.97173720481264E-02 
1721	 1.93862035260632E-02 
1722	 1.94471487627286E-02 
1723	 1.98430357507951E-02 
1724	 2.03328602335918E-02 
1725	 2.06270547208617E-02 
1726	 1.98733504258792E-02 
1727	 1.90838906587687E-02 
1728	 1.90556861783482E-02 
1729	 1.90242002557864E-02 
1730	 1.90483419177308E-02 
1731	 1.93590951299861E-02 
1732	 1.91956298656106E-02 
1733	 1.91972980880248E-02 
1734	 1.95537375353796E-02 
1735	 1.93126872410362E-02 
1736	 1.92522551118033E-02 
1737	 1.93532746515419E-02 
1738	 1.90955996350853E-02 
1739	 1.87099324235423E-02 
1740	 0.018755495170958 
1741	 1.89332063634404E-02 
1742	 0.018995481454433 
1743	 1.95645766432485E-02 
1744	 1.94755840234576E-02 
1745	 1.90040539019353E-02 
1746	 1.96168244817794E-02 
1747	 1.96598060388127E-02 
1748	 2.00083326910485E-02 
1749	 1.98101013094053E-02 
1750	 1.83923103923657E-02 
1751	 0.017657665734973 
1752	 1.66297344999566E-02 
1753	 1.68215387727246E-02 
1754	 1.86791380804992E-02 
1755	 1.93212477211386E-02 
1756	 2.00023067669451E-02 
1757	 1.92179467419167E-02 
1758	 1.80670618844945E-02 
1759	 1.75461879497279E-02 
1760	 1.80394104315175E-02 
1761	 1.90308397366082E-02 
1762	 2.02374893591736E-02 
1763	 2.07032239614656E-02 
1764	 2.00054352533986E-02 
1765	 1.85619933434238E-02 
1766	 0.018183477911676 
1767	 1.85169767526111E-02 
1768	 1.87639644821424E-02 
1769	 1.95936304794531E-02 
1770	 1.98676636569051E-02 
1771	 2.03939822618528E-02 
1772	 2.07366346649096E-02 
1773	 1.93897534916117E-02 
1774	 1.88866661669754E-02 
1775	 1.89602461926865E-02 
1776	 1.81460327264614E-02 
1777	 1.78776547704408E-02 
1778	 1.86126248602247E-02 
1779	 0.018430287622083 
1780	 1.91347472135546E-02 
1781	 2.33662319458747E-02 
1782	 2.41365615241055E-02 
1783	 2.16626178937045E-02 
1784	 2.17522643937294E-02 
1785	 2.22966808616847E-02 
1786	 2.10958630226535E-02 
1787	 1.95910363596229E-02 
1788	 1.99395523444514E-02 
1789	 1.96638350642816E-02 
1790	 2.18484805922032E-02 
1791	 2.29714325444098E-02 
1792	 1.86985734645639E-02 
1793	 1.56804483593527E-02 
1794	 2.15385958705734E-02 
1795	 2.41729517167291E-02 
1796	 2.12465481936462E-02 
1797	 2.58552651949568E-02 
1798	 1.86527185541543E-02 
1799	 0.009961784163545 
1800	 2.38771498533761E-02 
1801	 2.97354240736136E-02 
1802	 4.01536321244415E-02 
1803	 4.35314638604282E-02 
1804	 2.65616772954364E-02 
1805	 2.10840503740701E-02 
1806	 2.04837703512754E-02 
1807	 1.18381499131397E-02 
1808	-1.65882807808134E-02 
1809	-6.54469770767262E-03 
1810	 5.68396063546594E-02 
1811	 8.41685332450456E-02 
1812	 0.197002060040742 
1813	 0.256565656885604 
1814	 6.53144724086855E-02 
1815	 2.32337368316788E-02 
1816	 8.28119105319094E-02 
1817	 3.15121034907527E-03 
1818	 7.12982995716013E-02 
1819	 0.249252806458342 
1820	 0.30907015687951 
1821	-8.83288892232488E-02 
1822	-0.212705132180783 
1823	-0.840486330612778 
1824	-1.12825350984296 
1825	 0.230674849374295 
1826	 1.01149231800452 
1827	 0.767654403500425 
1828	 0.756653930679972 
1829	 0.497157584377873 
1830	 0.4138678621063 
1831	-0.106945859242404 
1832	-0.564537517343247 
1833	 1.81112302339563 
1834	 0.611377055658069 
1835	-0.800513464876903 
1836	-0.643176703157061 
1837	-0.128562638120469 
1838	-0.15983746589411 
1839	-3.63702256882637E-02 
1840	 6.25984787425904E-02 
1841	-5.32512985906423 
1842	 0.119612297283702 
1843	-8.05615843137055E-02 
1844	-1.18751398733385 
1845	-2.02324365258254 
1846	 3.96149966880494 
1847	 3.05470366761746 
1848	 1.660534614656 
1849	 0.519235577816414 
1850	 0.116692307817308 
1851	 6.22065988032524E-02 
1852	-0.16099498867522 
1853	 1.02587807287523 
1854	 0.711643349229488 
1855	-5.86031102114837E-02 
1856	 0.364132981772794 
1857	 1.12408846900153 
1858	 1.38484877734628 
1859	 17.5771017222164 
1860	-5.2912386841558 
1861	 13.5171302840261 
1862	 5.35869109579192 
1863	 0.626791595953488 
1864	 0.205317078649713 
1865	 0.221629928304283 
1866	 0.349101249897382 
1867	 0.58520736924854 
1868	 9.04600910316894 
1869	-5.56553888236173 
1870	-3.38041861588135 
1871	-2.29873310005295 
1872	-2.87665540051762 
1873	-4.31003551275803 
1874	-5.49116853322705 
1875	-0.87274364133451 
1876	-0.924629344409159 
1877	-0.367652486130439 
1878	-0.392295907435899 
1879	-0.363984510707629 
1880	-0.322577514789458 
1881	-0.473877233863033 
1882	-0.66211918019605 
1883	-0.256636180093734 
1884	-5.97840929508486E-02 
1885	-0.109802881670548 
1886	-0.265845518652579 
1887	-0.760176156037113 
1888	-0.89526031721699 
1889	-0.967860252242689 
1890	-0.59589739308809 
1891	-0.593144568745695 
1892	-0.655973747997639 
1893	-8.79036996491368 
1894	 3.04983564896156E-02 
1895	 0.188501163289172 
1896	 0.488980041312022 
1897	 0.116248791468619 
1898	 1.41110530380012 
1899	-3.34470083121232 
1900	-4.18923029150333 
1901	-2.28669883621914 
1902	-1.87881681913422 
1903	-0.840925762914738 
1904	-0.172135317301612 
1905	 0.856465165525932 
1906	 0.822189862858095 
1907	 0.80013011698945 
1908	 3.89655690762851 
1909	-12.1846646199096 
1910	 2.12305997811349 
1911	-4.40879931244939E-02 
1912	-1.49753884523265 
1913	-2.45418663264042 
1914	-2.47792393486655 
1915	-2.80523591799673 
1916	 18.8842369999561 
1917	 0.333970678234624 
1918	 0.389239381120915 
1919	 8.42282336490523 
1920	-41.4736166636678 
1921	-0.342101159239922 
1922	-0.276015874099066 
1923	-5.12571368028552E-02 
1924	 0.509967713858203 
1925	 0.520590262773012 
1926	 0.523975475181355 
1927	 0.240661364576124 
1928	 0.474374708085342 
1929	-1.90517652653279 
1930	-0.387939035169135 
1931	 0.208395302854342 
1932	 0.554966677633807 
1933	 0.555573850154324 
1934	 0.405402479766792 
1935	 0.553825360044078 
1936	 0.882993042602418 
1937	 0.837722027917929 
1938	 0.570316878449523 
1939	 0.500477035389857 
1940	 0.5636954031425 
1941	 0.339943030829835 
1942	 4.51045564763223E-02 
1943	-6.99268686694344E-03 
1944	 1.84301204905937E-02 
1945	 4.98490499698405E-02 
1946	 9.48825236178166E-02 
1947	 0.140082543506929 
1948	 0.163494280112298 
1949	 0.158393719156093 
1950	 0.137454520043527 
1951	 0.12416705267258 
1952	 0.108317304713686 
1953	 0.058684559360038 
1954	 6.95339294812285E-02 
1955	 8.57694297356031E-02 
1956	 5.64564444671456E-02 
1957	 7.03482246278394E-02 
1958	 4.36217294508911E-02 
1959	 0.013397735523608 
1960	 1.87759409014969E-02 
1961	 1.28644817309996E-02 
1962	 5.96547747798179E-03 
1963	 7.30300809589097E-03 
1964	 1.24874101346569E-02 
1965	 1.16293328264156E-02 
1966	 1.06877884336477E-02 
1967	 9.86679835055427E-03 
1968	 9.64342766404607E-03 
1969	 6.73792300296179E-03 
1970	 8.43027793803499E-03 
1971	 9.67329402884288E-03 
1972	 1.08830245745314E-02 
1973	 8.70935515098319E-03 
1974	 6.0915398087338E-03 
1975	 9.25804068836334E-03 
1976	 7.64464983840319E-03 
1977	 7.73130880312145E-03 
1978	 9.92532443424956E-03 
1979	 1.07438734887807E-02 
1980	 8.6313524133706E-03 
1981	 1.15023997288406E-02 
1982	 1.44959991262063E-02 
1983	 1.44111393043821E-02 
1984	 1.41601391599364E-02 
1985	 1.30696761783867E-02 
1986	 1.40596543194091E-02 
1987	 0.014843638995292 
1988	 1.45875801559744E-02 
1989	 1.56825478004858E-02 
1990	 1.32112122491386E-02 
1991	 1.04890090374571E-02 
1992	 1.25653622598771E-02 
1993	 1.29143808361389E-02 
1994	 0.011862622375245 
1995	 9.99671397581993E-03 
1996	 8.6749830671091E-03 
1997	 7.04448065612512E-03 
1998	 8.57696106752023E-03 
1999	 8.52305512260084E-03 
2000	 1.10412044577435E-02 
2001	 1.62785540467828E-02 
2002	 1.19584314851874E-02 
2003	 9.67558550540744E-03 
2004	 1.53341628593607E-02 
2005	 9.42655728644493E-03 
2006	 1.30602393336003E-03 
2007	 6.32823239110775E-03 
2008	 4.06322533898308E-03 
2009	 3.41853209422813E-03 
2010	 9.5006496829423E-03 
2011	 9.85565632147083E-03 
2012	 3.74145634790568E-03 
2013	 2.31488131942518E-03 
2014	 5.16136204252529E-03 
2015	 4.66523461082058E-03 
2016	 1.00272636978934E-02 
2017	 1.45308576649114E-02 
2018	 1.28415873215134E-02 
2019	 1.52199092228884E-02 
2020	 1.44349367599478E-02 
2021	 7.46211062550251E-03 
2022	 6.77901356284483E-03 
2023	 6.5513514017369E-03 
2024	 6.05429772154318E-03 
2025	 6.90273674060981E-03 
2026	 8.23538778399894E-03 
2027	 9.52762075572325E-03 
2028	 9.60627591593812E-03 
2029	 0.013192230544911 
2030	 1.48163112551457E-02 
2031	 1.42320003896164E-02 
2032	 1.38153709202103E-02 
2033	 0.010486855441177 
2034	 7.48423899767071E-03 
2035	 6.71806184345732E-03 
2036	 6.82020800858031E-03 
2037	 8.50596732001191E-03 
2038	 9.50915429026068E-03 
2039	 1.06010329317553E-02 
2040	 1.31938547526409E-02 
2041	 1.41200668401304E-02 
2042	 1.39185965377329E-02 
2043	 1.39514418612508E-02 
2044	 1.40756508587575E-02 
2045	 1.15107198542456E-02 
2046	 1.10245285931508E-02 
2047	 0.011171418621285 
2048	 1.13645998694806E-02 
2049	 1.21135044222712E-02 
2050	 1.07924378587824E-02 
2051	 9.9873185963913E-03 
2052	 9.63370324892948E-03 
2053	 7.71423038540228E-03 
2054	 8.80069709198266E-03 
2055	 1.08759084939736E-02 
2056	 1.12100971100437E-02 
2057	 1.17883975223573E-02 
2058	 1.13074527349248E-02 
2059	 7.5261893181852E-03 
2060	 7.98399547275114E-03 
2061	 0.010223952420453 
2062	 1.19061539453965E-02 
2063	 1.51244095736415E-02 
2064	 1.65338779293547E-02 
2065	 1.46188669172432E-02 
2066	 1.34149898426549E-02 
2067	 1.45548405290522E-02 
2068	 1.27972642310419E-02 
2069	 0.010394715185173 
2070	 1.06607693536652E-02 
2071	 1.04298127672951E-02 
2072	 1.12548563820472E-02 
2073	 1.11476531706739E-02 
2074	 1.06002686550295E-02 
2075	 1.11163967765561E-02 
2076	 1.18396398594532E-02 
2077	 1.21092522265282E-02 
2078	 1.42228989285389E-02 
2079	 1.40262510104885E-02 
2080	 1.20187394451647E-02 
2081	 9.37368745934986E-03 
2082	 1.00555378757727E-02 
2083	 1.24019800312011E-02 
2084	 1.29197915644818E-02 
2085	 1.35584696713837E-02 
2086	 1.43599045679889E-02 
2087	 1.27898993228366E-02 
2088	 1.25939657995702E-02 
2089	 1.41501409436519E-02 
2090	 1.44428019070009E-02 
2091	 1.43745319215781E-02 
2092	 1.42769624517217E-02 
2093	 1.45242721278527E-02 
2094	 1.48221908447398E-02 
2095	 1.46170020581989E-02 
2096	 1.45019339669281E-02 
2097	 1.55588443997565E-02 
2098	 1.59574970311302E-02 
2099	 1.58543170211772E-02 
2100	 0.014935920473741 
2101	 1.57460072767291E-02 
2102	 1.38647891315305E-02 
2103	 1.05546425430307E-02 
2104	 1.02366782521707E-02 
2105	 0.011345530565944 
2106	 1.28870709102727E-02 
2107	 1.47385454282905E-02 
2108	 1.68409473678662E-02 
2109	 0.018412886868725 
2110	 1.75050763451749E-02 
2111	 0.01725692906478 
2112	 1.82796749128753E-02 
2113	 1.80742116024989E-02 
2114	 1.62680413659642E-02 
2115	 1.54769661541295E-02 
2116	 1.50071751506261E-02 
2117	 1.37977774708872E-02 
2118	 1.23513716736733E-02 
2119	 0.011608572628109 
2120	 0.010988574792111 
2121	 9.70770197001967E-03 
2122	 1.08752279746361E-02 
2123	 1.18673189635711E-02 
2124	 1.18911510573643E-02 
2125	 1.42128031280713E-02 
2126	 1.54750627465164E-02 
2127	 1.24540605883995E-02 
2128	 1.17847337886522E-02 
2129	 1.25519739911958E-02 
2130	 1.24923987742155E-02 
2131	 1.38802856786563E-02 
2132	 0.013572611952431 
2133	 1.19925306119053E-02 
2134	 1.19028430720685E-02 
2135	 1.21900306615106E-02 
2136	 1.26179581949126E-02 
2137	 1.44139748441175E-02 
2138	 1.46805653031819E-02 
2139	 1.35954929476271E-02 
2140	 1.31085726135768E-02 
2141	 1.23488756357767E-02 
2142	 1.23903763787365E-02 
2143	 1.30897958377481E-02 
2144	 0.013545211152943 
2145	 0.013876636283193 
2146	 1.40923864736689E-02 
2147	 1.41758799498695E-02 
2148	 1.49987564281987E-02 
2149	 0.016566587524413 
2150	 1.79322063636051E-02 
2151	 1.76193310250655E-02 
2152	 0.016510921228315 
2153	 1.66974090224711E-02 
2154	 1.71001220930834E-02 
2155	 1.63605246477161E-02 
2156	 1.64320761408915E-02 
2157	 1.68078893610812E-02 
2158	 0.015875664509094 
2159	 0.015928752711125 
2160	 1.87980923922115E-02 
2161	 1.86981669209222E-02 
2162	 1.64733870624649E-02 
2163	 1.60056243368511E-02 
2164	 1.44443199968976E-02 
2165	 0.013927608408522 
2166	 1.39078514026118E-02 
2167	 1.46982958983974E-02 
2168	 1.85543078335431E-02 
2169	 1.97482915063923E-02 
2170	 0.020210220239148 
2171	 2.10149226036909E-02 
2172	 1.95293291499337E-02 
2173	 1.59590205856284E-02 
2174	 1.32230956059398E-02 
2175	 1.22115422358117E-02 
2176	 1.32816161041697E-02 
2177	 1.32220252777723E-02 
2178	 1.32076583292833E-02 
2179	 1.32688761093817E-02 
2180	 1.14123528697624E-02 
2181	 9.32437499760169E-03 
2182	 0.010123353050208 
2183	 1.29948168345735E-02 
2184	 1.37719007459039E-02 
2185	 1.38691859617919E-02 
2186	 1.56312084798281E-02 
2187	 1.79088977014708E-02 
2188	 1.82560986227362E-02 
2189	 1.94739726897564E-02 
2190	 2.09961487354987E-02 
2191	 1.98157307513049E-02 
2192	 1.92579319526764E-02 
2193	 0.022410266754911 
2194	 2.09977270968399E-02 
2195	 1.36737952229122E-02 
2196	 1.26089835185334E-02 
2197	 1.32196870987929E-02 
2198	 0.012330838743355 
2199	 1.32967367295551E-02 
2200	 1.58237527216612E-02 
2201	 1.62054711419023E-02 
2202	 1.80148336422682E-02 
2203	 1.95228028650314E-02 
2204	 2.12067910640718E-02 
2205	 2.00470492248136E-02 
2206	 1.56813946465472E-02 
2207	 0.016263124259603 
2208	 1.80205374193167E-02 
2209	 1.76732313642648E-02 
2210	 2.03812392089541E-02 
2211	 2.13299803238149E-02 
2212	 1.88559042283507E-02 
2213	 1.89950373596767E-02 
2214	 1.97270212629068E-02 
2215	 2.11778531852056E-02 
2216	 2.34687154759779E-02 
2217	 2.36634994747855E-02 
2218	 2.22432302644544E-02 
2219	 0.021801741126975 
2220	 1.98552732068893E-02 
2221	 1.95427557687152E-02 
2222	 2.15955961184312E-02 
2223	 0.022070713519899 
2224	 2.24410616084994E-02 
2225	 2.13558863938178E-02 
2226	 1.83257414365162E-02 
2227	 1.67319722228802E-02 
2228	 1.38525693628599E-02 
2229	 1.35674070572631E-02 
2230	 1.72122683733166E-02 
2231	 1.76864296491428E-02 
2232	 1.65830153761239E-02 
2233	 1.72932413299529E-02 
2234	 1.87980363636968E-02 
2235	 1.74010406949727E-02 
2236	 1.69272407718394E-02 
2237	 1.68910856457819E-02 
2238	 1.68042276861087E-02 
2239	 1.78795958055156E-02 
2240	 1.86171912949165E-02 
2241	 1.76086654067661E-02 
2242	 1.45626449315295E-02 
2243	 1.05308261483556E-02 
2244	 9.50116398301202E-03 
2245	 1.16479297881236E-02 
2246	 1.37523881902188E-02 
2247	 1.50322034321366E-02 
2248	 1.26683821971214E-02 
2249	 0.010092236227408 
2250	 8.94792959172757E-03 
2251	 8.30827644456096E-03 
2252	 1.12628059046324E-02 
2253	 1.32490504193692E-02 
2254	 1.35455595930079E-02 
2255	 1.39367628846385E-02 
2256	 1.14259209394505E-02 
2257	 8.30649799046322E-03 
2258	 8.88250665850275E-03 
2259	 1.07084979445131E-02 
2260	 1.08895309401396E-02 
2261	 0.010797128267981 
2262	 1.26777188079452E-02 
2263	 1.53957607486329E-02 
2264	 1.59072812790043E-02 
2265	 1.80566237441499E-02 
2266	 0.01818295132736 
2267	 1.29013949004054E-02 
2268	 1.16213985883335E-02 
2269	 1.16424537169488E-02 
2270	 1.38803275725418E-02 
2271	 2.11166868087036E-02 
2272	 2.18744599676485E-02 
2273	 1.98473546863645E-02 
2274	 2.05948814171219E-02 
2275	 1.94077259554913E-02 
2276	 1.90742049860557E-02 
2277	 2.25711288216659E-02 
2278	 2.20542252678552E-02 
2279	 1.56761918492272E-02 
2280	 1.38962200446926E-02 
2281	 1.34373754399993E-02 
2282	 1.51936934190876E-02 
2283	 1.74170956004405E-02 
2284	 1.74737951232129E-02 
2285	 1.52189725166196E-02 
2286	 1.60102595037791E-02 
2287	 1.69437079701632E-02 
2288	 1.76952044091833E-02 
2289	 1.78952039347405E-02 
2290	 1.66483301254161E-02 
2291	 1.84871008191239E-02 
2292	 1.77961798828702E-02 
2293	 1.77793975421511E-02 
2294	 1.88109992197665E-02 
2295	 0.014006843418595 
2296	 1.61780282285058E-02 
2297	 2.35943673896182E-02 
2298	 2.75870438559394E-02 
2299	 3.24345690252249E-02 
2300	 3.39136568286894E-02 
2301	 3.31575521127291E-02 
2302	 3.17849954407448E-02 
2303	 2.51153022688899E-02 
2304	 1.84489229142487E-02 
2305	 1.38136732058929E-02 
2306	 1.28470360194536E-02 
2307	 1.65999206025036E-02 
2308	 1.59120455316375E-02 
2309	 1.25920021750703E-02 
2310	 7.27143744583681E-03 
2311	 4.79818023866033E-03 
2312	 7.53946032267896E-03 
2313	 9.16217632496857E-03 
2314	 1.23243351105172E-02 
2315	 1.26374937902837E-02 
2316	 1.07373139261634E-02 
2317	 1.06429253746394E-02 
2318	 1.39975107703637E-02 
2319	 1.75478694419799E-02 
2320	 1.55299688161645E-02 
2321	 1.54485709691529E-02 
2322	 1.56828900219835E-02 
2323	 1.48874683733825E-02 
2324	 1.98277616810241E-02 
2325	 2.20790903096455E-02 
2326	 1.77845350934882E-02 
2327	 1.20458310475838E-02 
2328	 7.60722728048033E-03 
2329	 2.75704995314741E-03 
2330	-4.38109692409646E-04 
2331	 7.67951932641651E-03 
2332	 1.25229505128002E-02 
2333	 1.74002460132182E-02 
2334	 3.00036390419387E-02 
2335	 2.41585588187014E-02 
2336	 1.88747290189685E-02 
2337	 2.23207264058302E-02 
2338	 1.93400091022091E-02 
2339	 1.98909399567429E-02 
2340	 2.41227625043809E-02 
2341	 0.03041918884526 
2342	 2.73832740553574E-02 
2343	 1.80081524797116E-02 
2344	 8.51505996608729E-03 
2345	-1.21351851067085E-03 
2346	-5.91348959479077E-03 
2347	-1.29326695148711E-02 
2348	-9.22396426585313E-03 
2349	 2.77323774833987E-03 
2350	 1.94987655375831E-03 
2351	 1.39609732348857E-02 
2352	 2.67970579745588E-02 
2353	 1.13009185452874E-02 
2354	 5.26319776010713E-03 
2355	 5.14338941387668E-03 
2356	-6.21139169722873E-03 
2357	-9.01776728140644E-03 
2358	-7.01472080068489E-03 
2359	 4.21753677750547E-04 
2360	 1.06426430795949E-02 
2361	 2.01650974335373E-02 
2362	 3.36381172238648E-02 
2363	 4.54924161563168E-02 
2364	 5.52901601587254E-02 
2365	 0.055067263898579 
2366	 0.054524539570671 
2367	 3.77281995955256E-02 
2368	-1.03453952226519E-04 
2369	-1.34571498612808E-02 
2370	-2.34825093297541E-02 
2371	-3.33895526267975E-02 
2372	-1.42814977420653E-02 
2373	 1.11864431941041E-02 
2374	 3.43134097987062E-03 
2375	-3.11058154384361E-02 
2376	-2.82700902201553E-02 
2377	-5.17766075618804E-02 
2378	-7.51628278617686E-02 
2379	-9.0493598939148E-03 
2380	-5.42450066483182E-03 
2381	-4.88854858166617E-02 
2382	-0.01573894441874 
2383	-3.31347952365454E-02 
2384	-4.44862747055995E-02 
2385	 2.61886306031263E-02 
2386	 3.90140996932699E-02 
2387	 4.06944514934127E-02 
2388	 2.35978443250461E-02 
2389	-3.13895177014333E-02 
2390	-6.31838087562085E-02 
2391	-8.21770953301942E-02 
2392	-3.31348071374453E-02 
2393	-7.01549683895761E-04 
2394	-1.10232029084958E-02 
2395	-8.49113207057581E-03 
2396	-7.88477467893668E-04 
2397	-2.89394710253877E-03 
2398	 4.77634803596053E-02 
2399	 9.68709549968535E-02 
2400	 2.77936630953917E-02 
2401	 3.49528446444902E-03 
2402	-5.22807236103845E-02 
2403	-0.181454852428827 
2404	-0.160024238607463 
2405	-0.116202765403439 
2406	-9.48516746070293E-02 
2407	-5.7169564894304E-03 
2408	-2.25363222116973E-02 
2409	-5.43961048464127E-02 
2410	-9.43058190413182E-02 
2411	-0.210868631429397 
2412	-0.136074981667721 
2413	-3.55420086150077E-02 
2414	-4.85797203091646E-02 
2415	 1.85772827596607E-03 
2416	 5.07342505429583E-02 
2417	 0.033997663657534 
2418	 0.149681386333059 
2419	 0.478331461288638 
2420	 0.516423305826582 
2421	 0.197419218272459 
2422	 8.17816879641172E-02 
2423	 9.67556674031915E-03 
2424	-0.1837837261263 
2425	-4.37282551696681E-02 
2426	 0.156823797353992 
2427	 0.101123198215253 
2428	 0.111236883188814 
2429	 3.59055627019955E-02 
2430	 8.30765057086381E-03 
2431	 7.04133008048297E-02 
2432	 0.114071776732811 
2433	 0.259803356709461 
2434	 0.38438530791673 
2435	 0.214964768360523 
2436	 0.114383262417454 
2437	 0.151349572711805 
2438	 5.67756001717984E-02 
2439	-4.04040781861965E-02 
2440	-5.82418543505216E-02 
2441	-0.140683493856238 
2442	-0.167131371486893 
2443	-0.048239487982891 
2444	 7.95052414226201E-02 
2445	 0.121182101331798 
2446	 0.113114873071227 
2447	 3.41849258261331E-02 
2448	 4.67809603337512E-02 
2449	 0.153361575362519 
2450	 0.126715322820134 
2451	-1.37859210199921 
2452	-3.30093169455841 
2453	 6.74546216552605E-02 
2454	 0.811454526951696 
2455	 0.254963665529561 
2456	 0.157198433182158 
2457	 0.05573786554549 
2458	-0.143513753413833 
2459	-5.32939199352906E-02 
2460	-0.142329449298601 
2461	-0.37007295334644 
2462	-0.231962291004344 
2463	 0.109462611949647 
2464	 0.53044944538627 
2465	 0.599271379341422 
2466	 0.317202835926259 
2467	 6.48460666742504E-02 
2468	-8.34564616082829E-03 
2469	 0.25773076430262 
2470	-0.457377580390457 
2471	 0.589897313208605 
2472	 0.206079287428669 
2473	 0.202315987755061 
2474	-2.56836419072649 
2475	-14.2866877419033 
2476	-16.8031063122806 
2477	-0.809589003227553 
2478	-0.064580703568434 
2479	 0.656596350773719 
2480	 1.29446656920434 
2481	 18.6993176706849 
2482	-0.591098913984123 
2483	-0.791946566425916 
2484	-0.620499892847553 
2485	-0.204605273716966 
2486	 0.216333962975999 
2487	-0.102693826703918 
2488	-1.33274805866597 
2489	 21.523676501792 
2490	 2.83780436371983 
2491	 4.35717130243592 
2492	 1.66451332220216 
2493	 1.39735796521707 
2494	 0.406478907888573 
2495	 0.086384389470324 
2496	 0.107347934005264 
2497	 0.380504923531242 
2498	 0.36985611464465 
2499	-0.767357829654024 
2500	-0.700231327094172 
