Wavelength	rt0704rt00000.asd
350	 4.64551732497973E-02 
351	 4.69422413250474E-02 
352	 4.72787493564223E-02 
353	 4.72919347664014E-02 
354	 0.047187102156436 
355	 4.80167349252874E-02 
356	 4.83600883246267E-02 
357	 4.85382797292588E-02 
358	 4.91649458114527E-02 
359	 0.049567093245395 
360	 0.050014100122857 
361	 5.06493358406581E-02 
362	 5.14501899065801E-02 
363	 5.19264678807979E-02 
364	 5.19429625576413E-02 
365	 0.051880328113 
366	 5.27998692657932E-02 
367	 5.35574012027838E-02 
368	 5.39890301137331E-02 
369	 5.42021353618669E-02 
370	 5.41678269248379E-02 
371	 5.47352060928455E-02 
372	 5.57203643236935E-02 
373	 5.63679065247235E-02 
374	 0.056998898759215 
375	 5.73534406264281E-02 
376	 5.76185563153781E-02 
377	 5.86189275422181E-02 
378	 5.88135406013947E-02 
379	 5.87896821272965E-02 
380	 5.92655789693625E-02 
381	 5.96816959045564E-02 
382	 0.06001998804352 
383	 6.04103884941277E-02 
384	 6.09396571389725E-02 
385	 6.07793414704163E-02 
386	 0.0609419027816 
387	 6.16659314727469E-02 
388	 6.21701228633934E-02 
389	 6.22902307367121E-02 
390	 6.22755118833622E-02 
391	 6.23766779094243E-02 
392	 6.26586514884336E-02 
393	 6.23965082136195E-02 
394	 6.20516560644941E-02 
395	 6.22892784853969E-02 
396	 6.23176788775646E-02 
397	 6.23080649691247E-02 
398	 6.23331799496132E-02 
399	 0.062326002325916 
400	 6.21341299197443E-02 
401	 6.18276022304242E-02 
402	 6.15589565664512E-02 
403	 6.16235503677931E-02 
404	 0.061520028952454 
405	 6.11671339477975E-02 
406	 6.07145310435997E-02 
407	 6.05648098790677E-02 
408	 6.05113916557509E-02 
409	 6.03628235487199E-02 
410	 5.99994110185209E-02 
411	 5.94258039742722E-02 
412	 5.89244754628788E-02 
413	 5.86750761777644E-02 
414	 5.85571102149895E-02 
415	 5.81654266089734E-02 
416	 5.77323112678158E-02 
417	 5.76280666281909E-02 
418	 0.057265635877906 
419	 5.69212577245689E-02 
420	 0.056744010500094 
421	 5.66699852158759E-02 
422	 5.62913738294196E-02 
423	 5.59462139974011E-02 
424	 5.59497563141593E-02 
425	 5.61397248019933E-02 
426	 5.60981134666127E-02 
427	 5.59240000777824E-02 
428	 5.59360313423863E-02 
429	 5.59228588068662E-02 
430	 0.055886582242305 
431	 5.59077424993758E-02 
432	 5.61305171822963E-02 
433	 5.63133983077611E-02 
434	 5.63548916001986E-02 
435	 5.63152938296399E-02 
436	 5.66381637965389E-02 
437	 0.056798337916542 
438	 5.67326057526282E-02 
439	 5.66555863013341E-02 
440	 5.67154207657459E-02 
441	 5.68454419424975E-02 
442	 5.69490537318577E-02 
443	 5.69301352477689E-02 
444	 0.056862814224551 
445	 5.68119840897088E-02 
446	 5.68066816549958E-02 
447	 5.67511582724504E-02 
448	 5.66973499719516E-02 
449	 5.66427868462677E-02 
450	 5.65463512457808E-02 
451	 0.056442184848988 
452	 5.63181152994079E-02 
453	 5.61653544154701E-02 
454	 5.59965760251889E-02 
455	 5.58015177402132E-02 
456	 5.55904809855677E-02 
457	 5.53838071449533E-02 
458	 5.52134602971364E-02 
459	 5.50039322847634E-02 
460	 5.47529186903377E-02 
461	 5.45357857422805E-02 
462	 5.43183878715449E-02 
463	 5.41107361854352E-02 
464	 5.39260053529808E-02 
465	 5.37788428635636E-02 
466	 5.35262849556917E-02 
467	 5.32728995233848E-02 
468	 5.31915842953226E-02 
469	 5.29556343310254E-02 
470	 5.27222607165015E-02 
471	 0.052557584852673 
472	 5.23450502007584E-02 
473	 5.22784014762275E-02 
474	 5.23091591447973E-02 
475	 5.22962240995935E-02 
476	 5.19926261011939E-02 
477	 5.18935890871483E-02 
478	 5.19989571570901E-02 
479	 5.19776523973454E-02 
480	 5.20071481649115E-02 
481	 5.19617839084354E-02 
482	 5.18112803701037E-02 
483	 5.17854349547523E-02 
484	 5.18497964660798E-02 
485	 5.19534690943983E-02 
486	 0.052029397989992 
487	 5.20135124118903E-02 
488	 5.20765618207868E-02 
489	 5.22736171493364E-02 
490	 5.25315154521112E-02 
491	 0.05271953455531 
492	 5.28654892888587E-02 
493	 5.30283054495034E-02 
494	 5.32455428018502E-02 
495	 0.053553889549872 
496	 5.38354630673032E-02 
497	 5.39441904887467E-02 
498	 5.42072964885439E-02 
499	 5.45565296222874E-02 
500	 5.49250671213381E-02 
501	 5.53223760621363E-02 
502	 5.55370646485608E-02 
503	 5.56993055206067E-02 
504	 5.59870010898024E-02 
505	 5.63234835644212E-02 
506	 5.66128579878391E-02 
507	 0.056865318827518 
508	 0.057169104028001 
509	 5.74467316880216E-02 
510	 5.76881125370182E-02 
511	 5.79136728309237E-02 
512	 5.81821311199928E-02 
513	 5.85219352308573E-02 
514	 0.05890947783738 
515	 5.92996222027595E-02 
516	 0.059734830116751 
517	 6.01519130318108E-02 
518	 6.05419118242911E-02 
519	 6.09728013245425E-02 
520	 0.061492247885833 
521	 0.062067677697031 
522	 6.26632549826474E-02 
523	 6.32861437681124E-02 
524	 6.39951724448423E-02 
525	 6.47718012278935E-02 
526	 6.55513215419404E-02 
527	 6.63997974403268E-02 
528	 6.73157719791793E-02 
529	 6.83001666503315E-02 
530	 6.93774135390167E-02 
531	 7.06611777742044E-02 
532	 7.20006887228668E-02 
533	 7.32129718021997E-02 
534	 7.46059692797126E-02 
535	 7.61232839371232E-02 
536	 0.077719386716802 
537	 7.93843816129318E-02 
538	 8.11583883773843E-02 
539	 8.29506025415267E-02 
540	 0.084721858734455 
541	 8.67181273397478E-02 
542	 8.86769936157716E-02 
543	 9.05716216829108E-02 
544	 9.25271454975241E-02 
545	 9.44842798285239E-02 
546	 9.64078071346788E-02 
547	 0.098292636788283 
548	 0.100201028070658 
549	 0.102026631553743 
550	 0.103762366701653 
551	 0.10545478148574 
552	 0.10719860823223 
553	 0.108875576531757 
554	 0.110472910137357 
555	 0.112099111144136 
556	 0.11375048883586 
557	 0.115400117445168 
558	 0.117021003496993 
559	 0.118669024979883 
560	 0.120405019095334 
561	 0.122214953807999 
562	 0.124039262875423 
563	 0.125770905669915 
564	 0.127483028905615 
565	 0.129207446945767 
566	 0.130859479301521 
567	 0.132346731625924 
568	 0.133763207461669 
569	 0.135218948309254 
570	 0.136501175438228 
571	 0.137593482397007 
572	 0.138553475713004 
573	 0.139493638596149 
574	 0.140354678280587 
575	 0.141191956597089 
576	 0.142019535842287 
577	 0.142655541938832 
578	 0.14328800667181 
579	 0.143940739066577 
580	 0.144525569516002 
581	 0.144945954332108 
582	 0.145292065193786 
583	 0.145611407072017 
584	 0.145823311105633 
585	 0.146009763261597 
586	 0.146138275118445 
587	 0.146143815832972 
588	 0.146031948973497 
589	 0.146037271110261 
590	 0.14620728784244 
591	 0.14636347907351 
592	 0.146308487167298 
593	 0.146242664249932 
594	 0.146313911449135 
595	 0.146242543231064 
596	 0.14620843676719 
597	 0.146106386896692 
598	 0.145725376597224 
599	 0.145418085069511 
600	 0.145205218110158 
601	 0.145049574629587 
602	 0.144887262163246 
603	 0.14483202112678 
604	 0.144760456172291 
605	 0.144549990159 
606	 0.144483825898741 
607	 0.144462953587548 
608	 0.144411229876734 
609	 0.144297226651117 
610	 0.144134947695367 
611	 0.143914319848005 
612	 0.143657095378614 
613	 0.14349314447015 
614	 0.143309101421865 
615	 0.143120447851684 
616	 0.142999745899205 
617	 0.142818488577966 
618	 0.142623214420642 
619	 0.142452058387014 
620	 0.14230539436599 
621	 0.142109752270982 
622	 0.141914932190221 
623	 0.14180360201841 
624	 0.141807108366658 
625	 0.141708096484915 
626	 0.141547162961849 
627	 0.141605580584443 
628	 0.141574414714103 
629	 0.141528358760329 
630	 0.141533258825056 
631	 0.141450782626308 
632	 0.141187923703103 
633	 0.140900133881829 
634	 0.140766834226338 
635	 0.140147262412335 
636	 0.139495323420225 
637	 0.138948338039233 
638	 0.138030100230873 
639	 0.137221328411861 
640	 0.136347069495537 
641	 0.135179327860462 
642	 0.134045478981171 
643	 0.13278721599544 
644	 0.131375402270938 
645	 0.129899612987473 
646	 0.128284538682614 
647	 0.126664038140226 
648	 0.125205913336549 
649	 0.123901871166526 
650	 0.122756800636708 
651	 0.121858440293756 
652	 0.121331159129605 
653	 0.120930606076765 
654	 0.120792580834586 
655	 0.120873176178995 
656	 0.120808387851741 
657	 0.120580036416793 
658	 0.120262676301627 
659	 0.119853158448608 
660	 0.119108472843435 
661	 0.118023848904474 
662	 0.116678280373327 
663	 0.115235203808462 
664	 0.113794888644485 
665	 0.112260649625784 
666	 0.110631880183805 
667	 0.109170618669936 
668	 0.107783871508186 
669	 0.106504834857202 
670	 0.105408604755659 
671	 0.104536471413173 
672	 0.103903770204658 
673	 0.103502830022158 
674	 0.103320045082268 
675	 0.10353263361036 
676	 0.10395289120733 
677	 0.104524565818586 
678	 0.105702452319316 
679	 0.10718682576157 
680	 0.109062101276482 
681	 0.111541818416553 
682	 0.114461014687534 
683	 0.117825502267887 
684	 0.121603860722855 
685	 0.126122813740167 
686	 0.131589600585244 
687	 0.137052802102094 
688	 0.141408421361472 
689	 0.145842945592807 
690	 0.150070585201371 
691	 0.154073356469306 
692	 0.157959918466516 
693	 0.16175722271976 
694	 0.165113618537737 
695	 0.167731058865767 
696	 0.169750267180497 
697	 0.171682084309146 
698	 0.173485385313942 
699	 0.174800031381641 
700	 0.175860635960375 
701	 0.17674871596309 
702	 0.177347883651106 
703	 0.177455537640896 
704	 0.177345426834377 
705	 0.177029225007369 
706	 0.176508626291269 
707	 0.17585149748792 
708	 0.174902597792261 
709	 0.173628124733914 
710	 0.172078671215727 
711	 0.170397910241365 
712	 0.168581226390932 
713	 0.166577208662964 
714	 0.164245249706235 
715	 0.161929698415675 
716	 0.159376835475951 
717	 0.156565921557652 
718	 0.153874385101668 
719	 0.150994353911843 
720	 0.148468348848854 
721	 0.14622418128211 
722	 0.143938446746668 
723	 0.141284035417392 
724	 0.138541871238602 
725	 0.135806116807477 
726	 0.132887165899166 
727	 0.12983078555909 
728	 0.126672352576038 
729	 0.12313691293173 
730	 0.119688025136879 
731	 0.116613053333746 
732	 0.113790090325757 
733	 0.111465462908599 
734	 0.109432061366741 
735	 0.107624691704247 
736	 0.106132602487027 
737	 0.105063168323394 
738	 0.104248921300347 
739	 0.103557208525283 
740	 0.103108401334642 
741	 0.102696907249711 
742	 0.102378720886868 
743	 0.102277900702312 
744	 0.101943038048284 
745	 0.101764231105651 
746	 0.101788799416117 
747	 0.101500877319453 
748	 0.101457343731892 
749	 0.101396543520908 
750	 0.101097299658048 
751	 0.101182781517396 
752	 0.101099341156054 
753	 0.100861895124385 
754	 0.10076732258855 
755	 0.100569231605332 
756	 0.100543405282925 
757	 0.100719582899621 
758	 0.100705688504971 
759	 0.100910701787623 
760	 0.101039471368681 
761	 0.100535301476905 
762	 0.100191489985672 
763	 0.100105668070556 
764	 0.100227107044783 
765	 0.100401001917726 
766	 0.100455007259676 
767	 0.100460899987145 
768	 0.100535392176886 
769	 0.100833646318857 
770	 0.101052268801556 
771	 0.101196480883077 
772	 0.101339756661663 
773	 0.101558815469524 
774	 0.101769970046591 
775	 0.101960730132917 
776	 0.102167618416243 
777	 0.102479844188878 
778	 0.102925500303058 
779	 0.103404726286805 
780	 0.103713123985331 
781	 0.103950311919092 
782	 0.10433824023409 
783	 0.104936598593706 
784	 0.10540747079767 
785	 0.105789253519546 
786	 0.106140552557887 
787	 0.106537106884422 
788	 0.107008622084583 
789	 0.107614068588739 
790	 0.108229716677923 
791	 0.108655144938323 
792	 0.109369948956076 
793	 0.10993858004353 
794	 0.11025530692374 
795	 0.110913846379774 
796	 0.111334356190953 
797	 0.111698268744741 
798	 0.112260245175471 
799	 0.11267420420792 
800	 0.11310407513622 
801	 0.113503157424995 
802	 0.113757383240752 
803	 0.114130227760098 
804	 0.114524766720811 
805	 0.114783191673863 
806	 0.114740245598437 
807	 0.114822463418864 
808	 0.114721168515689 
809	 0.114271356057311 
810	 0.114138389557409 
811	 0.113566890118623 
812	 0.112736955860755 
813	 0.112191295073856 
814	 0.111665841700347 
815	 0.110950643840134 
816	 0.110204273154325 
817	 0.109788799187375 
818	 0.109291468870617 
819	 0.108581014324265 
820	 0.10760027418131 
821	 0.106342565664816 
822	 0.104489235290619 
823	 0.102594369443311 
824	 0.10112178044705 
825	 9.97144013117926E-02 
826	 9.74956769269299E-02 
827	 9.48379860042045E-02 
828	 9.26853015093016E-02 
829	 9.04263276978485E-02 
830	 8.84610580862845E-02 
831	 8.69111296274829E-02 
832	 8.57036754151654E-02 
833	 8.46051801688819E-02 
834	 8.38722946876096E-02 
835	 8.32896453288666E-02 
836	 8.20463473499656E-02 
837	 8.15237227711376E-02 
838	 8.14079011760586E-02 
839	 8.11186779452236E-02 
840	 8.03417849016053E-02 
841	 0.079888207414293 
842	 7.96903464604237E-02 
843	 7.93679626726006E-02 
844	 7.87729814454929E-02 
845	 0.078397818955644 
846	 7.82322822830045E-02 
847	 7.79154454412004E-02 
848	 7.74340580000913E-02 
849	 7.69647988837938E-02 
850	 7.66273313686103E-02 
851	 7.64081096461108E-02 
852	 0.075997110178892 
853	 7.56145310210424E-02 
854	 7.54229581216794E-02 
855	 7.52141184574439E-02 
856	 7.47197615508782E-02 
857	 7.43366944230142E-02 
858	 7.43674438283713E-02 
859	 7.41520838658178E-02 
860	 7.35735245576816E-02 
861	 7.30567936041257E-02 
862	 7.31135894463746E-02 
863	 7.30213431420835E-02 
864	 0.072666881346342 
865	 7.21369536899566E-02 
866	 7.16881465059798E-02 
867	 7.15874493139863E-02 
868	 7.14101138353904E-02 
869	 7.09664732997193E-02 
870	 7.05016374004134E-02 
871	 7.01067372207927E-02 
872	 6.96150192565833E-02 
873	 6.90872394947373E-02 
874	 6.92604043588876E-02 
875	 6.88064219760512E-02 
876	 6.81070052986525E-02 
877	 6.78009725835666E-02 
878	 6.73039531659488E-02 
879	 0.066914966577302 
880	 6.67308279678456E-02 
881	 0.066650571701716 
882	 6.61961167534848E-02 
883	 6.54951802391891E-02 
884	 6.48033545318989E-02 
885	 6.43777954857662E-02 
886	 0.063856735333316 
887	 6.34365870632588E-02 
888	 6.32991593734161E-02 
889	 6.34815847661298E-02 
890	 6.31194797693197E-02 
891	 6.26542519693054E-02 
892	 6.23738847384362E-02 
893	 6.17648164711503E-02 
894	 6.09319505315094E-02 
895	 6.07800929757791E-02 
896	 6.15110430175476E-02 
897	 6.01439148926955E-02 
898	 0.059603460765904 
899	 5.95683975263491E-02 
900	 5.89358061087982E-02 
901	 0.058627449621292 
902	 5.83231174358076E-02 
903	 0.05770620105015 
904	 5.67931776137817E-02 
905	 5.72058699495648E-02 
906	 5.72487608783658E-02 
907	 5.64938612924482E-02 
908	 5.56618339408771E-02 
909	 0.055183666069002 
910	 5.54295108261153E-02 
911	 0.055500064013744 
912	 5.37002206445034E-02 
913	 5.10556192785141E-02 
914	 5.08372851906141E-02 
915	 5.27011456124064E-02 
916	 0.052280083536498 
917	 5.06649707893943E-02 
918	 0.049978222677092 
919	 5.02972477635567E-02 
920	 0.049156753825253 
921	 4.80966145660852E-02 
922	 4.73279026723588E-02 
923	 4.70526524232355E-02 
924	 4.80269637092705E-02 
925	 4.64070311716583E-02 
926	 4.45803640894164E-02 
927	 4.55148321659855E-02 
928	 4.50555788414131E-02 
929	 4.25078363242869E-02 
930	 4.10526238815546E-02 
931	 4.50943096473295E-02 
932	 4.09707127642384E-02 
933	 3.84447678714281E-02 
934	 3.73260625034797E-02 
935	 3.36589939233393E-02 
936	 0.039119862986159 
937	 3.69864072227221E-02 
938	 3.42287357648635E-02 
939	 3.90897990715913E-02 
940	 3.53418789807153E-02 
941	 3.70806881422057E-02 
942	 4.22294555919933E-02 
943	 4.05670911143112E-02 
944	 2.90574882745758E-02 
945	 2.87293965307281E-02 
946	 3.33700577700932E-02 
947	 2.51674960367143E-02 
948	 2.58174461738441E-02 
949	 2.75275036622258E-02 
950	 2.84396072124522E-02 
951	 3.06038884030451E-02 
952	 3.00201522044793E-02 
953	 2.91998318962316E-02 
954	 2.90714128043679E-02 
955	 2.89103548113633E-02 
956	 2.70678006831115E-02 
957	 2.65516549104734E-02 
958	 2.86975610347623E-02 
959	 3.24521575198332E-02 
960	 3.21551492135888E-02 
961	 2.81740311829024E-02 
962	 2.54242167362802E-02 
963	 2.87701161960494E-02 
964	 2.77802069192063E-02 
965	 2.99855852410934E-02 
966	 3.34612689489532E-02 
967	 3.08702755927261E-02 
968	 3.00608479275288E-02 
969	 3.00079927598498E-02 
970	 3.01903704153251E-02 
971	 0.030910993346582 
972	 2.99557613850837E-02 
973	 2.89168183979642E-02 
974	 0.02841854805431 
975	 2.77715737305632E-02 
976	 2.70081978518478E-02 
977	 2.78405578693936E-02 
978	 2.97808542960716E-02 
979	 3.05060560376796E-02 
980	 2.84050992867204E-02 
981	 3.01107676626431E-02 
982	 0.033166398098013 
983	 0.029428661843124 
984	 2.58310297200231E-02 
985	 2.71318038463498E-02 
986	 3.07375146757617E-02 
987	 2.98528759916237E-02 
988	 2.73074694719545E-02 
989	 3.03554647308924E-02 
990	 3.45853596953756E-02 
991	 2.94883523672053E-02 
992	 2.46137887676389E-02 
993	 2.62813592355738E-02 
994	 3.16082592150343E-02 
995	 3.24259992007355E-02 
996	 2.89209964831846E-02 
997	 2.83997655144167E-02 
998	 3.09150100333415E-02 
999	 3.16599769653833E-02 
1000	 0.029197022161991 
1001	 0.032871067475096 
1002	 3.26294122104946E-02 
1003	 0.032352415650852 
1004	 3.20015447231542E-02 
1005	 3.20693356229782E-02 
1006	 3.28992368915546E-02 
1007	 3.23785980693679E-02 
1008	 3.20162210274343E-02 
1009	 3.19338394659139E-02 
1010	 3.11929670151678E-02 
1011	 3.11173544313345E-02 
1012	 3.14391118618961E-02 
1013	 3.18826788668828E-02 
1014	 0.032336863900491 
1015	 3.31132831871195E-02 
1016	 3.32300500516832E-02 
1017	 3.29686919513523E-02 
1018	 3.31280209239358E-02 
1019	 3.31730335748097E-02 
1020	 3.32398573809632E-02 
1021	 3.35742129696397E-02 
1022	 0.033822687846819 
1023	 3.40506595731211E-02 
1024	 3.42255287521451E-02 
1025	 3.54460658029745E-02 
1026	 3.58712925743843E-02 
1027	 3.58626073896987E-02 
1028	 3.53861882002371E-02 
1029	 3.53152831873987E-02 
1030	 0.034763240499897 
1031	 3.48024431460339E-02 
1032	 3.53911164144409E-02 
1033	 3.55360771959205E-02 
1034	 3.57281826111181E-02 
1035	 3.56766458116336E-02 
1036	 3.50541425304189E-02 
1037	 3.51606840521447E-02 
1038	 3.56062991673999E-02 
1039	 3.58829445953555E-02 
1040	 3.66160658961671E-02 
1041	 3.72250452442085E-02 
1042	 0.037436366734877 
1043	 3.70302770633524E-02 
1044	 3.73205028987756E-02 
1045	 3.80279525830786E-02 
1046	 3.80274499640094E-02 
1047	 3.79113486144835E-02 
1048	 3.78559187814012E-02 
1049	 3.71109616942251E-02 
1050	 3.69525040222712E-02 
1051	 3.74647451722557E-02 
1052	 3.75695433672041E-02 
1053	 3.72802994936335E-02 
1054	 3.74438276951103E-02 
1055	 3.78564009071134E-02 
1056	 3.82072390900646E-02 
1057	 3.86600655290495E-02 
1058	 3.95890966132256E-02 
1059	 3.98729070121362E-02 
1060	 4.00652551920773E-02 
1061	 3.96749259553362E-02 
1062	 3.84155883506328E-02 
1063	 3.80916215413579E-02 
1064	 0.037209703384657 
1065	 3.75449486983873E-02 
1066	 3.98818656202104E-02 
1067	 4.04957249057968E-02 
1068	 4.08912693581564E-02 
1069	 4.10434068242693E-02 
1070	 3.96540437181238E-02 
1071	 3.92218572501931E-02 
1072	 0.039346260908892 
1073	 3.96678583335826E-02 
1074	 3.95651307795175E-02 
1075	 3.94600446478285E-02 
1076	 3.95862659887823E-02 
1077	 3.96014674726325E-02 
1078	 3.95550678151666E-02 
1079	 3.99353539764332E-02 
1080	 3.98075213402089E-02 
1081	 3.90011581812174E-02 
1082	 3.86671129922286E-02 
1083	 3.85309816627123E-02 
1084	 3.83211404537942E-02 
1085	 3.80418486945775E-02 
1086	 3.79897660769509E-02 
1087	 3.82598981557193E-02 
1088	 3.81038971872399E-02 
1089	 3.75552148688224E-02 
1090	 3.76369912638199E-02 
1091	 3.75684235308325E-02 
1092	 0.037107692712232 
1093	 3.72112125059487E-02 
1094	 3.79713527628168E-02 
1095	 3.82797309515103E-02 
1096	 3.90624882226165E-02 
1097	 3.87151142854059E-02 
1098	 3.67996310936487E-02 
1099	 3.65225301968412E-02 
1100	 0.036352141310525 
1101	 3.62688504816122E-02 
1102	 3.83746811911648E-02 
1103	 3.88332815128281E-02 
1104	 3.80459700297306E-02 
1105	 3.66021085324463E-02 
1106	 3.52390494066101E-02 
1107	 0.035361334565786 
1108	 3.61775593441816E-02 
1109	 3.60314745987264E-02 
1110	 0.035987723604522 
1111	 3.54797448211423E-02 
1112	 0.035319356974091 
1113	 3.55217305207224E-02 
1114	 3.58943056381837E-02 
1115	 3.64517346891145E-02 
1116	 3.78027548547414E-02 
1117	 4.12385212709941E-02 
1118	 4.22213850478268E-02 
1119	 4.17432073158848E-02 
1120	 4.20168414996895E-02 
1121	 0.038443837071011 
1122	 0.03290462800059 
1123	 3.58827872072319E-02 
1124	 4.27866538428501E-02 
1125	 4.79123036060063E-02 
1126	 4.90688517413724E-02 
1127	 4.53384719894599E-02 
1128	 3.69526949292122E-02 
1129	 3.33060334848784E-02 
1130	 3.07721058669391E-02 
1131	 3.20735760712586E-02 
1132	 3.67544280715967E-02 
1133	 3.73205240746505E-02 
1134	 3.71151392322131E-02 
1135	 3.76162766007457E-02 
1136	 3.58337571722365E-02 
1137	 0.036081754883539 
1138	 0.039455943922325 
1139	 4.11377089182933E-02 
1140	 0.038078788115792 
1141	 3.71873276233875E-02 
1142	 3.53018948949531E-02 
1143	 3.18141723807706E-02 
1144	 2.98555567640037E-02 
1145	 0.029364176433431 
1146	 3.26961796997799E-02 
1147	 3.65413962840663E-02 
1148	 3.68451346256746E-02 
1149	 0.036912496092021 
1150	 3.59040868073009E-02 
1151	 3.07877719567541E-02 
1152	 2.95688573152895E-02 
1153	 0.031692022086153 
1154	 3.10297242553817E-02 
1155	 2.96617184063316E-02 
1156	 2.87116772310012E-02 
1157	 2.94418514576937E-02 
1158	 2.93415297572026E-02 
1159	 2.84835727305712E-02 
1160	 2.89098735779428E-02 
1161	 2.95756883733733E-02 
1162	 2.86610384668008E-02 
1163	 2.86363180682527E-02 
1164	 2.93788054707952E-02 
1165	 2.84093349111221E-02 
1166	 2.74656617124399E-02 
1167	 2.82180008930442E-02 
1168	 2.88316928796815E-02 
1169	 0.028218305415415 
1170	 2.77684052676579E-02 
1171	 2.78365533851674E-02 
1172	 2.74202098910649E-02 
1173	 2.75799867638928E-02 
1174	 2.86623867160981E-02 
1175	 2.94306002229896E-02 
1176	 2.92879774926491E-02 
1177	 2.89727421446701E-02 
1178	 2.81627717017886E-02 
1179	 2.81330177277122E-02 
1180	 2.90448770277958E-02 
1181	 2.85621093153621E-02 
1182	 2.81240031884244E-02 
1183	 2.83677179101258E-02 
1184	 2.76144243761537E-02 
1185	 2.75970707055071E-02 
1186	 2.84937061426102E-02 
1187	 2.82359025762688E-02 
1188	 0.027559284389208 
1189	 0.027356241943399 
1190	 2.73084062568599E-02 
1191	 2.75757284937293E-02 
1192	 2.76408017193335E-02 
1193	 0.028109904868571 
1194	 2.78857759978947E-02 
1195	 2.72149544605088E-02 
1196	 2.68295715875041E-02 
1197	 2.66124078570629E-02 
1198	 2.67062621917146E-02 
1199	 2.67303603596403E-02 
1200	 2.63100788871837E-02 
1201	 2.64421909169457E-02 
1202	 2.65873736116802E-02 
1203	 0.02652161221597 
1204	 2.69399641203414E-02 
1205	 2.67049978523487E-02 
1206	 2.66539089296543E-02 
1207	 2.75106934711722E-02 
1208	 2.74285219664782E-02 
1209	 2.70548594343075E-02 
1210	 2.72957690564499E-02 
1211	 2.72061194620607E-02 
1212	 2.69370615143053E-02 
1213	 2.68071018705451E-02 
1214	 2.69618422843927E-02 
1215	 2.70305124925142E-02 
1216	 2.70721033238513E-02 
1217	 2.71747505578566E-02 
1218	 2.73479518829928E-02 
1219	 2.71259270725087E-02 
1220	 2.66489146348744E-02 
1221	 0.026611405897017 
1222	 2.70128689422247E-02 
1223	 2.71039888821022E-02 
1224	 0.026658565146772 
1225	 2.64387319830154E-02 
1226	 2.66219154323778E-02 
1227	 2.68407145152056E-02 
1228	 2.69766535921404E-02 
1229	 0.026931579140483 
1230	 2.68086983242343E-02 
1231	 2.67415631853169E-02 
1232	 2.70374100291596E-02 
1233	 2.73279461632068E-02 
1234	 2.69740399122327E-02 
1235	 0.027050137456982 
1236	 2.73853376784544E-02 
1237	 2.74088536124509E-02 
1238	 2.73800466664216E-02 
1239	 2.76017128118172E-02 
1240	 0.027400525775014 
1241	 2.67846143577604E-02 
1242	 2.68010296244936E-02 
1243	 2.69363353895774E-02 
1244	 2.67632434694307E-02 
1245	 2.65714184968728E-02 
1246	 0.026781203198018 
1247	 0.027169808118479 
1248	 2.72286836330593E-02 
1249	 2.72762989505184E-02 
1250	 2.71417088879034E-02 
1251	 2.68957835959396E-02 
1252	 2.69665214629022E-02 
1253	 2.71827430973854E-02 
1254	 2.70255190328231E-02 
1255	 2.65780632988168E-02 
1256	 2.66557874762186E-02 
1257	 2.73578741061892E-02 
1258	 2.73876196503913E-02 
1259	 2.72010565338693E-02 
1260	 2.73970008888076E-02 
1261	 2.74167416325271E-02 
1262	 2.74561615606211E-02 
1263	 2.79428803140979E-02 
1264	 2.82418887716025E-02 
1265	 2.77882953836838E-02 
1266	 2.71411495559476E-02 
1267	 2.68156330041087E-02 
1268	 2.68644358745689E-02 
1269	 2.70899231240565E-02 
1270	 2.71280983686649E-02 
1271	 2.72543712991437E-02 
1272	 2.72025458307688E-02 
1273	 2.64740769020061E-02 
1274	 0.026105827842524 
1275	 2.61675691450052E-02 
1276	 2.61985108978331E-02 
1277	 2.63138510879432E-02 
1278	 2.64381600523159E-02 
1279	 2.67690792063226E-02 
1280	 0.026452915600404 
1281	 2.61718702982811E-02 
1282	 2.59157023739698E-02 
1283	 2.60813844147158E-02 
1284	 2.62231811260421E-02 
1285	 2.62201768029166E-02 
1286	 2.66539304181321E-02 
1287	 2.69351346644874E-02 
1288	 2.66396824329982E-02 
1289	 2.66484937867967E-02 
1290	 2.71041666607122E-02 
1291	 2.73877793133915E-02 
1292	 2.73264670498553E-02 
1293	 2.74826113097115E-02 
1294	 2.75202036819764E-02 
1295	 2.71815425980407E-02 
1296	 0.027081326402702 
1297	 2.76731087449051E-02 
1298	 2.81822318021743E-02 
1299	 2.83229570339188E-02 
1300	 2.89109416268592E-02 
1301	 2.93271653356849E-02 
1302	 2.88043476852687E-02 
1303	 2.83649154103616E-02 
1304	 2.86081324998174E-02 
1305	 2.81656377535634E-02 
1306	 2.77658728769015E-02 
1307	 2.83262624704974E-02 
1308	 2.86225043927365E-02 
1309	 2.77856420203889E-02 
1310	 2.76787692821102E-02 
1311	 0.028656343006304 
1312	 2.91535937971776E-02 
1313	 2.98738444537154E-02 
1314	 2.95213116240621E-02 
1315	 2.77192113792673E-02 
1316	 2.77952181624379E-02 
1317	 2.83875618376496E-02 
1318	 2.81543909049266E-02 
1319	 2.92028882222029E-02 
1320	 2.96832621200131E-02 
1321	 2.85544345495902E-02 
1322	 2.77274921747479E-02 
1323	 2.83249512015366E-02 
1324	 2.91682660808914E-02 
1325	 2.95825984198325E-02 
1326	 2.92674380062368E-02 
1327	 2.93194874665001E-02 
1328	 2.97830974501048E-02 
1329	 2.94284559118697E-02 
1330	 2.88748708821137E-02 
1331	 2.85924702393625E-02 
1332	 2.75731987960426E-02 
1333	 2.93596556290493E-02 
1334	 3.32588177190285E-02 
1335	 3.44148003686745E-02 
1336	 3.56827365869318E-02 
1337	 3.67021397420649E-02 
1338	 3.47860179314381E-02 
1339	 3.34647525794805E-02 
1340	 3.33452960727664E-02 
1341	 3.31153112940815E-02 
1342	 2.91399684921007E-02 
1343	 2.96470411138774E-02 
1344	 3.85785581207825E-02 
1345	 4.11183557075389E-02 
1346	 3.92809749030248E-02 
1347	 4.44589741782716E-02 
1348	 5.11251333272633E-02 
1349	 5.46273826005172E-02 
1350	 7.04722408296622E-02 
1351	 0.091000903657914 
1352	 9.19064926724881E-02 
1353	 0.107547109446623 
1354	 0.168203163331786 
1355	 0.219935257008687 
1356	 0.22487857946416 
1357	 0.254520826444621 
1358	 0.496213932194918 
1359	 0.826821679572108 
1360	 0.814400004696664 
1361	 0.734266340546064 
1362	 0.461991434751877 
1363	 0.227189373037454 
1364	 0.2766590294476 
1365	 0.634598370043234 
1366	 1.40006690847272 
1367	 0.711911064587697 
1368	 0.482189017476968 
1369	 0.373249052080284 
1370	 0.253104302642441 
1371	-9.62791830085157E-02 
1372	-0.286676069327942 
1373	-0.449145544843125 
1374	-0.302963685007521 
1375	-1.26279149801757 
1376	 1.68959840273713 
1377	 0.876818114102417 
1378	 0.830846218347783 
1379	 0.51090428082168 
1380	 0.406159279747154 
1381	 0.277825779294971 
1382	 0.26252812557499 
1383	 0.284723009616014 
1384	 0.623976149763573 
1385	 5.12694411326479 
1386	-31.9377950388704 
1387	 5.60425786776638 
1388	 3.62670171031185 
1389	 2.08841350051237 
1390	 1.1519473078663 
1391	 0.330801575173126 
1392	 0.218488157284737 
1393	-9.66036301389332E-02 
1394	 3.11567645654929E-03 
1395	 2.88412266775897 
1396	-158.015304053884 
1397	-16.2998441246763 
1398	 1.33386117714893 
1399	 1.14154772663683 
1400	 15.7145777718574 
1401	-1.18317074966739 
1402	-5.24358051522305 
1403	-8.73630748819086 
1404	 2.68855887441291 
1405	 1.42959820145762 
1406	 1.0850802109399 
1407	 1.04184731408204 
1408	 1.68431387031311 
1409	 0.91200536094218 
1410	 0.047939257264319 
1411	 5.65435735159532E-02 
1412	 0.30687567916397 
1413	 0.307328444689367 
1414	 1.6122922197868 
1415	 2.59929462686162 
1416	 0.597256020988733 
1417	 0.42044611725234 
1418	 0.554833749003434 
1419	 0.584455645747846 
1420	 0.551949077127504 
1421	 0.440585326621348 
1422	 0.366356744591004 
1423	 0.325973907899155 
1424	 0.220280597060367 
1425	 0.192512517992312 
1426	 0.269018798628272 
1427	 0.238393775353316 
1428	 0.15333314049388 
1429	 0.120731918724891 
1430	 5.48897104359605E-02 
1431	 0.03532917866099 
1432	 6.05054510927047E-02 
1433	 6.59838415786705E-02 
1434	 8.26759409804385E-02 
1435	 0.102511649285611 
1436	 0.109678389766748 
1437	 0.159430413432355 
1438	 0.208947546503668 
1439	 0.219753579218153 
1440	 0.241511427483791 
1441	 0.248580662538495 
1442	 0.199321189328981 
1443	 0.129306037436271 
1444	 0.111620529096454 
1445	 0.109883725235023 
1446	 0.115934200436 
1447	 0.131052796742147 
1448	 0.112205872586917 
1449	 9.91689624674993E-02 
1450	 7.66583020459686E-02 
1451	 5.37713518970445E-02 
1452	 8.04031003235522E-02 
1453	 8.36651073796038E-02 
1454	 6.76633246022151E-02 
1455	 4.80068276593373E-02 
1456	 4.75385342683174E-02 
1457	 3.64132749475922E-02 
1458	 3.04986115248286E-02 
1459	 4.24119709934191E-02 
1460	 4.63924083267849E-02 
1461	 3.52825641503135E-02 
1462	 3.05363510471899E-02 
1463	 3.94694368233057E-02 
1464	 4.12935401893193E-02 
1465	 2.78661598250088E-02 
1466	 3.20529252813341E-02 
1467	 5.83839474531495E-02 
1468	 5.82698545803963E-02 
1469	 4.05019165263084E-02 
1470	 4.38859699877568E-02 
1471	 5.26061015959081E-02 
1472	 4.67836031999812E-02 
1473	 4.64504477078816E-02 
1474	 4.79112130174034E-02 
1475	 3.11024069811153E-02 
1476	 0.027056563218598 
1477	 4.42730114027067E-02 
1478	 4.54783851057919E-02 
1479	 0.034151095762575 
1480	 3.31083586612473E-02 
1481	 3.70306473346851E-02 
1482	 3.30528750401773E-02 
1483	 0.028051965248548 
1484	 2.49861530666103E-02 
1485	 2.00552574421694E-02 
1486	 1.76271062045142E-02 
1487	 1.64534770237436E-02 
1488	 1.61111043167258E-02 
1489	 1.30639460989466E-02 
1490	 1.55516798021467E-02 
1491	 2.47996738440517E-02 
1492	 2.65515730871702E-02 
1493	 2.48421546983457E-02 
1494	 2.70827056072064E-02 
1495	 3.06937790838915E-02 
1496	 2.92589542161344E-02 
1497	 2.68391172792418E-02 
1498	 2.69214490951388E-02 
1499	 2.44153537319842E-02 
1500	 2.27508711990903E-02 
1501	 2.40556302547384E-02 
1502	 2.50196625842481E-02 
1503	 2.50909406263813E-02 
1504	 2.43203784338686E-02 
1505	 0.024302937233451 
1506	 2.40547927454055E-02 
1507	 2.26469516801517E-02 
1508	 2.17174205941573E-02 
1509	 2.18397802819952E-02 
1510	 0.022354698038588 
1511	 0.022688021524987 
1512	 2.21450017260606E-02 
1513	 2.25310515892734E-02 
1514	 2.30535864837665E-02 
1515	 2.28500409457355E-02 
1516	 2.28115217572533E-02 
1517	 0.022213307332979 
1518	 2.27711919983847E-02 
1519	 2.32719534310133E-02 
1520	 2.24244501870652E-02 
1521	 2.22771125146862E-02 
1522	 2.20386981958183E-02 
1523	 2.18563051266451E-02 
1524	 2.27593677001794E-02 
1525	 2.35530029598517E-02 
1526	 2.34188471520503E-02 
1527	 2.24912065565266E-02 
1528	 2.19696530760324E-02 
1529	 2.26048434381284E-02 
1530	 2.27741872574804E-02 
1531	 2.23650947421956E-02 
1532	 2.24816857297906E-02 
1533	 2.22624593934556E-02 
1534	 2.14597909644751E-02 
1535	 2.15579992517582E-02 
1536	 0.022222161494426 
1537	 2.13492621403898E-02 
1538	 2.03474813069511E-02 
1539	 2.11160156935346E-02 
1540	 2.16689016896801E-02 
1541	 2.16462071003687E-02 
1542	 0.022110331920041 
1543	 0.021882242779023 
1544	 2.12488113616372E-02 
1545	 2.18912512189477E-02 
1546	 2.24426244228589E-02 
1547	 2.20028857900691E-02 
1548	 2.23345913281618E-02 
1549	 2.27770405417643E-02 
1550	 2.29177528885964E-02 
1551	 2.35189680097354E-02 
1552	 2.38535424406234E-02 
1553	 2.37225976017007E-02 
1554	 2.31330582455811E-02 
1555	 2.26243949021513E-02 
1556	 2.22424521175905E-02 
1557	 2.21124754677069E-02 
1558	 2.24324694763918E-02 
1559	 2.26229668529372E-02 
1560	 2.28455473177646E-02 
1561	 2.27245559314908E-02 
1562	 0.022319699384675 
1563	 2.25428523863228E-02 
1564	 2.30401536863688E-02 
1565	 2.24946988140783E-02 
1566	 2.21766433080368E-02 
1567	 0.022738597674376 
1568	 2.27591422702199E-02 
1569	 2.33070284060014E-02 
1570	 2.36181617380947E-02 
1571	 2.30359180994122E-02 
1572	 2.30367441303267E-02 
1573	 2.28852597322721E-02 
1574	 2.29064686154234E-02 
1575	 2.34839532370575E-02 
1576	 2.33654610506927E-02 
1577	 2.26600877176266E-02 
1578	 2.24984011015053E-02 
1579	 0.023027159387858 
1580	 2.32091656586735E-02 
1581	 2.30925951437008E-02 
1582	 2.30826921555711E-02 
1583	 2.27347658135614E-02 
1584	 2.25451487195385E-02 
1585	 2.31724781779711E-02 
1586	 2.39606520855046E-02 
1587	 2.38085689621334E-02 
1588	 2.30741529165292E-02 
1589	 2.33297750035169E-02 
1590	 2.42761493843365E-02 
1591	 2.44395877838875E-02 
1592	 2.41615970993939E-02 
1593	 2.38913237580279E-02 
1594	 2.32220836019267E-02 
1595	 2.22887547662233E-02 
1596	 2.19997644076737E-02 
1597	 2.25272435199109E-02 
1598	 2.23395817169176E-02 
1599	 2.25995325107895E-02 
1600	 2.40913545968677E-02 
1601	 2.41316000049815E-02 
1602	 2.31708921508632E-02 
1603	 2.32074574412811E-02 
1604	 2.34708309754274E-02 
1605	 2.31287354957193E-02 
1606	 2.33257084970363E-02 
1607	 2.36950444674908E-02 
1608	 2.33265681439997E-02 
1609	 2.34399884056831E-02 
1610	 2.39862582277521E-02 
1611	 2.38751979625796E-02 
1612	 2.34688419488521E-02 
1613	 2.39289347905402E-02 
1614	 2.44930708564238E-02 
1615	 2.39842823478208E-02 
1616	 2.36725392128075E-02 
1617	 2.37951915142891E-02 
1618	 2.32932466132534E-02 
1619	 2.28916003455017E-02 
1620	 2.31617841187332E-02 
1621	 2.33187167263817E-02 
1622	 2.31670467096789E-02 
1623	 2.33605439998518E-02 
1624	 2.39300530015755E-02 
1625	 2.38917939625024E-02 
1626	 2.32799748565357E-02 
1627	 2.25100499287992E-02 
1628	 2.21971170277228E-02 
1629	 2.32152595240868E-02 
1630	 2.38903581502517E-02 
1631	 2.32434622879141E-02 
1632	 2.28366856950629E-02 
1633	 2.24214306556493E-02 
1634	 2.20023430718433E-02 
1635	 2.31246193496552E-02 
1636	 2.39029576967959E-02 
1637	 2.30933410216237E-02 
1638	 2.24672760359242E-02 
1639	 2.20879232857438E-02 
1640	 0.02247674256199 
1641	 2.38411923863678E-02 
1642	 2.42325792444615E-02 
1643	 2.38544727548908E-02 
1644	 2.34600156860123E-02 
1645	 2.28552700294154E-02 
1646	 2.25622480121411E-02 
1647	 2.23978373379147E-02 
1648	 2.31291918964502E-02 
1649	 0.023804912761833 
1650	 2.26371299605766E-02 
1651	 2.21624023487198E-02 
1652	 2.29328763615511E-02 
1653	 2.27836206960015E-02 
1654	 2.28435183558927E-02 
1655	 2.33248612348965E-02 
1656	 0.023402510972745 
1657	 2.31283462583455E-02 
1658	 2.33893385926015E-02 
1659	 0.024045862438143 
1660	 2.37366811619807E-02 
1661	 2.30041307703265E-02 
1662	 2.30191021247233E-02 
1663	 2.23698502959148E-02 
1664	 2.22716884002711E-02 
1665	 2.36881426120205E-02 
1666	 2.39717431348849E-02 
1667	 2.34520108426213E-02 
1668	 2.45613024653247E-02 
1669	 2.43603865925593E-02 
1670	 0.022877494604373 
1671	 2.26807873368026E-02 
1672	 2.22110745952279E-02 
1673	 2.11789266366946E-02 
1674	 2.19044092231403E-02 
1675	 0.023185615091445 
1676	 2.32736549519805E-02 
1677	 0.022517269030214 
1678	 2.27247467554941E-02 
1679	 2.35567437640278E-02 
1680	 2.33310897799394E-02 
1681	 2.32954575137925E-02 
1682	 2.40133093535759E-02 
1683	 2.38041990818495E-02 
1684	 2.35915036067522E-02 
1685	 0.024766453468834 
1686	 2.52577963822761E-02 
1687	 2.44915349832613E-02 
1688	 2.41234635106659E-02 
1689	 2.43148973787729E-02 
1690	 2.41318021304938E-02 
1691	 2.39790023761788E-02 
1692	 2.41695252584041E-02 
1693	 2.31889336032481E-02 
1694	 2.25677912173651E-02 
1695	 2.30022923785619E-02 
1696	 2.23312118449263E-02 
1697	 0.022693851731404 
1698	 2.39080085494601E-02 
1699	 2.33848940727905E-02 
1700	 2.32081149198618E-02 
1701	 2.36493923649504E-02 
1702	 2.27869340188284E-02 
1703	 2.24844230867686E-02 
1704	 2.36647198855901E-02 
1705	 2.35560230800941E-02 
1706	 2.29224745074147E-02 
1707	 2.32635505077455E-02 
1708	 2.27941614286143E-02 
1709	 2.21290228138013E-02 
1710	 2.28239651817617E-02 
1711	 2.36387413973577E-02 
1712	 2.38988012809105E-02 
1713	 2.53923370163681E-02 
1714	 2.53799233887431E-02 
1715	 2.39927098588967E-02 
1716	 2.40400557925183E-02 
1717	 2.23089497980484E-02 
1718	 2.19497938525851E-02 
1719	 2.34939725375023E-02 
1720	 2.36724487058107E-02 
1721	 2.34901489515688E-02 
1722	 0.023288404224011 
1723	 2.04798505183539E-02 
1724	 2.00355633228389E-02 
1725	 0.022602666191538 
1726	 2.27896042562764E-02 
1727	 2.39680300148316E-02 
1728	 2.47863634042826E-02 
1729	 2.32322099686784E-02 
1730	 2.38636127933654E-02 
1731	 2.48561676269649E-02 
1732	 2.38791653223817E-02 
1733	 2.27990125282591E-02 
1734	 2.20179675757121E-02 
1735	 2.18311127029946E-02 
1736	 2.26755837578745E-02 
1737	 2.40159388986149E-02 
1738	 2.50837458057366E-02 
1739	 2.59384950517802E-02 
1740	 2.57554848125686E-02 
1741	 2.42138625006023E-02 
1742	 2.41882399706152E-02 
1743	 2.46874889898543E-02 
1744	 2.34569404939447E-02 
1745	 2.35634871816923E-02 
1746	 2.29134420989993E-02 
1747	 2.22717692188467E-02 
1748	 2.28668677846811E-02 
1749	 2.32940421581156E-02 
1750	 2.39844761156946E-02 
1751	 2.34685521276529E-02 
1752	 2.14867590040214E-02 
1753	 2.17125316113838E-02 
1754	 2.26997110635486E-02 
1755	 2.24825191212911E-02 
1756	 2.34951509413202E-02 
1757	 2.27237119918728E-02 
1758	 2.07907692711725E-02 
1759	 2.19384784147007E-02 
1760	 2.44463731822596E-02 
1761	 2.55909326749411E-02 
1762	 2.64572579751869E-02 
1763	 2.53561464624557E-02 
1764	 2.27807209912718E-02 
1765	 2.24699936075771E-02 
1766	 2.32627263016758E-02 
1767	 2.47603054922413E-02 
1768	 2.73360018500823E-02 
1769	 2.52980242561444E-02 
1770	 2.10152049105615E-02 
1771	 1.83287523741719E-02 
1772	 1.57485947708933E-02 
1773	 1.87698391285116E-02 
1774	 2.43634070306317E-02 
1775	 0.02661249247019 
1776	 2.78070751002056E-02 
1777	 2.23648273689162E-02 
1778	 2.08168472209631E-02 
1779	 2.27695243998996E-02 
1780	 2.33669188045197E-02 
1781	 2.53017617970758E-02 
1782	 0.02525260122483 
1783	 2.26714829430283E-02 
1784	 2.24416082432695E-02 
1785	 2.19729831224144E-02 
1786	 2.44088009857688E-02 
1787	 3.25704873098202E-02 
1788	 3.32894573993649E-02 
1789	 3.02180511987134E-02 
1790	 2.51010004439301E-02 
1791	 2.16638198050419E-02 
1792	 2.71753711103745E-02 
1793	 0.033873922590737 
1794	 3.58950772579438E-02 
1795	 3.64171381387386E-02 
1796	 0.039874173389411 
1797	 3.94563844580054E-02 
1798	 3.12355382603169E-02 
1799	 3.10164520282447E-02 
1800	 1.02872901620876E-03 
1801	-5.75146937125771E-03 
1802	 3.42666422885799E-02 
1803	 6.45363828859353E-02 
1804	 0.141306435695282 
1805	 0.173584252912219 
1806	 0.123590047400319 
1807	 0.156048903790306 
1808	 0.233610393935837 
1809	 0.353000593661807 
1810	 0.788518261262767 
1811	 0.896090175870701 
1812	 0.293815294315392 
1813	 0.305891079103403 
1814	 0.324769911734517 
1815	 0.610361786171847 
1816	 2.05734187857381 
1817	 3.70915331055668 
1818	-7.68399593420798 
1819	-0.979570715599891 
1820	-7.45653209160271E-02 
1821	 0.546748322524172 
1822	 0.593230135410955 
1823	 0.75859102737834 
1824	 0.742860995706194 
1825	 0.356784207471213 
1826	 0.164913524167876 
1827	 0.27866570517178 
1828	 0.375428933115872 
1829	-0.919578751926429 
1830	-2.32858134730968 
1831	 7.63494255710722 
1832	 2.70260704945944 
1833	 1.79075689964778 
1834	 1.54566705695907 
1835	 1.16139074522029 
1836	 0.969202343874027 
1837	 1.06652018547215 
1838	 0.606918801185935 
1839	 12.3156055025248 
1840	-5.19561294446273 
1841	-1.6932119248671 
1842	 6.84923276280786 
1843	 33.8392981288691 
1844	-2.39252875373997 
1845	-1.95330639853192 
1846	-1.39993402230533 
1847	-1.32718568729866 
1848	-1.07832327823427 
1849	 2.01362179730457 
1850	 2.92816751783671E-03 
1851	-0.336597924076576 
1852	 0.110966364455943 
1853	 0.169485820019074 
1854	 0.335407856500637 
1855	 0.677793544931666 
1856	 0.980698558231114 
1857	 1.93464627818277 
1858	 2.42968440118196 
1859	 5.52251302478178 
1860	-5.65132518253579 
1861	-0.270211132160245 
1862	 0.68644138373387 
1863	 0.314998362783512 
1864	 0.152812418679007 
1865	-4.49144893394634E-02 
1866	-0.293482914860696 
1867	-0.455432581216196 
1868	-1.0286676735591 
1869	-1.34663880923011 
1870	-1.17321044808142 
1871	-1.16177167802317 
1872	-1.51314819358753 
1873	-2.91918145976506 
1874	-7.08699166675904 
1875	 0.936069231686919 
1876	-1.3545701478236 
1877	-10.5129638566816 
1878	 15.2108587280933 
1879	 1.09658549400139 
1880	 0.703554234603685 
1881	 0.542840379755823 
1882	-6.45903735082304E-02 
1883	 6.40854680712566E-02 
1884	 1.11831422403995 
1885	-0.174424583660006 
1886	-0.485855096265968 
1887	 0.769125996281865 
1888	 0.54550609555932 
1889	-0.121968599019633 
1890	-1.1084670745578 
1891	-1.94160398168686 
1892	-5.09460716034583 
1893	-2.10925505990558 
1894	-1.84275974135615 
1895	-2.87115462391243 
1896	-1.72065542335739 
1897	-1.48269403995513 
1898	-2.49934825625205 
1899	-0.516745706369952 
1900	 0.18155014123867 
1901	-8.13283982835927 
1902	-3.00841756525086 
1903	-2.55747378985267 
1904	-1.20151438159055 
1905	-1.53648801907703 
1906	-1.65410348067917 
1907	-2.24770489626101 
1908	 3.41105641619042 
1909	-0.432886478235445 
1910	 1.02978799370043 
1911	 5.46038941555323 
1912	-1.87721179984514 
1913	-1.11088358312975 
1914	-0.615742890591271 
1915	 1.73766197890638E-02 
1916	 0.869657767510314 
1917	 1.56386758605545 
1918	 116.646354215289 
1919	-2.8321478965979 
1920	 36.8222925400686 
1921	 1.48212080467764 
1922	 0.243809765202092 
1923	-0.101105020136328 
1924	-0.319975534086421 
1925	-0.561974256295751 
1926	-0.820869799177049 
1927	-1.45086351864629 
1928	 14.6736492005964 
1929	 0.83476931821357 
1930	 0.424056041817217 
1931	 0.560767357174699 
1932	 7.9393881265473 
1933	-8.3679237183917 
1934	-2.39218614178182 
1935	-5.0833763150851 
1936	 28.7391410898888 
1937	-43.4403580224596 
1938	 3.93354163266871 
1939	 5.78675171877371 
1940	 1.02159892748817 
1941	 0.362843447782598 
1942	 6.54098689718665E-02 
1943	-0.141159517021189 
1944	-0.435431752109459 
1945	-0.930143420797491 
1946	-1.99408488656507 
1947	-0.63407124677437 
1948	-0.599351567480506 
1949	-0.29784050511415 
1950	 0.389044526166928 
1951	 0.569005358506384 
1952	 0.742916501015256 
1953	 1.17085208109857 
1954	 1.43711613884388 
1955	 0.647455112214621 
1956	 0.101961671096842 
1957	-0.207258460494076 
1958	-0.287987770378313 
1959	-0.385680732859019 
1960	-0.386420411571543 
1961	-0.186100465397956 
1962	-0.103230452423125 
1963	-0.151936013486352 
1964	-0.167043797114785 
1965	-0.194425530486372 
1966	-0.198268520016742 
1967	-0.212289901373821 
1968	-0.15969680721357 
1969	-0.113874430842998 
1970	-0.139967004133041 
1971	-0.147733428271936 
1972	-0.131584230653004 
1973	-0.14489062636935 
1974	-0.113450805208845 
1975	-6.11705878352817E-02 
1976	-2.70197703452934E-02 
1977	 2.22293152810405E-03 
1978	 9.48403540878087E-03 
1979	 1.12549242321668E-02 
1980	-5.3973033866417E-03 
1981	-2.50543056241057E-02 
1982	-2.43546973348631E-02 
1983	-6.13683048449021E-03 
1984	-1.61468469173447E-02 
1985	-2.12786639673062E-02 
1986	-2.11815785634121E-02 
1987	-3.52924490371845E-02 
1988	-2.96671383702394E-02 
1989	-3.16301162797915E-02 
1990	-3.83075833433727E-02 
1991	-2.87323657912541E-02 
1992	-3.05894056039793E-02 
1993	-1.69821633887144E-02 
1994	-1.41539686602902E-02 
1995	-2.01904017816596E-02 
1996	-3.82105869620293E-02 
1997	-1.36779281379074E-02 
1998	-1.35122155695063E-02 
1999	-0.01139724833636 
2000	 2.10581544048223E-04 
2001	-5.44189839991691E-02 
2002	-0.109756278367614 
2003	-0.117035210763289 
2004	-0.147246600608436 
2005	-0.126928653144057 
2006	-0.071830015195955 
2007	-7.99063102792974E-02 
2008	-6.99610479012259E-02 
2009	-4.30018018155856E-02 
2010	-0.011010130408771 
2011	 1.32921900238904E-02 
2012	 5.72892140668347E-02 
2013	 9.23318010042666E-02 
2014	 7.73358373701945E-02 
2015	 3.81732340952432E-02 
2016	 1.67857094554383E-02 
2017	-0.012018294697635 
2018	-1.69011592843118E-02 
2019	-6.06192343947705E-03 
2020	-4.16225887623157E-03 
2021	-3.21964854708578E-03 
2022	 6.46446506691485E-05 
2023	 6.15379855572305E-03 
2024	 8.52196683673398E-03 
2025	 0.014329656743653 
2026	 1.40154040707498E-02 
2027	 1.25939254291918E-02 
2028	 3.04669832330664E-03 
2029	-7.49043371517509E-03 
2030	-0.016787968248012 
2031	-1.99132693104084E-02 
2032	-1.54410063504619E-02 
2033	-5.4989171727143E-03 
2034	 2.87352271121763E-03 
2035	 8.33241191637986E-03 
2036	 7.18351524612368E-03 
2037	 3.83690204494178E-03 
2038	 1.13048171111909E-02 
2039	 1.28291455615666E-02 
2040	 1.26493784370124E-02 
2041	 1.18508077787378E-02 
2042	 6.85737598487646E-03 
2043	 5.08966091374516E-03 
2044	 1.62768111905105E-03 
2045	 8.78941733206875E-03 
2046	 1.57136478234361E-02 
2047	 1.53571674192881E-02 
2048	 1.82455303967486E-02 
2049	 1.72567621222352E-02 
2050	 0.012534973126663 
2051	 2.22188256474323E-02 
2052	 2.67624400899048E-02 
2053	 2.59380535660498E-02 
2054	 3.09777624943813E-02 
2055	 2.01043789951011E-02 
2056	 1.65855781760097E-02 
2057	 1.33016160363983E-02 
2058	 1.40748477792149E-02 
2059	 2.05869978471695E-02 
2060	 2.15277484441864E-02 
2061	 1.96327909490997E-02 
2062	 2.19798166165253E-02 
2063	 1.76686926484527E-02 
2064	 2.11645079484884E-02 
2065	 3.30683453930362E-02 
2066	 2.72574833691915E-02 
2067	 2.00965552390688E-02 
2068	 1.55648293443681E-02 
2069	 1.03709960932107E-02 
2070	 1.18914561630489E-02 
2071	 1.71036033611382E-02 
2072	 2.06497825788597E-02 
2073	 1.96945518453042E-02 
2074	 1.43877758132143E-02 
2075	 1.19242893624188E-02 
2076	 5.03490590783473E-03 
2077	 5.14598801508845E-03 
2078	 1.07108850531321E-02 
2079	 1.14064813874314E-02 
2080	 1.11445332353086E-02 
2081	 1.69267382733171E-02 
2082	 1.52207126784608E-02 
2083	 1.49376300430795E-02 
2084	 1.39034707516362E-02 
2085	 8.0686837456047E-03 
2086	 8.64649380938323E-03 
2087	 8.87998771820553E-03 
2088	 9.22424027065274E-03 
2089	 1.17590677519002E-02 
2090	 1.61550341819665E-02 
2091	 1.92896423281987E-02 
2092	 1.69099105531755E-02 
2093	 1.29235662907049E-02 
2094	 1.02954345919046E-02 
2095	 2.0373534631987E-04 
2096	-3.36818628297026E-03 
2097	-1.82050351214973E-03 
2098	 4.43427333155547E-04 
2099	 7.28447116449095E-03 
2100	 5.07165981648892E-03 
2101	 4.16975231259713E-03 
2102	 7.00795220327264E-03 
2103	 5.20364319395132E-03 
2104	 7.82299515294235E-03 
2105	 1.42419559585375E-02 
2106	 1.56288112838642E-02 
2107	 1.05666817971442E-02 
2108	 5.67784225229054E-03 
2109	 3.23145136465915E-03 
2110	 3.38915940222028E-03 
2111	 6.5789132248551E-03 
2112	 1.14706218965624E-02 
2113	 1.43203056332869E-02 
2114	 1.58163654655825E-02 
2115	 1.51573064715643E-02 
2116	 1.38712596749243E-02 
2117	 0.012540898543692 
2118	 8.08216053362489E-03 
2119	 7.79905540276218E-03 
2120	 1.01270112323681E-02 
2121	 9.99977091988902E-03 
2122	 1.25806747232297E-02 
2123	 1.28955143054765E-02 
2124	 1.42919361818456E-02 
2125	 1.56720710685591E-02 
2126	 1.07427103103351E-02 
2127	 1.25626923325707E-02 
2128	 1.90650180527473E-02 
2129	 1.63511846578366E-02 
2130	 1.72347878226535E-02 
2131	 2.14042824815227E-02 
2132	 1.85865913700388E-02 
2133	 1.77986700660926E-02 
2134	 1.82041889463923E-02 
2135	 1.98505014779799E-02 
2136	 0.020290697127558 
2137	 2.22320143309715E-02 
2138	 2.23330091051352E-02 
2139	 2.19559181798457E-02 
2140	 2.14790812239345E-02 
2141	 1.98710160422909E-02 
2142	 1.78648904032333E-02 
2143	 0.01527018119977 
2144	 1.22422965023656E-02 
2145	 1.25945472371367E-02 
2146	 9.0283036143515E-03 
2147	 8.40385116531991E-03 
2148	 1.31249698082676E-02 
2149	 1.31549986803422E-02 
2150	 1.20868812006283E-02 
2151	 0.015601639626479 
2152	 1.89392265901493E-02 
2153	 2.19472660853556E-02 
2154	 2.70947124451966E-02 
2155	 2.94847451843905E-02 
2156	 2.80906247574318E-02 
2157	 2.60157669401274E-02 
2158	 2.12283186028671E-02 
2159	 1.94111838384795E-02 
2160	 1.57680190930192E-02 
2161	 1.57148596552698E-02 
2162	 2.03204430139931E-02 
2163	 1.99645526728317E-02 
2164	 1.88434503726193E-02 
2165	 1.81569784338104E-02 
2166	 0.01559242163067 
2167	 1.39674720536495E-02 
2168	 1.24860943762876E-02 
2169	 0.012444225952088 
2170	 1.22701833864981E-02 
2171	 1.26563199030613E-02 
2172	 1.59610204034169E-02 
2173	 1.59748627108148E-02 
2174	 1.67064215410791E-02 
2175	 1.79504573191225E-02 
2176	 1.74619935327971E-02 
2177	 1.97682998465122E-02 
2178	 1.83133343585431E-02 
2179	 1.71330440182732E-02 
2180	 2.09470657702201E-02 
2181	 2.49989886390359E-02 
2182	 2.76106873390841E-02 
2183	 2.65252806815949E-02 
2184	 2.38066725323301E-02 
2185	 1.42526218778223E-02 
2186	 1.03736106709241E-02 
2187	 1.04274509744614E-02 
2188	 1.13662250255056E-02 
2189	 1.69147357775052E-02 
2190	 1.70007872464246E-02 
2191	 1.50448844226694E-02 
2192	 1.29588568796493E-02 
2193	 3.27368288149187E-03 
2194	 2.35634835452933E-03 
2195	 1.20665276580415E-02 
2196	 1.07030352414404E-02 
2197	 3.96601706282014E-03 
2198	 2.90765613010176E-03 
2199	-1.96736516995562E-03 
2200	-3.68477500376325E-03 
2201	 3.84053904475085E-03 
2202	 1.25856049607385E-02 
2203	 5.3983708391224E-03 
2204	 1.90674753540384E-03 
2205	 5.31112656305282E-03 
2206	 3.19519325107338E-03 
2207	 1.06868775465999E-02 
2208	 1.83492396584044E-02 
2209	 2.21084459199847E-02 
2210	 2.05449849910484E-02 
2211	 1.32521131986323E-02 
2212	 1.11616664090264E-02 
2213	 1.28591000271537E-02 
2214	 1.84079460337352E-02 
2215	 1.83708700792945E-02 
2216	 2.04709204853426E-02 
2217	 0.021273200601006 
2218	 1.25965394079937E-02 
2219	 1.01654526220814E-02 
2220	 1.55166157488121E-02 
2221	 1.18148073761172E-02 
2222	 1.26771633901191E-03 
2223	-2.09922406570025E-04 
2224	-5.69207047427927E-04 
2225	 2.13115451223019E-03 
2226	 1.37957791255698E-02 
2227	 1.93905528169263E-02 
2228	 2.25316984824765E-02 
2229	 2.47895171839206E-02 
2230	 2.35541818779292E-02 
2231	 2.30293336197997E-02 
2232	 2.28719332863209E-02 
2233	 2.31572764947317E-02 
2234	 2.51073945331411E-02 
2235	 2.54939741677194E-02 
2236	 1.85170659088965E-02 
2237	 8.74600380983577E-03 
2238	 2.37237625349343E-03 
2239	-3.89158756019021E-03 
2240	-4.17690762387281E-03 
2241	 8.50702785524048E-04 
2242	 5.8250270279704E-03 
2243	 2.37166230554716E-03 
2244	-2.44612653221067E-03 
2245	-2.19457673040203E-03 
2246	-9.94247235433514E-03 
2247	-1.64664153096846E-02 
2248	-0.01332426474413 
2249	-1.41156799060485E-02 
2250	-1.37866613606482E-02 
2251	-7.95806056420772E-03 
2252	-1.30959772593377E-02 
2253	-2.40374046119257E-02 
2254	-2.99939166591142E-02 
2255	-3.11479901425826E-02 
2256	-2.49116184533522E-02 
2257	-1.23297952690539E-02 
2258	-4.41027797084667E-03 
2259	-6.24348841872289E-03 
2260	-9.05573456065114E-03 
2261	-2.13764646228021E-02 
2262	-2.33312123106718E-02 
2263	-2.63818215170883E-02 
2264	-1.96843912761957E-02 
2265	-1.86101435449166E-03 
2266	 8.96942564485175E-03 
2267	 2.96267319562511E-02 
2268	 3.58045225620947E-02 
2269	 2.93302630827175E-02 
2270	 2.96889685142828E-02 
2271	 2.68676364199876E-02 
2272	 2.28026244218028E-02 
2273	 1.82986994228745E-02 
2274	 1.43003608362209E-02 
2275	 4.07649470671033E-03 
2276	 7.88667114459803E-05 
2277	 4.81201081630974E-03 
2278	 6.40504170743234E-03 
2279	 1.02456018601333E-02 
2280	 1.13171648670545E-02 
2281	 8.19422346349797E-03 
2282	 9.08989828633187E-03 
2283	 1.29506237216873E-03 
2284	-3.66472867197093E-03 
2285	 1.19170170714742E-02 
2286	 1.66856647383745E-02 
2287	 3.05335968944358E-02 
2288	 4.86182816124273E-02 
2289	 3.69917378009436E-02 
2290	 2.88122919333709E-02 
2291	 1.90256614689105E-02 
2292	-5.73096393263343E-03 
2293	-1.41567205381183E-02 
2294	-1.52042642433974E-02 
2295	-1.50950325082576E-02 
2296	 4.38700644838988E-03 
2297	 1.53020308059256E-02 
2298	 1.11745861988365E-02 
2299	 0.011779295251839 
2300	 7.37424642611166E-03 
2301	-5.70500352377885E-04 
2302	-8.75508018310705E-03 
2303	-0.018356593323723 
2304	-2.71192376721558E-02 
2305	-3.09987319480994E-02 
2306	-0.038387150263162 
2307	-3.24093807419864E-02 
2308	-0.018810584676958 
2309	-2.65639201821296E-02 
2310	-3.01110188981315E-02 
2311	-4.20064885456265E-02 
2312	-5.82141249109994E-02 
2313	-6.06650383929754E-02 
2314	-5.75560271847272E-02 
2315	-3.12730803910813E-02 
2316	-1.04320977973498E-02 
2317	-1.65508176821432E-02 
2318	-1.82513345413577E-02 
2319	-1.71364364653747E-02 
2320	-2.77663380449072E-02 
2321	-0.017916813557883 
2322	 1.03889302796749E-02 
2323	 3.48136006900716E-02 
2324	 5.31477200133637E-02 
2325	 0.072121860846396 
2326	 8.50278617803121E-02 
2327	 6.70277098243702E-02 
2328	 3.95496107601265E-02 
2329	 2.54270893081206E-02 
2330	 2.65181474924194E-02 
2331	 1.80481049540072E-02 
2332	 2.48924783310644E-02 
2333	 4.83823998955824E-02 
2334	 2.12194907117793E-02 
2335	-1.26334999213878E-02 
2336	-2.25932963127653E-02 
2337	-2.29100266160527E-02 
2338	-4.63637093928344E-03 
2339	 6.02050804405719E-02 
2340	 0.106835036352625 
2341	 6.24618398989241E-02 
2342	 3.74988500880835E-02 
2343	 0.026295708313206 
2344	-2.98251593336481E-02 
2345	-4.75197364057472E-02 
2346	-7.22183300334686E-02 
2347	-0.148110486638233 
2348	-0.147342913262735 
2349	-7.63257874337041E-02 
2350	-3.73140783158469E-02 
2351	-0.030158354153789 
2352	-8.77970223198547E-03 
2353	-6.69555086376457E-02 
2354	-6.65696978273649E-02 
2355	 0.028425700352245 
2356	 9.34652904399726E-02 
2357	 0.113087411160508 
2358	 7.13649435032699E-03 
2359	-4.76609167102949E-02 
2360	-0.153390161487739 
2361	-0.351374936211619 
2362	-0.265010612639267 
2363	-0.232185927376456 
2364	-0.236659304158619 
2365	-7.34021360533782E-02 
2366	-5.33203407699513E-02 
2367	-9.42328051528323E-02 
2368	-5.59702552278646E-02 
2369	-1.49819453059649E-02 
2370	-1.40272588666497E-02 
2371	 9.49560937202706E-03 
2372	 4.64349349338894E-03 
2373	-0.278862299547233 
2374	-0.373717755953377 
2375	-0.295018240493935 
2376	-0.364049974243692 
2377	-0.275105320490855 
2378	-0.175098040103315 
2379	-0.190133920183234 
2380	-0.274443950925855 
2381	-0.301517720429097 
2382	-0.242304474136326 
2383	-0.446104554648249 
2384	-0.471113019991932 
2385	-0.312257987157156 
2386	-0.480616306165127 
2387	-0.375756934022138 
2388	-0.172591770661684 
2389	-0.460500828951143 
2390	-0.527176056781429 
2391	-0.512396275606904 
2392	-0.461162189479005 
2393	-0.248556894668152 
2394	-0.11446471231511 
2395	-0.194277012660404 
2396	-0.321049147453996 
2397	-0.379942774500783 
2398	-0.376050941320261 
2399	-0.202347702561332 
2400	-7.61992475377739E-02 
2401	-0.259291565282918 
2402	-0.321962057032846 
2403	-0.587138636873407 
2404	-0.783074358401983 
2405	-0.816810291018063 
2406	-1.24654474311835 
2407	-2.55372599385293 
2408	-2.67865838084707 
2409	-3.67726919041777 
2410	-1.10865420064591 
2411	-0.103675829743445 
2412	-0.51982469799932 
2413	-1.14723311306493 
2414	-1.92250523814367 
2415	-1.48749534298757 
2416	-0.812017529106927 
2417	-1.59153671414964 
2418	-2.56508163548857 
2419	-2.9763074881942 
2420	-16.8312901968097 
2421	-4.86428855333439 
2422	-2.38129438149871 
2423	-3.17117100362441 
2424	-7.94442193001542 
2425	-10.0203174237857 
2426	-70.7594134658356 
2427	 2.05020727881942 
2428	 9.22125996245616 
2429	-3.70600837827286 
2430	-4.54848356044346 
2431	-3.46174984804506 
2432	-2.8783626807574 
2433	 39.1208134704096 
2434	 0.741538434619121 
2435	-7.38413291281645E-02 
2436	-0.241124536405172 
2437	-0.602993685590643 
2438	-0.509890866386518 
2439	-0.818555652955826 
2440	-0.414812075574966 
2441	 0.242063551096053 
2442	 7.44509534808012E-02 
2443	 3.67334693963232E-02 
2444	 0.196616008784015 
2445	 0.245896518122948 
2446	 0.235375085208788 
2447	 0.257725445412826 
2448	 0.227133272866333 
2449	-0.170046832544319 
2450	-0.271180528159408 
2451	 0.118750326084737 
2452	 0.452260232407921 
2453	 1.62423391237055 
2454	 4.01684583426949 
2455	 0.585995373233192 
2456	 0.173716318145174 
2457	 0.108077358714576 
2458	 0.332462628392975 
2459	 0.699161995131754 
2460	 1.45498360406213 
2461	 1.81105842167929 
2462	 2.23239664527534 
2463	 3.22322133997156 
2464	 3.22724237354795 
2465	 5.49315860379546 
2466	 0.128196947088432 
2467	-0.350816010977873 
2468	-1.01345346428476 
2469	-1.07594700127294 
2470	-0.501778584510557 
2471	-0.447947781320605 
2472	-0.259370374537703 
2473	-0.137266192024288 
2474	 0.170676754265936 
2475	 1.0342372330178 
2476	 0.92878912475521 
2477	 3.62988706540435 
2478	-1.34440508553728 
2479	-0.495280104865883 
2480	-4.38171098485122 
2481	 1.31623883431304 
2482	 0.929809028826576 
2483	 0.555068814519446 
2484	 0.606434672032881 
2485	 0.630686063197975 
2486	 0.669946058675345 
2487	 0.755520129446535 
2488	 1.13427167705541 
2489	 1.1640342919836 
2490	 0.626215450521224 
2491	 0.502394129733398 
2492	 0.536356929921962 
2493	 0.277083697827128 
2494	 0.419651306522342 
2495	 0.373196215328096 
2496	 8.74083939989208E-02 
2497	 0.470703424845956 
2498	 0.453019443394997 
2499	-0.455763302179645 
2500	 0.502113004227073 
