Wavelength	rt0704dirt00006.asd
350	 0.131317526933861 
351	 0.131478390546483 
352	 0.131990960772819 
353	 0.132188306699817 
354	 0.131986565578029 
355	 0.132861829140774 
356	 0.133216995235834 
357	 0.133210843776793 
358	 0.133402344115784 
359	 0.133425092474764 
360	 0.133922842721252 
361	 0.134556243622809 
362	 0.134459364775603 
363	 0.134780733400953 
364	 0.135101658525525 
365	 0.13521374135373 
366	 0.13551283512737 
367	 0.136094245488822 
368	 0.136367040910401 
369	 0.136082692258213 
370	 0.136849910448247 
371	 0.137548759689396 
372	 0.138024954157071 
373	 0.138633885465195 
374	 0.138689088101666 
375	 0.138817014893288 
376	 0.139339539878914 
377	 0.139967549244959 
378	 0.140895584313598 
379	 0.141255349599061 
380	 0.140778087678688 
381	 0.141775158713339 
382	 0.142387660545891 
383	 0.142756549500238 
384	 0.143767568327437 
385	 0.144147355087455 
386	 0.144566791296131 
387	 0.145225582989501 
388	 0.145639894237822 
389	 0.146123370939417 
390	 0.146502925978007 
391	 0.146712793465654 
392	 0.147146602849427 
393	 0.147673207002448 
394	 0.148098841623387 
395	 0.148314561026505 
396	 0.148731500317285 
397	 0.149189506287944 
398	 0.149624997787421 
399	 0.150082931232819 
400	 0.150354679145567 
401	 0.150507712737564 
402	 0.150725244700372 
403	 0.151416559547577 
404	 0.151649446429304 
405	 0.151635411371253 
406	 0.151923889026331 
407	 0.152254223612561 
408	 0.15254556320547 
409	 0.152836086089675 
410	 0.153254252051031 
411	 0.153532785065001 
412	 0.153619741827015 
413	 0.153652725003271 
414	 0.154129971317334 
415	 0.154519924885707 
416	 0.154805466172812 
417	 0.155144402469877 
418	 0.155343717721032 
419	 0.155648498664878 
420	 0.156125511287749 
421	 0.156621011502856 
422	 0.157074256562052 
423	 0.157545594526196 
424	 0.15807100686568 
425	 0.158538632572627 
426	 0.158972346541331 
427	 0.159548066238439 
428	 0.160424562113348 
429	 0.161141584066106 
430	 0.161713035409685 
431	 0.162271546526221 
432	 0.163023324355162 
433	 0.163797911836065 
434	 0.164459063690639 
435	 0.164997615555008 
436	 0.16575513095079 
437	 0.166389992438368 
438	 0.166939633162884 
439	 0.167618838354518 
440	 0.168234671462167 
441	 0.168803667139384 
442	 0.169371565769592 
443	 0.169994976574519 
444	 0.170571740225131 
445	 0.171058121597298 
446	 0.171479361626549 
447	 0.172053623411453 
448	 0.172586794659027 
449	 0.172973550013617 
450	 0.173208257181951 
451	 0.173528170168751 
452	 0.173866419302901 
453	 0.174135386039692 
454	 0.174291699659829 
455	 0.174535779526265 
456	 0.174750134584829 
457	 0.174779934489622 
458	 0.174954711165928 
459	 0.175026976484285 
460	 0.175018214977888 
461	 0.175226565290807 
462	 0.175264254542788 
463	 0.175244221456684 
464	 0.17531824520437 
465	 0.175472384933442 
466	 0.17553722593029 
467	 0.175561164446371 
468	 0.175687054343248 
469	 0.175844926912888 
470	 0.175925410434305 
471	 0.175950416555772 
472	 0.176118718497296 
473	 0.176178751740901 
474	 0.176322424345818 
475	 0.17668340413837 
476	 0.176744272478734 
477	 0.17704310132651 
478	 0.177489019896207 
479	 0.17761174388032 
480	 0.177913060171835 
481	 0.178265448194966 
482	 0.17853355181743 
483	 0.178713230893713 
484	 0.179137114318672 
485	 0.179622532657447 
486	 0.179898630109637 
487	 0.180379576399276 
488	 0.18090383076915 
489	 0.181390214916788 
490	 0.181875756490292 
491	 0.182534729096675 
492	 0.183152770395091 
493	 0.183597845336385 
494	 0.184179869977563 
495	 0.184774725738052 
496	 0.185361080980767 
497	 0.185971531330269 
498	 0.186666422956153 
499	 0.187255409109719 
500	 0.187735610947697 
501	 0.188431928398519 
502	 0.188974181470705 
503	 0.189532810704275 
504	 0.190316461931739 
505	 0.191018579480558 
506	 0.191769517313462 
507	 0.19263733033882 
508	 0.193613308978176 
509	 0.194437662062339 
510	 0.195316391594238 
511	 0.196321348736788 
512	 0.197011945418176 
513	 0.19784156568972 
514	 0.198825488025907 
515	 0.199776296067698 
516	 0.200597529625346 
517	 0.201465448611163 
518	 0.202419150919062 
519	 0.203300925509211 
520	 0.204249696544833 
521	 0.205179757666826 
522	 0.206032304300927 
523	 0.206994211357877 
524	 0.207971604532404 
525	 0.208954622688767 
526	 0.209988369614307 
527	 0.210943114634036 
528	 0.21199324490625 
529	 0.213195076948642 
530	 0.21429390541586 
531	 0.215495664837556 
532	 0.216718557221937 
533	 0.217813355465064 
534	 0.218913998120868 
535	 0.220078382869945 
536	 0.221306207404694 
537	 0.222533044083753 
538	 0.223722364893564 
539	 0.224851550491983 
540	 0.225962584679156 
541	 0.22729599588397 
542	 0.228510111755904 
543	 0.229617921564922 
544	 0.230852746195061 
545	 0.23216413930826 
546	 0.233456218000335 
547	 0.234676691799571 
548	 0.235872414993624 
549	 0.237059909778972 
550	 0.238223740545789 
551	 0.239333538531768 
552	 0.24034255044399 
553	 0.241315770369579 
554	 0.242317135452231 
555	 0.243389733060079 
556	 0.244253345636417 
557	 0.245074790868978 
558	 0.246030735677596 
559	 0.246985324604045 
560	 0.24791039582539 
561	 0.248776162771761 
562	 0.249569658446507 
563	 0.250361129223393 
564	 0.251132704916899 
565	 0.251828204407259 
566	 0.252338938968239 
567	 0.252765563788816 
568	 0.253239084326535 
569	 0.253856429031222 
570	 0.25446942140661 
571	 0.255003313814464 
572	 0.255475355784201 
573	 0.255991615787547 
574	 0.256493427696688 
575	 0.256982921893344 
576	 0.257482984767324 
577	 0.2580571683766 
578	 0.258603255400862 
579	 0.25913598118478 
580	 0.259715477755587 
581	 0.260078810469828 
582	 0.260392965875651 
583	 0.26074499757191 
584	 0.260994595460729 
585	 0.260932741921292 
586	 0.260513194149814 
587	 0.259848991771634 
588	 0.259498425243679 
589	 0.259542714074461 
590	 0.259900636243385 
591	 0.260374859318886 
592	 0.260796157287008 
593	 0.261284672381934 
594	 0.261922889277539 
595	 0.262508406504207 
596	 0.26312879770212 
597	 0.263791184666676 
598	 0.264443694805601 
599	 0.264976116375833 
600	 0.265386020327467 
601	 0.265708113311663 
602	 0.266019516397406 
603	 0.266156087129713 
604	 0.266114423513509 
605	 0.265977593762162 
606	 0.265969190552849 
607	 0.265897051523822 
608	 0.265716003867251 
609	 0.265553591233733 
610	 0.265392287825403 
611	 0.265198073294771 
612	 0.264973493441435 
613	 0.264863978233739 
614	 0.264608152941459 
615	 0.264336516241947 
616	 0.264352774450802 
617	 0.264318604182464 
618	 0.264237781186572 
619	 0.264125408629041 
620	 0.263944728688694 
621	 0.263842962231143 
622	 0.263790641879418 
623	 0.263708781972262 
624	 0.26363660807086 
625	 0.26329344269576 
626	 0.26281241278781 
627	 0.262719818652684 
628	 0.262813794602015 
629	 0.262975468104995 
630	 0.263100909357481 
631	 0.263085385875838 
632	 0.263107189634406 
633	 0.263198091633906 
634	 0.263294172960113 
635	 0.263196768998665 
636	 0.26319130852175 
637	 0.263288191871777 
638	 0.263037385373506 
639	 0.263013720977261 
640	 0.262999417126345 
641	 0.262698671158148 
642	 0.262523824745487 
643	 0.262081903326511 
644	 0.26124710636036 
645	 0.260144925582627 
646	 0.25903085113786 
647	 0.258300402047592 
648	 0.258071581889432 
649	 0.257805241956253 
650	 0.257272943360581 
651	 0.256773501578441 
652	 0.256688491152323 
653	 0.256177185397488 
654	 0.255620686412384 
655	 0.255229749870038 
656	 0.25490239976662 
657	 0.254651601818061 
658	 0.254298510752683 
659	 0.253764057030722 
660	 0.253417476472027 
661	 0.252771458484516 
662	 0.251865587182427 
663	 0.251064338069884 
664	 0.250207426422248 
665	 0.249468251703124 
666	 0.248878804519026 
667	 0.248180684299838 
668	 0.247485595613022 
669	 0.246920115871514 
670	 0.246571193663339 
671	 0.246263296099809 
672	 0.246026519695163 
673	 0.245912504052143 
674	 0.245982600912235 
675	 0.246215804099985 
676	 0.246557735668983 
677	 0.246988615959075 
678	 0.24758468092164 
679	 0.248343273633838 
680	 0.249263664325528 
681	 0.250375947733202 
682	 0.251918341694578 
683	 0.253766227235079 
684	 0.255580053306342 
685	 0.256922289470174 
686	 0.258851251045916 
687	 0.261564325737731 
688	 0.264597866241597 
689	 0.267661961602232 
690	 0.270648692058039 
691	 0.273534351080142 
692	 0.276418256753948 
693	 0.280007923741134 
694	 0.2843770023382 
695	 0.288872165880539 
696	 0.292685437976859 
697	 0.296048174414105 
698	 0.299341046056028 
699	 0.302701147076674 
700	 0.306425873168567 
701	 0.31051550239033 
702	 0.314561505522757 
703	 0.318122327451517 
704	 0.321043850191572 
705	 0.323975980509329 
706	 0.327148270443395 
707	 0.329985043350936 
708	 0.33259250851211 
709	 0.33501243929316 
710	 0.337258429518161 
711	 0.339357630126331 
712	 0.341103348481019 
713	 0.342321893595407 
714	 0.342896100425864 
715	 0.342798506846357 
716	 0.342488379187052 
717	 0.342658191147489 
718	 0.343482320451267 
719	 0.345434965354506 
720	 0.347361403933676 
721	 0.348499730948669 
722	 0.348607945328148 
723	 0.348508094944778 
724	 0.348748524776998 
725	 0.349353041469784 
726	 0.349834344825523 
727	 0.350118739252158 
728	 0.350275136970222 
729	 0.350396609606947 
730	 0.35104604306121 
731	 0.352093051849385 
732	 0.353067999583555 
733	 0.353273055448674 
734	 0.353269939892288 
735	 0.353434803030507 
736	 0.353853929800035 
737	 0.354345489785505 
738	 0.354928806756016 
739	 0.355608781013863 
740	 0.356247257217347 
741	 0.35677476319672 
742	 0.357333083182843 
743	 0.35809151836255 
744	 0.35843632368969 
745	 0.35881035120255 
746	 0.359329561014108 
747	 0.359544928675716 
748	 0.359840575535201 
749	 0.360170431377731 
750	 0.360426027570265 
751	 0.360665257129072 
752	 0.360924164174211 
753	 0.361211309135258 
754	 0.361492886584462 
755	 0.361553247935134 
756	 0.361681077319686 
757	 0.361724944296658 
758	 0.360498418531255 
759	 0.358769194974552 
760	 0.356970871171576 
761	 0.356427603361903 
762	 0.356688527500689 
763	 0.357892508326396 
764	 0.359580600643735 
765	 0.361258025132583 
766	 0.362735096459641 
767	 0.363702685825145 
768	 0.364285530922456 
769	 0.364924458172075 
770	 0.365380786688361 
771	 0.365735917369498 
772	 0.366086973645715 
773	 0.366406992136762 
774	 0.366722156883788 
775	 0.367053093720097 
776	 0.367397635391625 
777	 0.367596866763278 
778	 0.367999982183322 
779	 0.368542104409727 
780	 0.368742822091705 
781	 0.368999540701584 
782	 0.369338281401328 
783	 0.369669268208258 
784	 0.369803392559665 
785	 0.369820422927181 
786	 0.369792654730364 
787	 0.369813227000506 
788	 0.370033162134474 
789	 0.370272911872728 
790	 0.370654631528769 
791	 0.371477348313263 
792	 0.372111546816442 
793	 0.372425941968287 
794	 0.372509511981649 
795	 0.372648499059555 
796	 0.372851853230329 
797	 0.373124503262923 
798	 0.373431183334752 
799	 0.373624038544927 
800	 0.373677000066953 
801	 0.373841682966897 
802	 0.374425715690073 
803	 0.374925876660132 
804	 0.375463275456726 
805	 0.375992631745778 
806	 0.376246089500959 
807	 0.376256342623463 
808	 0.375956041869912 
809	 0.375424911701725 
810	 0.375198179265855 
811	 0.374583466351989 
812	 0.373607670095255 
813	 0.372661341405751 
814	 0.371962039029515 
815	 0.371576282872239 
816	 0.371711226474954 
817	 0.372478259562848 
818	 0.372883908915835 
819	 0.373193621571238 
820	 0.373369417233929 
821	 0.372756994065538 
822	 0.372336952806351 
823	 0.372214036351123 
824	 0.372117782149589 
825	 0.371633041408092 
826	 0.370917393808365 
827	 0.370044042598995 
828	 0.369189633126242 
829	 0.368665228095186 
830	 0.368095511087513 
831	 0.367565853555696 
832	 0.367506437445615 
833	 0.367886117187869 
834	 0.36811705874913 
835	 0.367967514786443 
836	 0.367717185430141 
837	 0.36776588859433 
838	 0.36805175913959 
839	 0.36835577533324 
840	 0.368380818951593 
841	 0.368271806443766 
842	 0.368385596833068 
843	 0.368885496377761 
844	 0.368729592776663 
845	 0.3686180443373 
846	 0.368718398556257 
847	 0.368760858645036 
848	 0.368430545985896 
849	 0.368230782185487 
850	 0.368266340870956 
851	 0.368034428879714 
852	 0.367995567081161 
853	 0.368043124102421 
854	 0.368043237834853 
855	 0.368067519034763 
856	 0.368030533974555 
857	 0.367985852189795 
858	 0.368017350562948 
859	 0.3681829548758 
860	 0.368324050804608 
861	 0.368238560349781 
862	 0.367884221346894 
863	 0.368249030234818 
864	 0.368183778321159 
865	 0.367690925901597 
866	 0.367840737672025 
867	 0.367811396263726 
868	 0.367828443657934 
869	 0.367835906983876 
870	 0.367276318664093 
871	 0.366911304977821 
872	 0.366893945943605 
873	 0.367050717362007 
874	 0.36682754061973 
875	 0.366519088705178 
876	 0.366131989450563 
877	 0.365695213817672 
878	 0.365602186222734 
879	 0.365538210106775 
880	 0.365313210944991 
881	 0.364892911741339 
882	 0.364647211949868 
883	 0.364323858102312 
884	 0.364077243888016 
885	 0.364229069640402 
886	 0.363598969521294 
887	 0.36307151654705 
888	 0.362947894019467 
889	 0.362613294760262 
890	 0.362285654839039 
891	 0.361523281733835 
892	 0.360169371904541 
893	 0.358853952170565 
894	 0.357662270949801 
895	 0.356973616016409 
896	 0.356787011576641 
897	 0.355700737349697 
898	 0.354933182285093 
899	 0.354458797339186 
900	 0.354033955705914 
901	 0.354477476712337 
902	 0.354789885426924 
903	 0.354690973603214 
904	 0.354225577287894 
905	 0.3534671948026 
906	 0.352405272668043 
907	 0.35114564517486 
908	 0.350027021409876 
909	 0.349850570504673 
910	 0.349256964769597 
911	 0.34806576751142 
912	 0.347308798397022 
913	 0.346603233421488 
914	 0.345537631533651 
915	 0.344659442640582 
916	 0.34524677065083 
917	 0.345385158505531 
918	 0.345341698574256 
919	 0.34531907214211 
920	 0.34502365328302 
921	 0.344527278895355 
922	 0.343173047107485 
923	 0.341015814266563 
924	 0.33997302662374 
925	 0.338574108267065 
926	 0.33632948320773 
927	 0.333245730389484 
928	 0.330123044810093 
929	 0.326693499337195 
930	 0.323330377642842 
931	 0.320102720502252 
932	 0.311114977823916 
933	 0.31262032980673 
934	 0.313666141715579 
935	 0.298349247656364 
936	 0.301990518712318 
937	 0.302437166637076 
938	 0.300010127823497 
939	 0.30047863552752 
940	 0.299955348497062 
941	 0.298399639217579 
942	 0.294758244383068 
943	 0.28879509546743 
944	 0.286941875866841 
945	 0.285997762625895 
946	 0.283415314908861 
947	 0.279278952100118 
948	 0.282101166224505 
949	 0.280941695697512 
950	 0.27814670215317 
951	 0.281568755911715 
952	 0.276706202914243 
953	 0.270709053316263 
954	 0.267451387655587 
955	 0.267643884322632 
956	 0.277230651113079 
957	 0.278119528795122 
958	 0.270946308844544 
959	 0.268690809873955 
960	 0.269701283720086 
961	 0.26861620150992 
962	 0.268086889969865 
963	 0.27380932969644 
964	 0.275352339762132 
965	 0.273003257630598 
966	 0.271536624751857 
967	 0.27585265992964 
968	 0.275654177707473 
969	 0.273404891997499 
970	 0.272059101705384 
971	 0.273171247487565 
972	 0.272714887893638 
973	 0.273334577415851 
974	 0.275095481735163 
975	 0.2752539848051 
976	 0.276552851438828 
977	 0.276269103112562 
978	 0.275177613480774 
979	 0.276668659885013 
980	 0.27779889993442 
981	 0.278550945703507 
982	 0.279301662276287 
983	 0.280371195085988 
984	 0.28102064062605 
985	 0.281810323642261 
986	 0.282126288942638 
987	 0.281000668684306 
988	 0.281594032424058 
989	 0.284995296858043 
990	 0.287722315860787 
991	 0.285048946129646 
992	 0.284791826234824 
993	 0.28631380788016 
994	 0.288129118835796 
995	 0.288931122678437 
996	 0.288862415277507 
997	 0.290706912634962 
998	 0.293080197351743 
999	 0.292819680785517 
1000	 0.29289662332071 
1001	 0.300133480342634 
1002	 0.300027722985728 
1003	 0.300627586146289 
1004	 0.302557412332844 
1005	 0.303610324433875 
1006	 0.304574153702087 
1007	 0.305244141235633 
1008	 0.305625323370562 
1009	 0.305613256402244 
1010	 0.305687142857101 
1011	 0.306605599754963 
1012	 0.307980415896365 
1013	 0.309160331190072 
1014	 0.310440063097571 
1015	 0.312110891812809 
1016	 0.31334680693673 
1017	 0.314518259498568 
1018	 0.315408997682065 
1019	 0.315934257959008 
1020	 0.31693952813793 
1021	 0.317870395050444 
1022	 0.318876941096173 
1023	 0.320161355291204 
1024	 0.320619912694108 
1025	 0.321869353846049 
1026	 0.322670702561981 
1027	 0.323410329533674 
1028	 0.324450337474388 
1029	 0.325459043719593 
1030	 0.32593132160895 
1031	 0.326903182581225 
1032	 0.328773128715596 
1033	 0.329549416873752 
1034	 0.329564486143233 
1035	 0.330088347463144 
1036	 0.330268418085343 
1037	 0.330776053459821 
1038	 0.331511321149547 
1039	 0.332624656522328 
1040	 0.333785081001176 
1041	 0.335069609146491 
1042	 0.336088798780488 
1043	 0.33732058831443 
1044	 0.338168223352621 
1045	 0.338555004924639 
1046	 0.339183828448145 
1047	 0.339689540323431 
1048	 0.340550928884372 
1049	 0.341905994274074 
1050	 0.342603709117129 
1051	 0.343172045640182 
1052	 0.343751797071373 
1053	 0.343775065156871 
1054	 0.344011130831396 
1055	 0.344401411649119 
1056	 0.344962731985667 
1057	 0.345603441585422 
1058	 0.34621517740963 
1059	 0.346930154097121 
1060	 0.348119362172497 
1061	 0.348621628205185 
1062	 0.348917651407655 
1063	 0.348948881589563 
1064	 0.348306986049931 
1065	 0.348235445457452 
1066	 0.348356969123062 
1067	 0.348243831501477 
1068	 0.348102207592164 
1069	 0.34815505241926 
1070	 0.348158645910422 
1071	 0.348127081548109 
1072	 0.348069586416378 
1073	 0.348625327329334 
1074	 0.348576805697533 
1075	 0.348006231652111 
1076	 0.348056133670599 
1077	 0.348661301195518 
1078	 0.34827916972378 
1079	 0.34771077391174 
1080	 0.347086607215434 
1081	 0.345460997054506 
1082	 0.344552567503403 
1083	 0.343886763894383 
1084	 0.343537904087207 
1085	 0.343929210824437 
1086	 0.343678402146075 
1087	 0.343344122446701 
1088	 0.343102458121525 
1089	 0.342740931281007 
1090	 0.341729230579523 
1091	 0.340970398799669 
1092	 0.340624221245817 
1093	 0.339696764297932 
1094	 0.337959242021467 
1095	 0.336844973849618 
1096	 0.336019180294594 
1097	 0.334737578072441 
1098	 0.333208940150741 
1099	 0.33221869004886 
1100	 0.331249067196247 
1101	 0.330101666517676 
1102	 0.329393202489288 
1103	 0.328366303637224 
1104	 0.326537776779866 
1105	 0.325439086937544 
1106	 0.324016215881141 
1107	 0.323192924359213 
1108	 0.322412231935522 
1109	 0.321005468172666 
1110	 0.319854443585429 
1111	 0.319127412905796 
1112	 0.317485681289639 
1113	 0.314842704842306 
1114	 0.312893219975951 
1115	 0.309727960852131 
1116	 0.307563010265736 
1117	 0.308068290423718 
1118	 0.307139493040573 
1119	 0.307044116562311 
1120	 0.306919033647538 
1121	 0.309815595936157 
1122	 0.30206295713307 
1123	 0.299732218255776 
1124	 0.303522679210166 
1125	 0.301984079864624 
1126	 0.304874203999345 
1127	 0.295061325835178 
1128	 0.279188984548907 
1129	 0.274802666763069 
1130	 0.27217869129919 
1131	 0.270935353592695 
1132	 0.280000264176236 
1133	 0.27911635226901 
1134	 0.271522709131168 
1135	 0.269685241097272 
1136	 0.26653685682271 
1137	 0.264233362265507 
1138	 0.263052716222574 
1139	 0.267929994920207 
1140	 0.261983791759728 
1141	 0.256573815526232 
1142	 0.259268496986144 
1143	 0.255889482054991 
1144	 0.246095132441964 
1145	 0.240661452900199 
1146	 0.236860341079939 
1147	 0.232813260721003 
1148	 0.234481497153217 
1149	 0.237520223641481 
1150	 0.234226930382566 
1151	 0.220486625891909 
1152	 0.219280757538225 
1153	 0.223648972805297 
1154	 0.223896608035697 
1155	 0.226151265023534 
1156	 0.225828497818991 
1157	 0.223366338811255 
1158	 0.22339556576201 
1159	 0.225206842952292 
1160	 0.227444408397151 
1161	 0.229831963877966 
1162	 0.229801107272976 
1163	 0.228412897098666 
1164	 0.228667801570695 
1165	 0.229305431494899 
1166	 0.230276833325978 
1167	 0.23127702298815 
1168	 0.231862314298903 
1169	 0.232697479732959 
1170	 0.232721217614138 
1171	 0.232675790113643 
1172	 0.232807920716963 
1173	 0.233097388399807 
1174	 0.233130115274507 
1175	 0.232864860962136 
1176	 0.233759967041146 
1177	 0.233672413685756 
1178	 0.232219910817952 
1179	 0.231444822684479 
1180	 0.231148944409352 
1181	 0.230772119582605 
1182	 0.230910830195225 
1183	 0.231445398590724 
1184	 0.231114624601485 
1185	 0.230624075318476 
1186	 0.230685065093547 
1187	 0.230451996387293 
1188	 0.230141406265459 
1189	 0.230045355240208 
1190	 0.230515096165186 
1191	 0.231070901671868 
1192	 0.23108590875042 
1193	 0.230887482042135 
1194	 0.230900082910572 
1195	 0.230669455790087 
1196	 0.230317695935536 
1197	 0.230648680432773 
1198	 0.230734055994425 
1199	 0.230422893865168 
1200	 0.230290808745001 
1201	 0.230234169233307 
1202	 0.230614228836421 
1203	 0.231170245182035 
1204	 0.230910199370138 
1205	 0.230492526044019 
1206	 0.230996634150578 
1207	 0.231487333142009 
1208	 0.231662628013702 
1209	 0.232539214734525 
1210	 0.233078019959934 
1211	 0.232650536516023 
1212	 0.232851035735607 
1213	 0.233631943079217 
1214	 0.233848517859816 
1215	 0.233527471500279 
1216	 0.233599980062315 
1217	 0.2338385266442 
1218	 0.233564972000043 
1219	 0.234087679178369 
1220	 0.234919434907127 
1221	 0.235407742242799 
1222	 0.235636951706674 
1223	 0.23566360411011 
1224	 0.235349064513243 
1225	 0.23544959951256 
1226	 0.236685990073386 
1227	 0.237433151177196 
1228	 0.237648557667933 
1229	 0.237677859738492 
1230	 0.237242956058379 
1231	 0.237535260678664 
1232	 0.238287029973537 
1233	 0.238685106294581 
1234	 0.238945144537517 
1235	 0.239204770957319 
1236	 0.239041823867949 
1237	 0.239201769189921 
1238	 0.239670682149448 
1239	 0.239820669055703 
1240	 0.240000868951265 
1241	 0.240268372600686 
1242	 0.240086442735429 
1243	 0.240198993822735 
1244	 0.240768021742876 
1245	 0.241025569278799 
1246	 0.241193806620379 
1247	 0.241588632910925 
1248	 0.241790610290455 
1249	 0.241633721981191 
1250	 0.241836507376965 
1251	 0.241953495290729 
1252	 0.241703141325597 
1253	 0.241714060494108 
1254	 0.241772095554476 
1255	 0.241633033978426 
1256	 0.241569213312019 
1257	 0.241733532552755 
1258	 0.241675662935079 
1259	 0.241305897905506 
1260	 0.241097194832289 
1261	 0.24085271091437 
1262	 0.240691067853032 
1263	 0.240595212780791 
1264	 0.240559104200266 
1265	 0.240200715962007 
1266	 0.239489572302249 
1267	 0.238528092923318 
1268	 0.23831987545547 
1269	 0.238761145299613 
1270	 0.238661525681088 
1271	 0.238476711612023 
1272	 0.238640319233126 
1273	 0.239086175732255 
1274	 0.239680782885735 
1275	 0.239902062710692 
1276	 0.239760716977717 
1277	 0.239398006132108 
1278	 0.239568880948967 
1279	 0.240044638774501 
1280	 0.239786190715946 
1281	 0.239479257052859 
1282	 0.238748038404567 
1283	 0.238362233631782 
1284	 0.238108240371927 
1285	 0.237568807833996 
1286	 0.237005127872108 
1287	 0.236462328321014 
1288	 0.235308310376258 
1289	 0.234789324630361 
1290	 0.23495516050775 
1291	 0.234633607361618 
1292	 0.234557340563176 
1293	 0.234208294894542 
1294	 0.233462582059976 
1295	 0.233052527596952 
1296	 0.231538430058452 
1297	 0.230205372063182 
1298	 0.229419765630634 
1299	 0.228179398694158 
1300	 0.227321881743853 
1301	 0.2265614342292 
1302	 0.225485562682757 
1303	 0.224410114770932 
1304	 0.223365390357723 
1305	 0.222330318541396 
1306	 0.221099850781732 
1307	 0.219526414353545 
1308	 0.218498477144822 
1309	 0.217815497708596 
1310	 0.21648255554992 
1311	 0.21533271644555 
1312	 0.214158342025164 
1313	 0.212368889744667 
1314	 0.210638490245982 
1315	 0.20880032743195 
1316	 0.207488748020913 
1317	 0.206595148721676 
1318	 0.205197464280445 
1319	 0.204477641549 
1320	 0.203200122028494 
1321	 0.200719848563373 
1322	 0.1982653344922 
1323	 0.197015352464556 
1324	 0.196587305872614 
1325	 0.195285389393723 
1326	 0.193056069738847 
1327	 0.191834709420169 
1328	 0.191630552024615 
1329	 0.189979250477211 
1330	 0.186763828677225 
1331	 0.186129415466674 
1332	 0.185221754112278 
1333	 0.181846891643487 
1334	 0.181509350028203 
1335	 0.180669497474557 
1336	 0.17643304304649 
1337	 0.173796561829628 
1338	 0.173831695558759 
1339	 0.17443971818051 
1340	 0.17476117225481 
1341	 0.174266621433357 
1342	 0.176889226713912 
1343	 0.178537857591797 
1344	 0.177600290585224 
1345	 0.175424272220002 
1346	 0.170355207514889 
1347	 0.172034429311042 
1348	 0.173765757379594 
1349	 0.176518468589013 
1350	 0.213331778957771 
1351	 0.241415859962473 
1352	 0.236535318855515 
1353	 0.255152852437031 
1354	 0.291197573109304 
1355	 0.271429219152917 
1356	 0.291829718361286 
1357	 0.265637931311092 
1358	 0.226003416592102 
1359	 0.268775868390202 
1360	 0.110038457169582 
1361	 0.079790534036663 
1362	 0.415466463173038 
1363	 0.417010630863023 
1364	 0.440699646177376 
1365	 0.74783022938591 
1366	 0.483651046926168 
1367	 0.163269541813881 
1368	-0.124416967893363 
1369	-0.386209221790601 
1370	-0.361015399334037 
1371	-0.278127633680441 
1372	-0.4089822906923 
1373	-0.432620540626932 
1374	-0.474338841590387 
1375	-16.3616666784059 
1376	-3.89246227477613 
1377	 0.485064502247107 
1378	 0.560635579013091 
1379	 0.542699687221043 
1380	 0.505977896297096 
1381	 0.361929356604263 
1382	 0.281103789112639 
1383	-9.00182593246084E-02 
1384	-0.157616496481821 
1385	 0.893783093806525 
1386	-4.50264348490026 
1387	 1.26686920820415 
1388	 1.63721474447938 
1389	 2.84313296465314 
1390	 2.13133451464723 
1391	 0.654819299993025 
1392	 0.763947574030389 
1393	 0.472663800806934 
1394	-1.84276850594434 
1395	-0.921404178311931 
1396	-2.54007673657529 
1397	 1.57133976040329 
1398	 0.296527884585594 
1399	 0.559788927502123 
1400	 11.043271532086 
1401	-2.12463151752301 
1402	-1.74433485924153 
1403	-2.02181702578448 
1404	 2.48589411932659 
1405	 1.14185874551727 
1406	 0.149132366817582 
1407	 0.199121092679389 
1408	 0.570188180168235 
1409	 0.375841321081572 
1410	 0.319626163453737 
1411	 0.254837258250433 
1412	-0.243913290350548 
1413	-0.258971825316647 
1414	 0.151911344976417 
1415	 0.501895543733003 
1416	 0.497550604917314 
1417	 0.486808923758822 
1418	 0.39323918975497 
1419	 0.23826180221403 
1420	-0.061941549016669 
1421	-3.49438448206985E-02 
1422	 5.30786660018314E-02 
1423	 6.57152752947248E-02 
1424	 0.189773276112164 
1425	 0.242124143748851 
1426	 0.249990234389699 
1427	 0.187621096826689 
1428	 8.69006176209687E-02 
1429	 8.26835276904165E-02 
1430	 6.62045361394669E-02 
1431	 2.50906290476674E-02 
1432	 4.20648109959972E-02 
1433	 3.70925226613345E-02 
1434	-5.52970168761211E-02 
1435	-9.55583962830145E-02 
1436	-9.42252735828179E-02 
1437	-0.05327403299005 
1438	-8.76363177187251E-02 
1439	-5.89656604878466E-02 
1440	-9.79238669019545E-03 
1441	-2.34308121164005E-03 
1442	 3.62543773728292E-03 
1443	 0.015275893520624 
1444	 5.08958897984905E-02 
1445	 6.95237919462525E-02 
1446	 4.27675759950019E-02 
1447	 2.30239142271153E-02 
1448	 6.32934959682024E-02 
1449	 7.41850613617774E-02 
1450	 5.82895979231785E-02 
1451	 0.077918780932279 
1452	 8.41885100011195E-02 
1453	 7.11523901821805E-02 
1454	 6.34382548369884E-02 
1455	 7.32780137596788E-02 
1456	 6.95085782273759E-02 
1457	 4.58520761103437E-02 
1458	 4.05103994312375E-02 
1459	 4.85988241982144E-02 
1460	 4.78268250668772E-02 
1461	 4.29300999392302E-02 
1462	 4.18459269951573E-02 
1463	 3.88990308333649E-02 
1464	 4.01956222115216E-02 
1465	 4.87220465922788E-02 
1466	 0.050888495734504 
1467	 5.08459237880868E-02 
1468	 5.32908996283101E-02 
1469	 5.55708722875414E-02 
1470	 0.055188999331055 
1471	 5.50541381610958E-02 
1472	 5.56837722528365E-02 
1473	 4.83958792317517E-02 
1474	 0.05022398060029 
1475	 6.53828926909836E-02 
1476	 6.54535219208952E-02 
1477	 5.91170581392961E-02 
1478	 5.87563238928594E-02 
1479	 5.47717875381191E-02 
1480	 0.051057014646839 
1481	 4.86657031661089E-02 
1482	 5.14068313996253E-02 
1483	 0.058022471231366 
1484	 5.58427592314029E-02 
1485	 5.20778854340796E-02 
1486	 0.052494569832462 
1487	 4.77812351277453E-02 
1488	 4.80096457488336E-02 
1489	 5.52154510858174E-02 
1490	 5.82039085305658E-02 
1491	 5.73417419332816E-02 
1492	 5.96464293434608E-02 
1493	 6.54820173467937E-02 
1494	 6.60621099470235E-02 
1495	 6.43829049330759E-02 
1496	 6.52423568137952E-02 
1497	 6.46996824255057E-02 
1498	 6.45872335928097E-02 
1499	 6.61972206096968E-02 
1500	 6.72659825824828E-02 
1501	 0.067836422104627 
1502	 6.85165462430347E-02 
1503	 6.91087998522189E-02 
1504	 0.070707506363318 
1505	 7.31980615910705E-02 
1506	 7.37698566604742E-02 
1507	 7.56423070059547E-02 
1508	 7.73802551564624E-02 
1509	 7.63966193403773E-02 
1510	 7.59325351929702E-02 
1511	 7.69872517246736E-02 
1512	 7.81462469112838E-02 
1513	 7.86385408248714E-02 
1514	 7.88604840405395E-02 
1515	 0.07977549301808 
1516	 8.07068383272561E-02 
1517	 8.13845057926435E-02 
1518	 8.24292914764432E-02 
1519	 8.29349704917324E-02 
1520	 0.082346391507944 
1521	 8.25571005818043E-02 
1522	 8.42491852026634E-02 
1523	 8.55633556160464E-02 
1524	 0.086265751486233 
1525	 8.76246720889405E-02 
1526	 8.86334879907797E-02 
1527	 8.77884393721665E-02 
1528	 0.087634149829653 
1529	 8.88931859985751E-02 
1530	 8.96872347594396E-02 
1531	 9.12573134895709E-02 
1532	 9.28296943422542E-02 
1533	 9.29241748854744E-02 
1534	 0.093218284409098 
1535	 9.42749650560197E-02 
1536	 9.52185151195891E-02 
1537	 9.57164560779954E-02 
1538	 9.60555509649824E-02 
1539	 9.65926137838012E-02 
1540	 9.70986260077026E-02 
1541	 9.75522791423821E-02 
1542	 9.84630081941225E-02 
1543	 9.92296953505879E-02 
1544	 9.99240078238713E-02 
1545	 0.101364567902752 
1546	 0.102299891712733 
1547	 0.102720528266018 
1548	 0.103508550443017 
1549	 0.104001073678421 
1550	 0.10452348887527 
1551	 0.105278002276033 
1552	 0.105495641855028 
1553	 0.105711889581463 
1554	 0.106722656682203 
1555	 0.107400460477579 
1556	 0.107368823536001 
1557	 0.107677694113782 
1558	 0.108039407685796 
1559	 0.108534739041131 
1560	 0.109613052718617 
1561	 0.110504564934151 
1562	 0.110646105309978 
1563	 0.110399797012229 
1564	 0.110509514245272 
1565	 0.110678710984225 
1566	 0.110493289004859 
1567	 0.110173950258463 
1568	 0.110635243849149 
1569	 0.111911898881712 
1570	 0.112649549624317 
1571	 0.112848040483683 
1572	 0.113520201375529 
1573	 0.114361449670041 
1574	 0.114152580770546 
1575	 0.115093015967059 
1576	 0.116436472929474 
1577	 0.115818308040648 
1578	 0.116507221711446 
1579	 0.117906540421653 
1580	 0.117908434906907 
1581	 0.118814562657948 
1582	 0.120295505545088 
1583	 0.120745893826514 
1584	 0.121217728208222 
1585	 0.121630758734616 
1586	 0.121323336333081 
1587	 0.12141332163133 
1588	 0.121995509226123 
1589	 0.121926307836623 
1590	 0.121851527375682 
1591	 0.122421310691021 
1592	 0.122623789345615 
1593	 0.122784528030998 
1594	 0.123625353456208 
1595	 0.123981419749683 
1596	 0.123764525476424 
1597	 0.124133357848002 
1598	 0.124500912495155 
1599	 0.124191506054052 
1600	 0.123908036606443 
1601	 0.1244537445906 
1602	 0.12514769250103 
1603	 0.124958756367134 
1604	 0.124895970635671 
1605	 0.125106780238613 
1606	 0.125376564861078 
1607	 0.126267267789552 
1608	 0.126991058449319 
1609	 0.127058729092695 
1610	 0.127059518089758 
1611	 0.127253675677988 
1612	 0.127957866040145 
1613	 0.12886041775397 
1614	 0.128779722488593 
1615	 0.12830498700717 
1616	 0.128891615374436 
1617	 0.130143304027912 
1618	 0.130789348426176 
1619	 0.131175383653928 
1620	 0.131342800782504 
1621	 0.131033577617229 
1622	 0.130961238018274 
1623	 0.131373296497799 
1624	 0.131827349078044 
1625	 0.131907161786944 
1626	 0.132325449689296 
1627	 0.132672822407594 
1628	 0.132779458638568 
1629	 0.1330522712396 
1630	 0.132529606258594 
1631	 0.132294099063876 
1632	 0.132824354448672 
1633	 0.133309320988331 
1634	 0.133739914691187 
1635	 0.134113232503346 
1636	 0.13450408158896 
1637	 0.134346325829082 
1638	 0.134187662834407 
1639	 0.134410053339394 
1640	 0.134205985680269 
1641	 0.133811811628783 
1642	 0.133867016370516 
1643	 0.134186309551306 
1644	 0.134309479514847 
1645	 0.134312182101593 
1646	 0.134026645706903 
1647	 0.133612078744852 
1648	 0.134245449127901 
1649	 0.135395420619163 
1650	 0.135977979552925 
1651	 0.136605084996494 
1652	 0.136808214543708 
1653	 0.136773481241304 
1654	 0.136845454318963 
1655	 0.13679717157725 
1656	 0.13656708765786 
1657	 0.136022084348202 
1658	 0.13605519448698 
1659	 0.136340300522791 
1660	 0.136735274061775 
1661	 0.137519277476094 
1662	 0.137644859593416 
1663	 0.137669640820914 
1664	 0.137886329560528 
1665	 0.137885296570126 
1666	 0.137816171337444 
1667	 0.137721635537824 
1668	 0.136915332395379 
1669	 0.136875851771384 
1670	 0.136434308710007 
1671	 0.136594773010875 
1672	 0.137648098264602 
1673	 0.137540889163985 
1674	 0.13694333291891 
1675	 0.137185958542834 
1676	 0.137838170299024 
1677	 0.137727369495694 
1678	 0.137376527158455 
1679	 0.137343364388546 
1680	 0.136698994329309 
1681	 0.137016616619356 
1682	 0.137910902042582 
1683	 0.13777534681258 
1684	 0.137173477731209 
1685	 0.136501630489928 
1686	 0.136670419823075 
1687	 0.136769876114353 
1688	 0.137585826068278 
1689	 0.138575530555234 
1690	 0.137979811664526 
1691	 0.137820970665338 
1692	 0.137434341598884 
1693	 0.136967093130534 
1694	 0.137269731935219 
1695	 0.137994471218944 
1696	 0.138540742891816 
1697	 0.137418986537248 
1698	 0.136637079094209 
1699	 0.13653857969062 
1700	 0.136348120653062 
1701	 0.136891995219625 
1702	 0.137180833127704 
1703	 0.136504436715468 
1704	 0.135036179872195 
1705	 0.134038988399073 
1706	 0.133795466074955 
1707	 0.133687489238758 
1708	 0.133476587418592 
1709	 0.133126415567138 
1710	 0.132941001915689 
1711	 0.132239421307912 
1712	 0.131772591940125 
1713	 0.132351772696036 
1714	 0.132619080072703 
1715	 0.132999564012744 
1716	 0.133829398289993 
1717	 0.132866237531537 
1718	 0.132135812952674 
1719	 0.132823018445214 
1720	 0.132547810184595 
1721	 0.132639605747666 
1722	 0.133020306952834 
1723	 0.131305986933723 
1724	 0.129636091638906 
1725	 0.13016079476084 
1726	 0.130625241335205 
1727	 0.129760702608841 
1728	 0.129253387449901 
1729	 0.128815369767837 
1730	 0.128771282787834 
1731	 0.129298852935383 
1732	 0.128955493271609 
1733	 0.127841328172842 
1734	 0.125807015604471 
1735	 0.124280979338538 
1736	 0.124677407970748 
1737	 0.125368240556343 
1738	 0.123543553898938 
1739	 0.121838449889573 
1740	 0.121682420950639 
1741	 0.120354220836945 
1742	 0.119978277378708 
1743	 0.121159946148575 
1744	 0.121782469633849 
1745	 0.121103594257418 
1746	 0.120340651743541 
1747	 0.120118866936639 
1748	 0.119525160584083 
1749	 0.1185618509537 
1750	 0.118175014379395 
1751	 0.118354851699307 
1752	 0.117549072450509 
1753	 0.116755935975876 
1754	 0.117323920208084 
1755	 0.116806613946174 
1756	 0.114789134178411 
1757	 0.115213103076479 
1758	 0.114405518356089 
1759	 0.111434372205642 
1760	 0.110114000265744 
1761	 0.110952382339782 
1762	 0.110690887718178 
1763	 0.110088138059268 
1764	 0.11010271167572 
1765	 0.109367358548428 
1766	 0.108982225372856 
1767	 0.110858704145732 
1768	 0.113379200979823 
1769	 0.112893889484113 
1770	 0.109176063711964 
1771	 0.106410185762362 
1772	 0.105076515665519 
1773	 0.10237550940755 
1774	 0.104831516736001 
1775	 0.106666695815466 
1776	 0.105432105088555 
1777	 0.103569691214825 
1778	 0.102249215216553 
1779	 9.89901483696567E-02 
1780	 9.71569553768723E-02 
1781	 9.65978812336828E-02 
1782	 9.54967191479996E-02 
1783	 9.48314548509374E-02 
1784	 9.29075418602602E-02 
1785	 8.82739348896259E-02 
1786	 9.03265262942553E-02 
1787	 0.096017873339153 
1788	 9.81471404041721E-02 
1789	 0.108835867370543 
1790	 0.100859150500256 
1791	 8.95814369516505E-02 
1792	 9.40719309522184E-02 
1793	 9.58559668817025E-02 
1794	 8.81650156614431E-02 
1795	 8.54717572015167E-02 
1796	 8.63171908016351E-02 
1797	 7.97771149799542E-02 
1798	 0.100551042767455 
1799	 0.132651582561879 
1800	 0.100943601048974 
1801	 0.091809968099905 
1802	 0.101252588802841 
1803	 0.090954522418978 
1804	 9.31131548341152E-02 
1805	 7.07461593008465E-02 
1806	-6.25346653681461E-02 
1807	-0.102318077693881 
1808	-1.67118298155879E-02 
1809	 0.010249531092463 
1810	 0.295715986202563 
1811	 0.337805662262648 
1812	-0.194717401209828 
1813	-0.346029552525341 
1814	-0.469875439126361 
1815	-0.453740323084772 
1816	-0.107113240800925 
1817	 1.79986887329546 
1818	-11.5010707129185 
1819	-3.95740575916608 
1820	 2.36779909753656 
1821	-0.128941660044312 
1822	-0.278132421658929 
1823	 0.125524954265285 
1824	 0.116138898929263 
1825	-0.813949676763517 
1826	-2.16028881059524 
1827	 0.243851171262522 
1828	-3.20028715433637E-02 
1829	-3.27050022325254 
1830	-5.10041205281143 
1831	 0.191002912271776 
1832	-0.373640888705906 
1833	-6.81463117806191E-03 
1834	-0.212748725438361 
1835	-0.686390279531307 
1836	-0.820949112693422 
1837	-1.25880412273883 
1838	-2.17173485541532 
1839	 10.6564610273639 
1840	-3.0134779553761 
1841	-1.21767238090669 
1842	 7.30184518207215 
1843	 34.9438011998723 
1844	-3.00209042573588 
1845	-2.30898266475092 
1846	-0.67613834753828 
1847	-0.320359627028241 
1848	 0.355131299209939 
1849	-2.1419384250463 
1850	-1.63827522985664 
1851	-0.713791992795999 
1852	-0.401631895262211 
1853	-0.525560129614498 
1854	-0.335111658258063 
1855	 0.309223038990259 
1856	 0.376259429555407 
1857	 9.602212942445E-04 
1858	-2.25380186315525E-02 
1859	 0.231427770072677 
1860	 3.66391998714694 
1861	 1.21410493943448 
1862	 1.23103227722734 
1863	 1.11866764212198 
1864	 0.902114510792691 
1865	 1.03565347525093 
1866	 1.29880359638341 
1867	 1.314666675134 
1868	 1.79521451809921 
1869	 1.73924039320078 
1870	 0.954947304736588 
1871	 0.474738188176201 
1872	 4.76589750535237E-02 
1873	-0.215284665394999 
1874	-3.83844682763156 
1875	 1.51378871066762 
1876	 1.4930371922012 
1877	 8.0091489189206 
1878	-14.209882525097 
1879	-3.00830697933408 
1880	-2.31619513020042 
1881	-1.94252751747387 
1882	-0.917599450469929 
1883	-1.28036380292135 
1884	-2.32185292143426 
1885	-0.551360964926201 
1886	-0.108851548193379 
1887	 1.59258693131341 
1888	 3.75454812070308 
1889	 4.11494543635432 
1890	 3.0861258296861 
1891	 3.80926192148546 
1892	 4.80167348710016 
1893	 2.06466795837751 
1894	 2.1882354065769 
1895	-7.01164178156387 
1896	-1.63858661448825 
1897	-2.17633113406654 
1898	-2.9181049423578 
1899	-1.08662596770614 
1900	-0.95304909995067 
1901	 3.5389728793561 
1902	 1.24732157616785 
1903	 2.17468115634488 
1904	 0.600184169598903 
1905	 1.05116690279394 
1906	 7.08102719651356E-02 
1907	-5.69415980760523 
1908	 11.8592892048638 
1909	 8.9493368555414 
1910	 7.40172089628988 
1911	 4.30763428643158 
1912	-0.759017689090493 
1913	-0.181023974605871 
1914	-1.13230766869436 
1915	-0.926201822205859 
1916	-1.00595744629799 
1917	-0.245507119091418 
1918	 33.1321152243667 
1919	-1.59445784690677 
1920	 28.4758872351414 
1921	 1.52499738379158 
1922	 0.77431717291079 
1923	 0.392672041756194 
1924	 0.196012828859755 
1925	 9.89456719776304E-02 
1926	-4.21087843259502E-02 
1927	-0.60557261957212 
1928	 7.02983824800645 
1929	-7.09131124325914E-02 
1930	-1.67071657882078E-02 
1931	-0.484084785453025 
1932	-6.92305370809842 
1933	 3.59790818806597 
1934	 1.18281805465926 
1935	 3.1626496964178 
1936	-19.951007331331 
1937	 62.0126360670686 
1938	-7.3616379611903 
1939	-13.5974104934356 
1940	 2.12192873346545 
1941	-9.44440797457254E-02 
1942	-0.500225848387735 
1943	-0.849841099917049 
1944	-0.842161271519163 
1945	-0.349449711180352 
1946	 1.07328457047621 
1947	 0.559443855117634 
1948	 0.417882674231233 
1949	-0.087937308222731 
1950	-0.228753022944589 
1951	 0.190344536191023 
1952	 0.386323419799815 
1953	 0.645515015525712 
1954	 0.700449952376873 
1955	 0.149063144039542 
1956	-4.47949178297392E-02 
1957	 0.071080358211923 
1958	-0.206840993591639 
1959	-0.282669991599774 
1960	-0.254139334774674 
1961	-0.282367036230372 
1962	-0.200455026450613 
1963	-8.70543880687403E-02 
1964	 2.11314489773903E-02 
1965	 0.126653221856282 
1966	 0.154910068218509 
1967	 0.168599323067234 
1968	 0.132194752590745 
1969	 6.92920148403443E-02 
1970	 2.61811943495364E-02 
1971	 5.80437086538077E-03 
1972	 4.47468778225465E-03 
1973	 4.54312796849869E-03 
1974	 1.75915280298139E-02 
1975	 1.14481728400709E-02 
1976	 1.01588940660131E-02 
1977	 1.96379041413713E-02 
1978	-2.2135061686095E-03 
1979	-1.43469131388252E-03 
1980	 3.14321158160839E-03 
1981	 1.41443708691168E-02 
1982	 1.00605295329891E-02 
1983	 2.85682121296552E-02 
1984	 2.06480611923774E-02 
1985	-4.7386094867575E-03 
1986	 9.2191917872867E-03 
1987	 1.91155924872823E-02 
1988	 2.80016543810148E-02 
1989	 4.52670639410817E-02 
1990	 4.81288533244353E-02 
1991	 3.30328285463115E-02 
1992	 1.19301203970907E-02 
1993	 4.62832781652716E-03 
1994	-3.62322611402901E-03 
1995	-1.81073440948065E-02 
1996	-1.66297585941003E-02 
1997	-2.56751825962733E-03 
1998	 1.19203138068492E-03 
1999	 2.65705741320952E-02 
2000	 4.82519517442453E-02 
2001	 6.38246500530749E-02 
2002	 5.32156602573685E-02 
2003	 1.81535799494923E-02 
2004	-1.03912943528877E-03 
2005	-4.53256605514671E-02 
2006	-4.66773090350158E-02 
2007	 4.33187973829799E-03 
2008	 0.015427386875148 
2009	 1.37046327864493E-02 
2010	-1.04795066403352E-02 
2011	 6.05147804312249E-03 
2012	 0.024860916342422 
2013	 0.049427232669651 
2014	 6.58541718351551E-02 
2015	 9.14057564680935E-02 
2016	 7.30280089514049E-02 
2017	 4.68324245930659E-02 
2018	 4.26725263689234E-02 
2019	 3.78469837891112E-02 
2020	 3.15028992993016E-02 
2021	 2.43039863849683E-02 
2022	 2.63286815434852E-02 
2023	 2.99601996229511E-02 
2024	 0.030162495307692 
2025	 3.05940861268313E-02 
2026	 2.90881668279609E-02 
2027	 2.77205888784579E-02 
2028	 1.95019337506785E-02 
2029	 0.01133527816533 
2030	 9.61691731109031E-03 
2031	 1.29576704088675E-02 
2032	 0.020612612630623 
2033	 2.71188008806961E-02 
2034	 3.00044365129182E-02 
2035	 2.15457171771663E-02 
2036	 1.08960075311096E-02 
2037	 1.03712571937447E-02 
2038	 9.74451910617713E-03 
2039	 1.07242111379624E-02 
2040	 2.01801710277942E-02 
2041	 2.54199031718368E-02 
2042	 2.50556064504721E-02 
2043	 0.027828290963273 
2044	 3.51078322706251E-02 
2045	 3.54172009659508E-02 
2046	 3.48764308796126E-02 
2047	 4.23178789351272E-02 
2048	 4.23495502216201E-02 
2049	 4.39590658966805E-02 
2050	 5.28287280477555E-02 
2051	 5.88153133840482E-02 
2052	 6.81292285721008E-02 
2053	 6.71868133159171E-02 
2054	 4.92112051734894E-02 
2055	 3.97210419908998E-02 
2056	 0.033844031087977 
2057	 2.67634610351486E-02 
2058	 2.88002705410465E-02 
2059	 0.042142650428399 
2060	 4.42687484786862E-02 
2061	 0.046192487645177 
2062	 4.64139744123138E-02 
2063	 3.76372570964173E-02 
2064	 4.24606797293567E-02 
2065	 4.83852456529097E-02 
2066	 4.08266592685769E-02 
2067	 4.23273979174722E-02 
2068	 4.59864889934399E-02 
2069	 4.24753350751775E-02 
2070	 4.42637930447581E-02 
2071	 3.37105576792083E-02 
2072	 2.01953306108748E-02 
2073	 1.98536930460853E-02 
2074	 2.27874274417715E-02 
2075	 2.75216246698331E-02 
2076	 4.72421875041303E-02 
2077	 5.31939089811435E-02 
2078	 5.12667066675227E-02 
2079	 5.07794414434588E-02 
2080	 4.66384866471031E-02 
2081	 4.56299297714557E-02 
2082	 4.47856995622794E-02 
2083	 4.51161050382699E-02 
2084	 4.90336410860947E-02 
2085	 4.58207081737654E-02 
2086	 4.44187352331408E-02 
2087	 4.77442603460429E-02 
2088	 0.0499923270459 
2089	 5.10133998407067E-02 
2090	 4.93147619545844E-02 
2091	 5.08429477564426E-02 
2092	 5.00976227087161E-02 
2093	 4.65991367016711E-02 
2094	 4.58374771585376E-02 
2095	 0.044519746450556 
2096	 0.046760972341296 
2097	 5.39533750936954E-02 
2098	 5.85711763186439E-02 
2099	 6.67136427314075E-02 
2100	 6.73962011473385E-02 
2101	 6.50776709642168E-02 
2102	 6.22164770102508E-02 
2103	 5.60328679803193E-02 
2104	 5.38583449439324E-02 
2105	 5.39246220014255E-02 
2106	 0.056389940603788 
2107	 5.91929146341668E-02 
2108	 5.88007429597478E-02 
2109	 5.88653605289449E-02 
2110	 5.76136086295084E-02 
2111	 5.68196351688307E-02 
2112	 5.78617352021165E-02 
2113	 5.83119519750389E-02 
2114	 5.63373986132423E-02 
2115	 5.89665129508645E-02 
2116	 6.79952075119539E-02 
2117	 6.78485530477057E-02 
2118	 6.55218288525819E-02 
2119	 6.33377954070012E-02 
2120	 5.43163238876155E-02 
2121	 4.94896370162602E-02 
2122	 5.18932434795235E-02 
2123	 5.14480262614975E-02 
2124	 5.02708550543865E-02 
2125	 5.12990856372295E-02 
2126	 5.42539068532286E-02 
2127	 6.06804893903247E-02 
2128	 6.91960347577157E-02 
2129	 7.17924628420391E-02 
2130	 7.15717538720535E-02 
2131	 7.13420829366846E-02 
2132	 7.03622805205931E-02 
2133	 6.80170294855522E-02 
2134	 6.66691553569133E-02 
2135	 6.56533947191853E-02 
2136	 6.48209947443194E-02 
2137	 6.39886063097933E-02 
2138	 6.47197028083532E-02 
2139	 6.75711136709569E-02 
2140	 6.76350510124933E-02 
2141	 6.55836073763497E-02 
2142	 6.53154399604741E-02 
2143	 6.54850002086221E-02 
2144	 6.45391556565768E-02 
2145	 0.062567190007523 
2146	 6.42975868858754E-02 
2147	 0.065197042400368 
2148	 6.10085351326117E-02 
2149	 5.77799432005116E-02 
2150	 5.76302167751212E-02 
2151	 6.31904840312587E-02 
2152	 6.97584609386726E-02 
2153	 7.62369702845085E-02 
2154	 8.06554713916706E-02 
2155	 0.077648542081448 
2156	 7.83747780602526E-02 
2157	 7.63802238857256E-02 
2158	 7.30868142871897E-02 
2159	 7.12782231575151E-02 
2160	 6.65752859602402E-02 
2161	 6.54425915296172E-02 
2162	 0.06798391383372 
2163	 7.01100229831163E-02 
2164	 7.49105092954998E-02 
2165	 7.57882128086406E-02 
2166	 0.075462819325783 
2167	 7.57150308642911E-02 
2168	 7.45377358007884E-02 
2169	 7.22219529880504E-02 
2170	 6.91283937787896E-02 
2171	 6.58289575425458E-02 
2172	 6.50580985510666E-02 
2173	 6.61255449940027E-02 
2174	 6.95307943357629E-02 
2175	 0.075486422792678 
2176	 7.32269904900704E-02 
2177	 6.87649156818225E-02 
2178	 7.04203935091748E-02 
2179	 7.07785104832375E-02 
2180	 7.59456985531718E-02 
2181	 8.16102025064833E-02 
2182	 8.22579570066077E-02 
2183	 8.02424598877237E-02 
2184	 7.58863765404192E-02 
2185	 7.58020388590631E-02 
2186	 7.67088957677249E-02 
2187	 0.081491232903477 
2188	 8.20727970352883E-02 
2189	 8.23019428940568E-02 
2190	 0.081481933852182 
2191	 0.075789411375594 
2192	 7.27015305037297E-02 
2193	 6.97106336797599E-02 
2194	 7.02926939872531E-02 
2195	 7.55941617681017E-02 
2196	 7.72323515111804E-02 
2197	 8.43713029428715E-02 
2198	 8.30377563361154E-02 
2199	 7.29517935443142E-02 
2200	 6.12647012752047E-02 
2201	 6.14960914060649E-02 
2202	 5.97429801906858E-02 
2203	 7.07298691503958E-02 
2204	 8.95021644210451E-02 
2205	 8.53638624348713E-02 
2206	 8.53629932330948E-02 
2207	 8.36500070639341E-02 
2208	 7.04261755939995E-02 
2209	 6.96456353142694E-02 
2210	 6.78980228640776E-02 
2211	 6.04740802462177E-02 
2212	 6.31386981013316E-02 
2213	 6.75942773631505E-02 
2214	 6.82438986024853E-02 
2215	 6.82233734545306E-02 
2216	 6.50963020277702E-02 
2217	 6.43216317741428E-02 
2218	 6.11489161319657E-02 
2219	 5.98808659241406E-02 
2220	 6.12082115596073E-02 
2221	 6.57171458744912E-02 
2222	 7.29654153023427E-02 
2223	 7.56193174366685E-02 
2224	 8.05674141903272E-02 
2225	 7.98705371758229E-02 
2226	 7.02032400804193E-02 
2227	 6.58797700110184E-02 
2228	 6.22294594959395E-02 
2229	 6.05124502687645E-02 
2230	 6.18452503240202E-02 
2231	 6.36599724500803E-02 
2232	 7.04433105845746E-02 
2233	 7.11810858756387E-02 
2234	 7.12130156385599E-02 
2235	 6.14877140504082E-02 
2236	 5.48897252044165E-02 
2237	 5.38663611505346E-02 
2238	 6.27091592104124E-02 
2239	 7.33137045521789E-02 
2240	 7.22117285916397E-02 
2241	 7.44259084381115E-02 
2242	 7.11532624364073E-02 
2243	 5.83178709580059E-02 
2244	 5.89969570561634E-02 
2245	 5.87149991413676E-02 
2246	 5.55509811501187E-02 
2247	 6.00805661189036E-02 
2248	 5.59469292222939E-02 
2249	 4.87842369599048E-02 
2250	 4.51505020064757E-02 
2251	 0.040891239687395 
2252	 3.92536194636176E-02 
2253	 4.86357934780081E-02 
2254	 6.37891942675904E-02 
2255	 6.50640811320595E-02 
2256	 0.068772662836904 
2257	 7.13806811367522E-02 
2258	 5.78564063133665E-02 
2259	 0.054767193363413 
2260	 5.24462121665199E-02 
2261	 0.053811812788555 
2262	 4.64504291002852E-02 
2263	 3.66439049743404E-02 
2264	 3.23122985489573E-02 
2265	 1.70643002892751E-02 
2266	 1.88169258959863E-02 
2267	 4.23389693437918E-02 
2268	 0.047883284502032 
2269	 5.59311527677515E-02 
2270	 6.03536073169051E-02 
2271	 5.11214618839637E-02 
2272	 4.68429059897548E-02 
2273	 4.30013498190632E-02 
2274	 3.81153822370172E-02 
2275	 0.035922836443761 
2276	 3.10916256700758E-02 
2277	 2.16581167629077E-02 
2278	 1.75710035492633E-02 
2279	 6.00944115184828E-03 
2280	 8.13888444870545E-03 
2281	 2.21012662576859E-02 
2282	 3.97870156353299E-02 
2283	 0.056626215705399 
2284	 6.85960157717536E-02 
2285	 5.95943355221369E-02 
2286	 5.22262107262931E-02 
2287	 3.85023054147838E-02 
2288	 3.63367951330823E-02 
2289	 5.00563191678756E-02 
2290	 4.36729024040288E-02 
2291	 4.74932892639761E-02 
2292	 0.047296757282591 
2293	 4.38065439034595E-02 
2294	 5.53888090726271E-02 
2295	 6.36645328640655E-02 
2296	 6.98996514558623E-02 
2297	 4.74362202055054E-02 
2298	 3.81424355483739E-02 
2299	 4.38006632474846E-02 
2300	 3.87451198448992E-02 
2301	 6.43497387056514E-02 
2302	 7.67329010142795E-02 
2303	 6.94666611679578E-02 
2304	 0.065114104967033 
2305	 4.09633206526024E-02 
2306	 2.16506689797073E-02 
2307	 2.69145379542846E-02 
2308	 3.24737649872243E-02 
2309	 4.20943296537547E-02 
2310	 4.73873100468321E-02 
2311	 5.07705483849844E-02 
2312	 5.20536039773225E-02 
2313	 4.68510853560232E-02 
2314	 5.31353813323793E-02 
2315	 4.62225734344865E-02 
2316	 4.80255375567845E-02 
2317	 6.34403293724035E-02 
2318	 6.68674367997114E-02 
2319	 7.59666739116096E-02 
2320	 7.74766394740241E-02 
2321	 7.53289357795328E-02 
2322	 8.37018159556018E-02 
2323	 8.76603509055538E-02 
2324	 9.20225182103182E-02 
2325	 9.25441212296851E-02 
2326	 7.47141596838456E-02 
2327	 7.52375638358582E-02 
2328	 7.91214967407854E-02 
2329	 6.51093013280781E-02 
2330	 5.37768043319863E-02 
2331	 2.82500994983513E-02 
2332	-6.51297300902648E-04 
2333	-8.85604358975672E-04 
2334	 2.83582913179047E-02 
2335	 4.96672933906948E-02 
2336	 4.83211790602826E-02 
2337	 2.53069676857426E-02 
2338	-2.81486178348234E-03 
2339	 6.46215614974792E-03 
2340	 4.07797753434195E-02 
2341	 8.98311441452202E-02 
2342	 0.085950081809274 
2343	 2.61601005489985E-02 
2344	-2.08938084205923E-02 
2345	-7.44591356396466E-02 
2346	-7.77046575534219E-02 
2347	-8.46327488649812E-02 
2348	-4.15630979326455E-02 
2349	-7.42273449092046E-03 
2350	-2.75093315522574E-02 
2351	 1.51094171669512E-02 
2352	-2.11035018599748E-02 
2353	-4.32037751431938E-02 
2354	-1.84711050879946E-02 
2355	-3.71306899957088E-02 
2356	-5.27247289990107E-02 
2357	-0.118931513077102 
2358	-0.107833420937688 
2359	-3.63343600853311E-02 
2360	-4.61571480830616E-02 
2361	-6.33426389074512E-02 
2362	-0.16407245233929 
2363	-0.190439813077569 
2364	-9.39945001933794E-02 
2365	-0.032446546647893 
2366	-2.78953541618701E-03 
2367	-6.97769166384277E-02 
2368	-5.07853832818567E-02 
2369	 4.61187313124735E-02 
2370	 8.04321244108137E-02 
2371	 0.14517273251224 
2372	 0.194722733557965 
2373	 5.24730430368477E-02 
2374	-4.16504301177033E-02 
2375	-9.53806007797586E-02 
2376	-0.260624994057048 
2377	-0.29459315678717 
2378	-0.21583294631858 
2379	-9.28070899265512E-03 
2380	 0.161776945142204 
2381	 0.271811333780233 
2382	 0.463129027135361 
2383	 0.45828792168064 
2384	 0.529749555103176 
2385	 0.456968198357135 
2386	 0.226153505499361 
2387	 0.292602220142231 
2388	 0.131060322161689 
2389	-0.290680653848333 
2390	-5.00898403236978E-02 
2391	-7.17949437893378E-02 
2392	-0.344936945494709 
2393	-0.169404916749262 
2394	-3.35694916318442E-02 
2395	-0.2845017468174 
2396	-0.226824636043788 
2397	-0.274539193741985 
2398	-0.491016998011704 
2399	-0.465078568021279 
2400	-0.398595119436688 
2401	 0.22113495994562 
2402	 0.411759945889819 
2403	 0.388908385404437 
2404	 0.456121355081131 
2405	 0.263000287429041 
2406	 4.40731264830151E-02 
2407	-0.365668246082019 
2408	-1.44548232327668 
2409	-4.28094801465823 
2410	-8.46587867492498 
2411	-1.38817931816723 
2412	-0.752435080634593 
2413	 0.168907525255863 
2414	 0.636204044530968 
2415	 0.918414595899238 
2416	 0.807409214939467 
2417	 0.857055889556518 
2418	 0.572191917391986 
2419	 0.275794486980582 
2420	 0.186012056153486 
2421	-0.4349690546273 
2422	 7.67837044554067E-02 
2423	 0.208597854586888 
2424	-1.03731118339346 
2425	-2.13496307373134 
2426	-29.9600000129682 
2427	 1.14878847092312 
2428	 1.15595096774039 
2429	 0.77739114906585 
2430	 1.4738405486278 
2431	 0.015029541343386 
2432	-0.140706903742476 
2433	 3.7539732445269 
2434	 0.719548356025594 
2435	-1.14371325970697E-02 
2436	 2.36397084623607E-03 
2437	 0.569272033794785 
2438	 0.440643162404718 
2439	 0.235499157510443 
2440	 0.416130125615036 
2441	-0.287016463462589 
2442	-0.587767965581198 
2443	-0.212048721810851 
2444	-0.403053219604205 
2445	-0.54300557688984 
2446	-0.3392217185263 
2447	-0.421887498475073 
2448	-0.545424154105137 
2449	-1.15257345701678 
2450	-1.63463653031728 
2451	-1.90551564164247 
2452	-1.1419053718611 
2453	-0.798136875785956 
2454	-0.737619125608378 
2455	 0.252347358899173 
2456	-2.45131084309482E-02 
2457	-8.7232616675375E-03 
2458	 3.76233847498831E-02 
2459	-0.077893827346474 
2460	-0.21260323573551 
2461	-0.320874559860777 
2462	-0.75184931131033 
2463	-1.31441854045935 
2464	-0.501451957995101 
2465	-5.32073175962423 
2466	-2.98031658389973 
2467	-1.30621952640196 
2468	-0.496265120146321 
2469	 0.356566904975096 
2470	 0.891090339277831 
2471	 0.602585902412657 
2472	 4.59611846836071E-02 
2473	-0.326082456024077 
2474	-0.219223028824689 
2475	 0.196538352263482 
2476	 0.469221145619063 
2477	 4.37997156705232 
2478	-1.91094964740038 
2479	-0.686482086520315 
2480	-9.24022193309302 
2481	 4.84858622136052 
2482	 2.14117284557137 
2483	 1.06598086096281 
2484	 2.43178413568689 
2485	 2.59473439726148 
2486	 1.22438089742979 
2487	 1.39409578660095 
2488	 0.432094033073686 
2489	-4.73449423008721E-02 
2490	 0.050355959420801 
2491	 9.67940586717024E-03 
2492	 0.139192118272032 
2493	 0.457206766080525 
2494	 1.4118869131087 
2495	 2.38091437545793 
2496	 3.34830477440894 
2497	 1.96771554247956 
2498	 1.74815519090859 
2499	-2.21386982415746 
2500	-2.04893380758101 
