Wavelength	rt0713east_far00008.asd
350	 7.94631009052978E-02 
351	 7.96846942307568E-02 
352	 7.93305961298843E-02 
353	 7.92819751573115E-02 
354	 0.079585505905017 
355	 7.81581015328149E-02 
356	 7.78401731411782E-02 
357	 7.84561490242435E-02 
358	 7.89564272366054E-02 
359	 7.91770476637492E-02 
360	 7.88678289207606E-02 
361	 7.82429604830457E-02 
362	 7.78485922714015E-02 
363	 0.078311444213403 
364	 7.85015322834001E-02 
365	 7.80521138856125E-02 
366	 7.80583586051015E-02 
367	 7.77151202602637E-02 
368	 7.77276882943573E-02 
369	 7.85713503473341E-02 
370	 7.85868840230519E-02 
371	 0.078632978672325 
372	 7.87940189014656E-02 
373	 7.87201253658632E-02 
374	 0.078575084539218 
375	 7.85136721705098E-02 
376	 7.86397449102824E-02 
377	 7.89796416203909E-02 
378	 0.079236518819426 
379	 7.92590742758149E-02 
380	 7.90101315349915E-02 
381	 7.85226864231199E-02 
382	 7.89028008333843E-02 
383	 7.97089039258015E-02 
384	 7.98302341404239E-02 
385	 7.93348879310805E-02 
386	 7.99949017319958E-02 
387	 8.12699262096846E-02 
388	 8.01427757909399E-02 
389	 7.98394061407778E-02 
390	 8.05357857506896E-02 
391	 8.14777783524435E-02 
392	 8.13365213646918E-02 
393	 8.09187331921198E-02 
394	 8.08598463950815E-02 
395	 8.14031498036989E-02 
396	 8.12699511230679E-02 
397	 0.081337450522619 
398	 0.081714793532073 
399	 8.17808991505304E-02 
400	 8.17766081910893E-02 
401	 8.19306924233246E-02 
402	 8.22515289189624E-02 
403	 8.22726302228628E-02 
404	 8.23064751671835E-02 
405	 8.24414781473337E-02 
406	 8.26414365930608E-02 
407	 0.082655685339021 
408	 8.27582102641182E-02 
409	 8.30027139473727E-02 
410	 8.31980004431184E-02 
411	 8.32766891420768E-02 
412	 8.33171052674258E-02 
413	 8.33878549878817E-02 
414	 8.34231657991007E-02 
415	 8.38013870116291E-02 
416	 8.42528938840582E-02 
417	 8.43624982528738E-02 
418	 8.46131193848841E-02 
419	 8.48392776185115E-02 
420	 8.50192936296535E-02 
421	 8.53235990838204E-02 
422	 8.54416782069154E-02 
423	 8.55901415022644E-02 
424	 8.59628948974128E-02 
425	 8.64121684949067E-02 
426	 8.66637109608118E-02 
427	 8.69427121071023E-02 
428	 0.087579059638005 
429	 8.77217400967443E-02 
430	 8.80237644702378E-02 
431	 8.85859003519227E-02 
432	 8.87165945600261E-02 
433	 8.90460662434015E-02 
434	 8.95529485467524E-02 
435	 9.00524230356999E-02 
436	 9.03193926162344E-02 
437	 9.06430725597631E-02 
438	 9.10600265076662E-02 
439	 9.14551598095748E-02 
440	 9.17336662168055E-02 
441	 9.21222104272472E-02 
442	 9.26442711401313E-02 
443	 9.29799826988142E-02 
444	 9.32818869116813E-02 
445	 9.36010949421759E-02 
446	 9.39488214639366E-02 
447	 9.42737120635109E-02 
448	 9.46991600995923E-02 
449	 9.51016106464002E-02 
450	 9.52285641548842E-02 
451	 9.56311049808968E-02 
452	 9.60117536683403E-02 
453	 9.61734390220827E-02 
454	 9.63528484235625E-02 
455	 0.096795172038621 
456	 9.71505878745148E-02 
457	 0.097078901408571 
458	 9.76046357557093E-02 
459	 0.097863908728224 
460	 9.77995397627702E-02 
461	 9.82185171914565E-02 
462	 9.85122671924413E-02 
463	 9.87361496295495E-02 
464	 9.90051286205459E-02 
465	 9.92457278697966E-02 
466	 9.93593320253405E-02 
467	 9.94564421985076E-02 
468	 9.97173670678737E-02 
469	 9.99660769049783E-02 
470	 0.100177325268899 
471	 0.100368697239354 
472	 0.100595081471887 
473	 0.100697168375111 
474	 0.10093885855668 
475	 0.101485811941232 
476	 0.101782288161153 
477	 0.101964355088421 
478	 0.102209709841641 
479	 0.102672142868538 
480	 0.102926787369216 
481	 0.103131806976793 
482	 0.103442437677015 
483	 0.103848529043867 
484	 0.104241121689313 
485	 0.104548119923518 
486	 0.10478265503532 
487	 0.105270332561018 
488	 0.105755805025256 
489	 0.106127581449783 
490	 0.106451401913802 
491	 0.106779156230824 
492	 0.107222060971347 
493	 0.107774666460791 
494	 0.10809903425614 
495	 0.108480208323415 
496	 0.10893407257115 
497	 0.109348058891646 
498	 0.109739277489255 
499	 0.110244479811509 
500	 0.110845957290389 
501	 0.111276288383481 
502	 0.111666831598231 
503	 0.112114558711276 
504	 0.112659661914954 
505	 0.113146743499493 
506	 0.113638181020409 
507	 0.11418292925919 
508	 0.114801616630888 
509	 0.115319877620333 
510	 0.115800498400514 
511	 0.116317178608532 
512	 0.116873516391291 
513	 0.117494114827688 
514	 0.11806635853865 
515	 0.118490463617919 
516	 0.119250438961149 
517	 0.11996720423429 
518	 0.120465514852301 
519	 0.120922175193771 
520	 0.121586375781062 
521	 0.122325580293919 
522	 0.122954010718684 
523	 0.123415753792059 
524	 0.123986165839642 
525	 0.124676913532915 
526	 0.125320223898344 
527	 0.12604014585708 
528	 0.126663565830441 
529	 0.127179359167868 
530	 0.127990094252319 
531	 0.128730092843275 
532	 0.129365864196216 
533	 0.129967508065452 
534	 0.130427182581541 
535	 0.131044604661599 
536	 0.131864986573631 
537	 0.132620414525798 
538	 0.133170239335384 
539	 0.133768879485695 
540	 0.134594380449699 
541	 0.135241579927341 
542	 0.135802979370863 
543	 0.136407636339189 
544	 0.137174446442294 
545	 0.137826630797121 
546	 0.138487778362637 
547	 0.139201572414947 
548	 0.139740805177708 
549	 0.140436380438345 
550	 0.141174131769185 
551	 0.141757078004094 
552	 0.142491880047621 
553	 0.143209363694878 
554	 0.143827011184989 
555	 0.144389081697691 
556	 0.145057126432912 
557	 0.145727127783322 
558	 0.146303837835635 
559	 0.14700604404203 
560	 0.14744661225615 
561	 0.147787523086808 
562	 0.148472413431776 
563	 0.148962113331674 
564	 0.149447344093051 
565	 0.150003015551157 
566	 0.150279809958774 
567	 0.150670752948448 
568	 0.151119944359286 
569	 0.15146059288333 
570	 0.151922758721182 
571	 0.152343802254486 
572	 0.15270754483288 
573	 0.153168655197367 
574	 0.153342339822973 
575	 0.153535254716956 
576	 0.153999247755122 
577	 0.154282288781488 
578	 0.154570697273574 
579	 0.154872485298017 
580	 0.155110792306653 
581	 0.155518961048712 
582	 0.155802699230527 
583	 0.155817001310902 
584	 0.155795159161776 
585	 0.155727025131352 
586	 0.155569966602836 
587	 0.155277111630229 
588	 0.154896865502824 
589	 0.154756522929887 
590	 0.154908841487356 
591	 0.155078466142291 
592	 0.154980523208241 
593	 0.154773582433685 
594	 0.154663178587783 
595	 0.154675885169293 
596	 0.154645394957001 
597	 0.154516949155432 
598	 0.154316740851098 
599	 0.154129124035611 
600	 0.154027086031959 
601	 0.15399341825687 
602	 0.153867935417736 
603	 0.153670924993598 
604	 0.153609413402821 
605	 0.153821189504602 
606	 0.153743546186966 
607	 0.153801970261935 
608	 0.15399991928157 
609	 0.153881492372416 
610	 0.153957395747197 
611	 0.154061411097636 
612	 0.15403129011203 
613	 0.154146485985831 
614	 0.1542953411384 
615	 0.154348274396138 
616	 0.154226785336642 
617	 0.15441687490718 
618	 0.1545964777057 
619	 0.154596749602053 
620	 0.15463074039712 
621	 0.154717262520762 
622	 0.154701580462522 
623	 0.154504013230961 
624	 0.154729289880991 
625	 0.154789257223922 
626	 0.154579680081819 
627	 0.154505735270316 
628	 0.1547641997987 
629	 0.154955602134312 
630	 0.154853967497951 
631	 0.155012078564367 
632	 0.15507565185958 
633	 0.15505051278906 
634	 0.155105080591897 
635	 0.155267139588236 
636	 0.155344299925908 
637	 0.15531000141949 
638	 0.155400846684737 
639	 0.155538328733539 
640	 0.155622181225761 
641	 0.155573226335112 
642	 0.155435782355376 
643	 0.155344801076145 
644	 0.155163306266272 
645	 0.154574604466843 
646	 0.154261255786632 
647	 0.15416259895477 
648	 0.154135714028807 
649	 0.154233587302097 
650	 0.154178126952093 
651	 0.15397769674707 
652	 0.153752299891531 
653	 0.153458921044136 
654	 0.153078876816795 
655	 0.15265193902008 
656	 0.152347562232122 
657	 0.152110987659779 
658	 0.151926387965088 
659	 0.151753179489364 
660	 0.151456246568133 
661	 0.151141323731807 
662	 0.150880304039701 
663	 0.150711499202907 
664	 0.150482493809339 
665	 0.150340276900291 
666	 0.150289328539755 
667	 0.150011903817994 
668	 0.149751054699612 
669	 0.149634745362794 
670	 0.149708611061267 
671	 0.149818549831847 
672	 0.149888696119987 
673	 0.149881052056993 
674	 0.149806614674528 
675	 0.150001631354238 
676	 0.150153101902072 
677	 0.150052383475312 
678	 0.150037263346975 
679	 0.150286298039519 
680	 0.150690761411605 
681	 0.150999196179322 
682	 0.151124039057049 
683	 0.151302285093841 
684	 0.151512570792046 
685	 0.151346859668644 
686	 0.151034373905495 
687	 0.150950635959952 
688	 0.151251813378883 
689	 0.151313872457663 
690	 0.151300178842549 
691	 0.151195639020943 
692	 0.150898685755772 
693	 0.150617282906228 
694	 0.150643855955174 
695	 0.150946477537451 
696	 0.151086446607574 
697	 0.150699788630208 
698	 0.149998193034136 
699	 0.14942895497711 
700	 0.149213054124265 
701	 0.148922805581027 
702	 0.148548162660439 
703	 0.148386369150163 
704	 0.147942735076813 
705	 0.147357648349578 
706	 0.14678177704197 
707	 0.146119076926404 
708	 0.145438035878938 
709	 0.144750023294447 
710	 0.144008704252243 
711	 0.142998770012095 
712	 0.141823612019097 
713	 0.140474357890882 
714	 0.138755037573199 
715	 0.136641714703103 
716	 0.13428921963124 
717	 0.132193730480904 
718	 0.130330385454462 
719	 0.129357222823758 
720	 0.128849041469728 
721	 0.127965120923935 
722	 0.126400392100121 
723	 0.124128741704902 
724	 0.121847192872782 
725	 0.120493467160383 
726	 0.118934077228902 
727	 0.117162462914689 
728	 0.115305462869863 
729	 0.112946452050873 
730	 0.11092507591483 
731	 0.109472450814432 
732	 0.108270555474481 
733	 0.106935741739895 
734	 0.105519214194356 
735	 0.104210094619057 
736	 0.10333224692961 
737	 0.102838389655205 
738	 0.102487353696706 
739	 0.102128480787728 
740	 0.101989906666506 
741	 0.102025762936802 
742	 0.102076400347728 
743	 0.101958597514222 
744	 0.101778543851107 
745	 0.101761373220323 
746	 0.10192069900498 
747	 0.10197891148482 
748	 0.101854872205427 
749	 0.101742967609679 
750	 0.101806896150978 
751	 0.101868978973222 
752	 0.101703296127303 
753	 0.101495888106385 
754	 0.101596413001032 
755	 0.101648922756226 
756	 0.101598609831878 
757	 0.101406432274075 
758	 0.100894555196086 
759	 0.100227842963185 
760	 0.099357699406181 
761	 9.88457855936635E-02 
762	 9.94101578226286E-02 
763	 0.100072233203291 
764	 0.100590449828205 
765	 0.101093732843365 
766	 0.101732434854994 
767	 0.102136543490859 
768	 0.102317701014205 
769	 0.102614508835781 
770	 0.102739534944178 
771	 0.102953659683593 
772	 0.103369690189244 
773	 0.103388727251302 
774	 0.103627878402862 
775	 0.103977407556215 
776	 0.104091176709637 
777	 0.104232720502155 
778	 0.10464702351474 
779	 0.105130614915922 
780	 0.10510106633687 
781	 0.105499158505148 
782	 0.105944778152351 
783	 0.10613698562871 
784	 0.106535790890559 
785	 0.106718860196514 
786	 0.106755566931415 
787	 0.106909876189727 
788	 0.107414501779646 
789	 0.107889710965275 
790	 0.108236997130921 
791	 0.108655232487811 
792	 0.109527944910665 
793	 0.110019648709034 
794	 0.10991046313624 
795	 0.110205919716023 
796	 0.110730390218167 
797	 0.111217145717586 
798	 0.111520703682907 
799	 0.112026288944784 
800	 0.112199114687415 
801	 0.112178831748565 
802	 0.112448660770338 
803	 0.112763843958916 
804	 0.113177453347743 
805	 0.113581603017131 
806	 0.113686663648306 
807	 0.113327445316212 
808	 0.113047268945375 
809	 0.113047481533073 
810	 0.1121855163056 
811	 0.111517676322052 
812	 0.110876017246125 
813	 0.109777108741474 
814	 0.109274700477572 
815	 0.108717493897076 
816	 0.107972110128192 
817	 0.107457175799273 
818	 0.107523159992829 
819	 0.107495189784677 
820	 0.107000056312346 
821	 0.106069330717484 
822	 0.104680215370242 
823	 0.103351934661261 
824	 0.102335188147453 
825	 0.100927503637322 
826	 9.89916901513609E-02 
827	 0.097010467253046 
828	 9.56538204300715E-02 
829	 9.39048718348846E-02 
830	 9.22825068165077E-02 
831	 9.09600129750192E-02 
832	 8.98739047492163E-02 
833	 8.93820024007318E-02 
834	 8.89698652092984E-02 
835	 8.82764975151177E-02 
836	 8.72944002040468E-02 
837	 8.71687871129227E-02 
838	 8.72147415438819E-02 
839	 8.68020047296129E-02 
840	 8.64754269841065E-02 
841	 8.63524722397197E-02 
842	 8.62785831896402E-02 
843	 8.60379865997172E-02 
844	 8.57711562512264E-02 
845	 8.51028787020454E-02 
846	 0.084578605814272 
847	 8.50824245707874E-02 
848	 8.45560981918243E-02 
849	 8.38329110837589E-02 
850	 8.35927368529476E-02 
851	 8.38048566445848E-02 
852	 8.33544261984341E-02 
853	 8.27892789639701E-02 
854	 8.25525302702889E-02 
855	 8.20109617035684E-02 
856	 8.19766457744976E-02 
857	 8.20484673997091E-02 
858	 8.17956340592148E-02 
859	 8.19860528635467E-02 
860	 8.15677688628204E-02 
861	 0.081032608760628 
862	 8.13290364330244E-02 
863	 8.09492925219098E-02 
864	 8.07492015284152E-02 
865	 8.05941858760059E-02 
866	 7.95806695854071E-02 
867	 8.00115040620461E-02 
868	 7.98930574533633E-02 
869	 7.88018520955316E-02 
870	 7.89976860346994E-02 
871	 7.85716814042428E-02 
872	 7.82020942705178E-02 
873	 7.83406297888545E-02 
874	 7.77075377025032E-02 
875	 7.71603638927606E-02 
876	 7.66109874264523E-02 
877	 7.59410586873913E-02 
878	 7.60162840489302E-02 
879	 7.58370842294951E-02 
880	 7.52843301894086E-02 
881	 7.47136301434056E-02 
882	 7.43191274554839E-02 
883	 7.39631116215122E-02 
884	 7.36673090544477E-02 
885	 7.35462040977074E-02 
886	 7.33468645476946E-02 
887	 0.072796430829351 
888	 7.21809548769556E-02 
889	 7.22576006567117E-02 
890	 7.09350096923578E-02 
891	 7.03909567971623E-02 
892	 7.14349803692778E-02 
893	 7.06902038126681E-02 
894	 6.94291694989006E-02 
895	 6.84256436314166E-02 
896	 6.80903006556468E-02 
897	 6.78109890930593E-02 
898	 6.71373416269482E-02 
899	 6.63406918008857E-02 
900	 0.066010342235726 
901	 0.066667780270378 
902	 6.70351139565545E-02 
903	 6.66911444616388E-02 
904	 6.57199930546137E-02 
905	 6.45505277954043E-02 
906	 6.47751751588352E-02 
907	 6.53000610362823E-02 
908	 6.36387447287978E-02 
909	 6.40426103657583E-02 
910	 6.38713362622224E-02 
911	 6.28283242305442E-02 
912	 6.30426366357992E-02 
913	 6.25427396114408E-02 
914	 6.19506052765585E-02 
915	 6.15392638692971E-02 
916	 6.08421993937934E-02 
917	 5.99680306725102E-02 
918	 5.94141040334308E-02 
919	 5.90965861464689E-02 
920	 5.82274668573398E-02 
921	 5.94832757826542E-02 
922	 5.93508999736437E-02 
923	 5.64105038133249E-02 
924	 5.62227230523837E-02 
925	 5.71339961926545E-02 
926	 5.64586564671396E-02 
927	 5.26988958910403E-02 
928	 5.13695613844191E-02 
929	 5.33631137062403E-02 
930	 0.05453284316642 
931	 4.91241164639017E-02 
932	 5.42280205888291E-02 
933	 5.57378619035433E-02 
934	 4.93512092291997E-02 
935	 4.28516164097415E-02 
936	 4.80346813671124E-02 
937	 5.05650386046094E-02 
938	 4.61080465305285E-02 
939	 3.84178151344136E-02 
940	 4.75314858267154E-02 
941	 0.049991114349647 
942	 4.31708711762935E-02 
943	 0.037193112004708 
944	 4.51388877373195E-02 
945	 4.51102168527031E-02 
946	 3.88481480016745E-02 
947	 4.14781684053608E-02 
948	 4.68382184010534E-02 
949	 4.25889581903435E-02 
950	 3.64176901312767E-02 
951	 0.043347159632114 
952	 4.38088316309964E-02 
953	 4.18642672028233E-02 
954	 3.82315875444508E-02 
955	 3.26078604431194E-02 
956	 3.95582684225512E-02 
957	 4.32292128708534E-02 
958	 4.18098771616376E-02 
959	 4.32440520933199E-02 
960	 4.13276263680164E-02 
961	 4.09729614277054E-02 
962	 4.17883335687489E-02 
963	 4.01970643490464E-02 
964	 4.02774371396259E-02 
965	 4.14107077174154E-02 
966	 4.36863907132039E-02 
967	 4.72265291648849E-02 
968	 4.67496233333129E-02 
969	 4.35952509526601E-02 
970	 4.18347923586246E-02 
971	 0.045709468610038 
972	 4.64036325578527E-02 
973	 4.21711171937644E-02 
974	 3.95635447370555E-02 
975	 4.82975223171666E-02 
976	 4.36235702373067E-02 
977	 4.06724982926392E-02 
978	 4.29805615122634E-02 
979	 4.14398756950699E-02 
980	 4.35024061436561E-02 
981	 4.39339008770439E-02 
982	 4.32283505198931E-02 
983	 0.0460350394462 
984	 4.61735355064777E-02 
985	 4.47766465123926E-02 
986	 4.32901143398164E-02 
987	 4.28375679609853E-02 
988	 0.044801196765157 
989	 4.68982200668151E-02 
990	 4.67144448811127E-02 
991	 0.043426309726112 
992	 4.34196572589256E-02 
993	 4.67351381278914E-02 
994	 4.79956100070735E-02 
995	 4.20673539795664E-02 
996	 4.39736496929402E-02 
997	 4.87742171605355E-02 
998	 4.99828241340072E-02 
999	 4.45241831254768E-02 
1000	 4.49895373887258E-02 
1001	 4.11480384485909E-02 
1002	 4.11022561188313E-02 
1003	 4.14414353101614E-02 
1004	 4.20485566730917E-02 
1005	 4.22330626427458E-02 
1006	 4.26227668389952E-02 
1007	 4.27449642568392E-02 
1008	 4.16449287382965E-02 
1009	 4.13541817017038E-02 
1010	 4.11557667425064E-02 
1011	 0.041006071382012 
1012	 4.15806630437202E-02 
1013	 4.18732468851291E-02 
1014	 4.21213977759038E-02 
1015	 4.21590631088095E-02 
1016	 4.23524719419627E-02 
1017	 4.26768168880436E-02 
1018	 4.28178120912376E-02 
1019	 4.30866075936101E-02 
1020	 4.31822007191582E-02 
1021	 4.29364991259017E-02 
1022	 4.28756553586576E-02 
1023	 0.042867142498649 
1024	 4.30595296485161E-02 
1025	 4.36017423901407E-02 
1026	 4.36869152210499E-02 
1027	 4.41338731972188E-02 
1028	 4.47637380284238E-02 
1029	 4.51395904994097E-02 
1030	 4.57609801503412E-02 
1031	 4.59935733874285E-02 
1032	 4.58400498064473E-02 
1033	 4.57893794618923E-02 
1034	 4.55520536742754E-02 
1035	 4.54434177923176E-02 
1036	 4.53451315639985E-02 
1037	 4.52568110540257E-02 
1038	 4.51419179023979E-02 
1039	 4.50898318411943E-02 
1040	 4.52327644107853E-02 
1041	 4.55957713247595E-02 
1042	 4.63002563284454E-02 
1043	 4.77715833614962E-02 
1044	 4.81611127866647E-02 
1045	 4.85048575950679E-02 
1046	 4.84594967091834E-02 
1047	 4.73745395291523E-02 
1048	 4.71456345952473E-02 
1049	 4.71819204475366E-02 
1050	 4.71569436220582E-02 
1051	 4.74419009135852E-02 
1052	 4.74903003329341E-02 
1053	 4.69698654691326E-02 
1054	 4.72290221875578E-02 
1055	 4.83490623355562E-02 
1056	 4.87990680887584E-02 
1057	 4.91563900512664E-02 
1058	 4.99616795251857E-02 
1059	 4.99261856994313E-02 
1060	 4.89862871502288E-02 
1061	 4.85176284286687E-02 
1062	 4.76622246836958E-02 
1063	 4.76509748639985E-02 
1064	 4.81014276949318E-02 
1065	 4.83620447652793E-02 
1066	 4.94963446271301E-02 
1067	 4.97220686542688E-02 
1068	 4.90552606850157E-02 
1069	 4.88761753594852E-02 
1070	 4.86948384617536E-02 
1071	 0.048437883867638 
1072	 4.80382811994153E-02 
1073	 0.048107464892637 
1074	 4.82014398600015E-02 
1075	 4.82370174886567E-02 
1076	 4.82684486342009E-02 
1077	 4.87987431250196E-02 
1078	 4.87243893186605E-02 
1079	 4.81408465503727E-02 
1080	 4.78624868153906E-02 
1081	 4.74129980935369E-02 
1082	 4.72212922964547E-02 
1083	 4.73390879152412E-02 
1084	 4.72080905066417E-02 
1085	 4.71191853937846E-02 
1086	 0.046953917579393 
1087	 4.64983625017038E-02 
1088	 4.62054576671118E-02 
1089	 4.59981352869113E-02 
1090	 4.57882660923375E-02 
1091	 4.56882748804594E-02 
1092	 4.57593266388039E-02 
1093	 4.55580593084437E-02 
1094	 0.045304524658083 
1095	 4.51601990843101E-02 
1096	 4.48752234215987E-02 
1097	 0.044520172264595 
1098	 4.43738587463337E-02 
1099	 4.39433257303277E-02 
1100	 4.28134882214162E-02 
1101	 4.24087013592759E-02 
1102	 4.25473926181402E-02 
1103	 4.23852282367282E-02 
1104	 4.23817551867592E-02 
1105	 4.25493053667064E-02 
1106	 4.22507810383468E-02 
1107	 4.10184467569688E-02 
1108	 0.041172026826968 
1109	 4.19008919332842E-02 
1110	 4.17953621063556E-02 
1111	 4.21686331122125E-02 
1112	 4.19835288703671E-02 
1113	 3.98299392544908E-02 
1114	 0.03966309511722 
1115	 4.12763700346406E-02 
1116	 4.18034343129358E-02 
1117	 0.043811750904368 
1118	 4.32022487934199E-02 
1119	 3.83590474464857E-02 
1120	 3.64857436193358E-02 
1121	 3.21209732637432E-02 
1122	 0.030542690341864 
1123	 4.85389718460657E-02 
1124	 5.48888100668894E-02 
1125	 5.38979008189667E-02 
1126	 5.72467959460888E-02 
1127	 4.66543909693998E-02 
1128	 4.47576872745908E-02 
1129	 4.49679180659935E-02 
1130	 5.24185507717997E-02 
1131	 5.00839380443071E-02 
1132	 0.04542646022269 
1133	 4.26259367450904E-02 
1134	 3.96860335394671E-02 
1135	 3.71086793722761E-02 
1136	 3.03598771616842E-02 
1137	 3.11639608333059E-02 
1138	 3.45608515207869E-02 
1139	 3.93504261699923E-02 
1140	 4.46171022337999E-02 
1141	 4.79766839865958E-02 
1142	 4.33796981825279E-02 
1143	 3.62215563290204E-02 
1144	 3.37135764992769E-02 
1145	 3.86494633512693E-02 
1146	 4.53683522021593E-02 
1147	 4.77190176377807E-02 
1148	 0.045676513399153 
1149	 4.04199640722824E-02 
1150	 3.91068760566263E-02 
1151	 0.03757709574092 
1152	 3.81866306602008E-02 
1153	 4.22593206079985E-02 
1154	 4.21124502306261E-02 
1155	 4.06730349440428E-02 
1156	 3.92169315744429E-02 
1157	 3.70573517981633E-02 
1158	 3.69951976450143E-02 
1159	 3.70939002600793E-02 
1160	 3.62164724692378E-02 
1161	 3.65984756689821E-02 
1162	 3.77092710448017E-02 
1163	 3.76342830850745E-02 
1164	 3.67162160013124E-02 
1165	 3.70185733610219E-02 
1166	 3.71189446437862E-02 
1167	 3.65937511405226E-02 
1168	 0.037142219807214 
1169	 3.82154018798762E-02 
1170	 3.85262940386276E-02 
1171	 3.83051591784392E-02 
1172	 3.79797511758848E-02 
1173	 3.81632049672761E-02 
1174	 3.79201119738766E-02 
1175	 3.75459520090425E-02 
1176	 3.84064411641209E-02 
1177	 3.87435660718101E-02 
1178	 3.83209719258724E-02 
1179	 3.83966125347425E-02 
1180	 3.85315748029743E-02 
1181	 3.88649339310169E-02 
1182	 3.95893724546596E-02 
1183	 3.96167990139678E-02 
1184	 3.91444725750012E-02 
1185	 3.93692021396632E-02 
1186	 0.039399745901545 
1187	 3.86029406555574E-02 
1188	 3.85571363342496E-02 
1189	 3.89645654920438E-02 
1190	 3.87099885436619E-02 
1191	 3.86377012628357E-02 
1192	 3.88458104675476E-02 
1193	 3.92059385975088E-02 
1194	 3.91251284077671E-02 
1195	 3.92428605484564E-02 
1196	 0.039779211060532 
1197	 4.01945089218867E-02 
1198	 3.98376724055526E-02 
1199	 3.91580133378528E-02 
1200	 3.90990270050132E-02 
1201	 3.90336456331115E-02 
1202	 3.90049517226619E-02 
1203	 3.97451385658695E-02 
1204	 4.00560864464046E-02 
1205	 3.98537819671481E-02 
1206	 0.039782776699487 
1207	 3.93027955867401E-02 
1208	 3.93962302966058E-02 
1209	 4.00328258488861E-02 
1210	 3.97438588984338E-02 
1211	 3.97278092358941E-02 
1212	 4.04100150739738E-02 
1213	 4.02083175822515E-02 
1214	 3.98310950120058E-02 
1215	 3.93866312731976E-02 
1216	 3.95704288387339E-02 
1217	 3.93449693754857E-02 
1218	 3.92682736134859E-02 
1219	 3.98360331831538E-02 
1220	 3.97031700142868E-02 
1221	 3.91231298187628E-02 
1222	 3.90614538834113E-02 
1223	 3.92421856601933E-02 
1224	 3.94618154647942E-02 
1225	 3.99542685253488E-02 
1226	 4.03638064206411E-02 
1227	 4.02625505143351E-02 
1228	 4.02208772339241E-02 
1229	 0.040005394915643 
1230	 3.95659262064444E-02 
1231	 4.01574532734402E-02 
1232	 4.07534889236096E-02 
1233	 4.02939687069275E-02 
1234	 4.01726374598341E-02 
1235	 4.02992953608229E-02 
1236	 4.00744406199253E-02 
1237	 3.98724708355429E-02 
1238	 4.01558628662866E-02 
1239	 4.04346513652316E-02 
1240	 4.01926260389654E-02 
1241	 4.03189102243483E-02 
1242	 4.09836463514373E-02 
1243	 4.08138814398411E-02 
1244	 4.02422261101077E-02 
1245	 4.00807583929773E-02 
1246	 3.98209551439158E-02 
1247	 0.04012733971953 
1248	 4.06255668214915E-02 
1249	 4.03939735318191E-02 
1250	 4.02244159720241E-02 
1251	 4.03264915202149E-02 
1252	 4.06532477987126E-02 
1253	 4.11251805948274E-02 
1254	 4.09582989005176E-02 
1255	 4.03180283448089E-02 
1256	 4.03912558821971E-02 
1257	 4.07780653366784E-02 
1258	 4.05537212073509E-02 
1259	 4.04615129914938E-02 
1260	 0.040659424126605 
1261	 0.040247985180526 
1262	 3.98613926223096E-02 
1263	 3.98035297669222E-02 
1264	 4.03751464848254E-02 
1265	 4.01717260547218E-02 
1266	 0.039796300063053 
1267	 3.97700038342435E-02 
1268	 3.96099985836919E-02 
1269	 3.96828149198122E-02 
1270	 0.039945759766983 
1271	 4.01423279344089E-02 
1272	 4.07782046912476E-02 
1273	 4.09967561124907E-02 
1274	 4.04327264693873E-02 
1275	 4.01295746759241E-02 
1276	 4.01401367500116E-02 
1277	 4.03174962625505E-02 
1278	 0.04051814055242 
1279	 0.040490220455466 
1280	 4.01531266093505E-02 
1281	 4.00611947235651E-02 
1282	 3.97109461615656E-02 
1283	 3.95929854503194E-02 
1284	 3.97726848492682E-02 
1285	 3.99508402006305E-02 
1286	 3.99609539080559E-02 
1287	 0.039979325757919 
1288	 4.05924919463731E-02 
1289	 0.04068030795771 
1290	 4.03784865408974E-02 
1291	 0.039900634423222 
1292	 3.98242893224558E-02 
1293	 0.039356910550365 
1294	 3.86301977408512E-02 
1295	 3.86634521095392E-02 
1296	 3.89608836929944E-02 
1297	 3.90642430052582E-02 
1298	 3.94568994672595E-02 
1299	 3.97912396158125E-02 
1300	 3.97558403705007E-02 
1301	 3.93148397478327E-02 
1302	 3.93462331569691E-02 
1303	 3.99582032456974E-02 
1304	 3.97945221840658E-02 
1305	 3.94912957177551E-02 
1306	 0.039247716796327 
1307	 3.86340131205703E-02 
1308	 3.84528488878412E-02 
1309	 3.85956242521799E-02 
1310	 3.84466151409168E-02 
1311	 3.84045353128519E-02 
1312	 3.84937877893606E-02 
1313	 3.85423001987697E-02 
1314	 3.83195468813622E-02 
1315	 3.80764533136678E-02 
1316	 3.80106442044192E-02 
1317	 3.79508348420129E-02 
1318	 3.77577613585191E-02 
1319	 3.73332686893427E-02 
1320	 3.73656653158101E-02 
1321	 3.76702365008463E-02 
1322	 0.03715211563999 
1323	 3.69136967797697E-02 
1324	 3.78700275382315E-02 
1325	 3.69441375929348E-02 
1326	 3.55968975605665E-02 
1327	 3.59629180679666E-02 
1328	 3.61727590625634E-02 
1329	 3.60150543823995E-02 
1330	 3.61080252924104E-02 
1331	 3.57175164105311E-02 
1332	 3.53438452889684E-02 
1333	 3.60603232848766E-02 
1334	 3.67488995752767E-02 
1335	 3.61682704223504E-02 
1336	 3.38974425664347E-02 
1337	 3.37005229242283E-02 
1338	 3.39216027360549E-02 
1339	 3.37596295111583E-02 
1340	 0.03564485181308 
1341	 3.60415206210543E-02 
1342	 3.32800278604277E-02 
1343	 3.26988562087153E-02 
1344	 3.44403177794393E-02 
1345	 3.33105738594839E-02 
1346	 2.69483331315903E-02 
1347	 0.028916659419267 
1348	 4.73464860345817E-02 
1349	 5.39389574436917E-02 
1350	 5.21374335407247E-02 
1351	 6.18400836895999E-02 
1352	 5.04711569329038E-02 
1353	 0.029846178197597 
1354	-1.31159847627854E-03 
1355	 7.95895892214926E-02 
1356	 0.186663158432939 
1357	 0.075576625976637 
1358	-8.67707949555656E-02 
1359	-3.94106289325485E-02 
1360	 2.22260168937253E-02 
1361	-8.38072395700831E-03 
1362	 1.26494119629808E-02 
1363	 5.7853653032713E-03 
1364	-0.182866421854932 
1365	-0.62248954262757 
1366	-0.275991064305936 
1367	 0.154769962825255 
1368	 0.129084009532315 
1369	-0.590625180350858 
1370	-0.38220635340718 
1371	-0.013226664513849 
1372	 9.54687054562961E-02 
1373	 1.17417005391333 
1374	 0.816629766030399 
1375	-0.162147222878414 
1376	-0.402029140958725 
1377	-0.692752438400415 
1378	-0.470795674365509 
1379	 9.93297414131435E-02 
1380	 0.233671323289713 
1381	 0.377619369719189 
1382	 0.500607533262175 
1383	 0.406422583749839 
1384	 0.52047758534443 
1385	 0.764507607400839 
1386	 0.576917121750135 
1387	 0.288255656605909 
1388	 0.125071388429019 
1389	-0.026752214757201 
1390	-0.105704348216288 
1391	-0.966541182807068 
1392	-1.59242291970476 
1393	 1.78814187963808 
1394	 6.07668888207982 
1395	 0.185115566283088 
1396	-7.67866615354231E-02 
1397	 1.0651582960224 
1398	 0.305052456425072 
1399	-0.499042599304745 
1400	-0.910086638920228 
1401	-0.175779866367302 
1402	-0.279167573941697 
1403	 0.732324562133801 
1404	 1.1874832899449 
1405	 1.90974440626495 
1406	-0.500317459593787 
1407	-0.528672828478234 
1408	 0.136328649320502 
1409	 0.234358391842005 
1410	-5.01067756405522E-02 
1411	-0.15811094812335 
1412	-0.168346616517979 
1413	-1.32365388997685E-02 
1414	-0.131658810685141 
1415	-0.22767002095545 
1416	-0.211087822931184 
1417	-8.81654864570283E-02 
1418	 0.085977785983704 
1419	 9.43695732824425E-02 
1420	 0.174381001086714 
1421	 0.172113903900377 
1422	 1.56523168641297E-02 
1423	-0.024480025281752 
1424	-1.43177472642372E-02 
1425	 5.14559990969858E-03 
1426	 5.88430296772945E-02 
1427	 5.79383900862354E-02 
1428	 2.65219453735878E-02 
1429	 0.035525267144726 
1430	 5.05954899022147E-02 
1431	 4.75010888946277E-02 
1432	 6.89872865812635E-02 
1433	 8.15665854735361E-02 
1434	 5.04018244090596E-02 
1435	 4.29225413919939E-02 
1436	 8.84306397015723E-02 
1437	 8.33731416620224E-02 
1438	 3.85234821805318E-02 
1439	 4.93276805461765E-02 
1440	-6.5083039943758E-03 
1441	-5.57513172187811E-02 
1442	-1.25099935733195E-02 
1443	 6.36611113316974E-03 
1444	 1.40317997484459E-02 
1445	 3.66675390290888E-02 
1446	 3.66226334927159E-02 
1447	 2.71138154165793E-02 
1448	 2.64235115916511E-02 
1449	 2.85495224878456E-02 
1450	 2.93399633752591E-02 
1451	 2.76386650315667E-02 
1452	 2.55246515763609E-02 
1453	 2.67225191214569E-02 
1454	 3.18195671659856E-02 
1455	 3.80600479530332E-02 
1456	 3.51874228679783E-02 
1457	 3.29290943572022E-02 
1458	 0.033014221289884 
1459	 2.58815058977658E-02 
1460	 2.40231650656486E-02 
1461	 3.06695555404076E-02 
1462	 3.26272432943535E-02 
1463	 3.03422871622143E-02 
1464	 2.79930806459788E-02 
1465	 2.45720089833777E-02 
1466	 2.63597989546134E-02 
1467	 3.12075968469814E-02 
1468	 2.99079553880949E-02 
1469	 2.92075706189472E-02 
1470	 3.21959650154344E-02 
1471	 0.032029105335072 
1472	 0.029766376284318 
1473	 3.00145928431303E-02 
1474	 3.29617728188815E-02 
1475	 3.41958566123918E-02 
1476	 3.18052071754575E-02 
1477	 3.16383982378502E-02 
1478	 3.29295155310038E-02 
1479	 3.10333840607548E-02 
1480	 2.85386271893369E-02 
1481	 0.030292905273267 
1482	 2.99256880030651E-02 
1483	 2.23717376447496E-02 
1484	 2.17147911518512E-02 
1485	 2.52770935137892E-02 
1486	 2.79523301215765E-02 
1487	 3.31154769388715E-02 
1488	 0.034581031239869 
1489	 0.033886096568857 
1490	 3.43858365864697E-02 
1491	 3.46043798854242E-02 
1492	 3.42079639171802E-02 
1493	 3.34383515805505E-02 
1494	 3.41768408750005E-02 
1495	 3.51841745574484E-02 
1496	 3.56352845610722E-02 
1497	 3.71668083162918E-02 
1498	 3.79350154129772E-02 
1499	 0.037970118959225 
1500	 3.76026415118912E-02 
1501	 3.66475100912246E-02 
1502	 0.036435841933326 
1503	 0.035972411096025 
1504	 3.58769263673033E-02 
1505	 3.63324669990195E-02 
1506	 3.72368967322449E-02 
1507	 3.73290820154198E-02 
1508	 3.70604236141324E-02 
1509	 3.69623584189187E-02 
1510	 3.71552876414038E-02 
1511	 3.73864422788801E-02 
1512	 3.76799631726841E-02 
1513	 3.84212564559066E-02 
1514	 3.88634716453644E-02 
1515	 3.87486755232291E-02 
1516	 3.86969667395654E-02 
1517	 3.87458292285366E-02 
1518	 3.83552309942981E-02 
1519	 3.81434868061186E-02 
1520	 0.038547772368513 
1521	 3.84941368029544E-02 
1522	 3.84736907460136E-02 
1523	 3.87015792764122E-02 
1524	 3.86036326719107E-02 
1525	 3.87299664111927E-02 
1526	 3.88277538562547E-02 
1527	 3.86640207990171E-02 
1528	 3.87259839161689E-02 
1529	 3.90372240844289E-02 
1530	 3.93309783417574E-02 
1531	 3.92690903759984E-02 
1532	 3.92809772777571E-02 
1533	 3.94456404104211E-02 
1534	 3.91499519499507E-02 
1535	 3.87383871349193E-02 
1536	 3.87114378887347E-02 
1537	 0.039009808868975 
1538	 3.90800343219862E-02 
1539	 3.86447147036953E-02 
1540	 0.038584874322761 
1541	 3.88824590004795E-02 
1542	 3.84569853066406E-02 
1543	 3.83837690297696E-02 
1544	 3.90241371262073E-02 
1545	 3.89969611406458E-02 
1546	 0.039048245640062 
1547	 3.96391784887224E-02 
1548	 4.00417347954566E-02 
1549	 0.040352109125126 
1550	 4.02770069049623E-02 
1551	 3.95532428147712E-02 
1552	 3.90594524691264E-02 
1553	 3.87368792771579E-02 
1554	 3.83205073244182E-02 
1555	 3.89258326278237E-02 
1556	 4.00305286487027E-02 
1557	 4.05206295004781E-02 
1558	 4.05641781880371E-02 
1559	 4.03484668673398E-02 
1560	 4.00781679533318E-02 
1561	 3.97820455220103E-02 
1562	 3.97763341394078E-02 
1563	 4.00199250273557E-02 
1564	 4.03397932980997E-02 
1565	 4.00832344396129E-02 
1566	 3.93616647619875E-02 
1567	 3.97492758387972E-02 
1568	 3.99727405563453E-02 
1569	 3.95798737786322E-02 
1570	 4.00003850744915E-02 
1571	 0.040151926088519 
1572	 3.94659113524482E-02 
1573	 3.91137269135984E-02 
1574	 3.97188961483199E-02 
1575	 4.03059424887349E-02 
1576	 4.04097208259031E-02 
1577	 4.03137078806612E-02 
1578	 4.00899068126818E-02 
1579	 4.04142051538949E-02 
1580	 0.040707723744932 
1581	 4.08138485775537E-02 
1582	 4.10125415689187E-02 
1583	 4.04417326447864E-02 
1584	 4.01174538440349E-02 
1585	 4.07492654515989E-02 
1586	 4.11619524985277E-02 
1587	 4.13479446727707E-02 
1588	 0.041224619672192 
1589	 4.06601937759925E-02 
1590	 4.04527603857911E-02 
1591	 4.06742713883513E-02 
1592	 4.07054963535161E-02 
1593	 0.040380742984869 
1594	 4.01276891047326E-02 
1595	 3.99427060641801E-02 
1596	 3.95692014687234E-02 
1597	 3.92541881071314E-02 
1598	 3.95322062685305E-02 
1599	 4.01984376867059E-02 
1600	 4.04959204363497E-02 
1601	 4.04132652991844E-02 
1602	 4.06494434325639E-02 
1603	 4.08325001847553E-02 
1604	 4.03580053111577E-02 
1605	 4.00065675921216E-02 
1606	 4.00554100280387E-02 
1607	 4.01980168820903E-02 
1608	 4.01145836342277E-02 
1609	 3.97081537185966E-02 
1610	 3.97343893072241E-02 
1611	 4.00759874449635E-02 
1612	 3.98310909607855E-02 
1613	 3.96576289460795E-02 
1614	 3.98394874312395E-02 
1615	 3.96665324669313E-02 
1616	 3.99168405279038E-02 
1617	 4.06269965260007E-02 
1618	 4.07226194804777E-02 
1619	 4.02493414223254E-02 
1620	 4.01991707179702E-02 
1621	 4.06689532971275E-02 
1622	 4.09407305465672E-02 
1623	 4.13018539450808E-02 
1624	 4.09974004553312E-02 
1625	 4.01287848809447E-02 
1626	 4.03260676546866E-02 
1627	 4.05032910545378E-02 
1628	 4.00310214057522E-02 
1629	 4.02611919917737E-02 
1630	 4.06379467557156E-02 
1631	 4.00304515446508E-02 
1632	 3.94507338232716E-02 
1633	 3.98238589528052E-02 
1634	 0.040309977706016 
1635	 4.05262060485378E-02 
1636	 4.06449392664147E-02 
1637	 4.08969878837152E-02 
1638	 4.07928088067754E-02 
1639	 4.02957813424155E-02 
1640	 4.05625238271881E-02 
1641	 4.03769660670148E-02 
1642	 3.97112481844748E-02 
1643	 4.01426127905257E-02 
1644	 4.09881802407762E-02 
1645	 4.12846522455093E-02 
1646	 4.06168807842317E-02 
1647	 3.98370433432838E-02 
1648	 4.00343341490208E-02 
1649	 0.040030168748173 
1650	 3.97499908998528E-02 
1651	 4.04747937888479E-02 
1652	 4.08185062692933E-02 
1653	 4.04634967139222E-02 
1654	 4.05417863526686E-02 
1655	 4.01526931624191E-02 
1656	 3.98806938279161E-02 
1657	 4.02582048480586E-02 
1658	 4.03359870152616E-02 
1659	 3.96000842886941E-02 
1660	 3.96023096392212E-02 
1661	 4.05408538145918E-02 
1662	 4.06372324905775E-02 
1663	 4.03147665352856E-02 
1664	 4.05498415232138E-02 
1665	 4.06480678868438E-02 
1666	 4.06824141914153E-02 
1667	 4.12335711019997E-02 
1668	 4.16564088193944E-02 
1669	 4.13563122981242E-02 
1670	 4.11794353798208E-02 
1671	 4.13890524983004E-02 
1672	 0.041362483082744 
1673	 4.10937652465757E-02 
1674	 4.07983888891172E-02 
1675	 4.03571975486198E-02 
1676	 4.00754187933516E-02 
1677	 4.10137182985634E-02 
1678	 4.18096934361977E-02 
1679	 4.13912743820871E-02 
1680	 4.12935250949402E-02 
1681	 4.09450186249944E-02 
1682	 4.01262552628482E-02 
1683	 0.040475827507722 
1684	 4.08092623090073E-02 
1685	 4.02108379011544E-02 
1686	 3.99207856050297E-02 
1687	 4.02994990272135E-02 
1688	 4.06120118851482E-02 
1689	 4.05609646900706E-02 
1690	 4.09787410290442E-02 
1691	 4.09631941928691E-02 
1692	 0.039787141921956 
1693	 3.97319589105282E-02 
1694	 4.04975257921391E-02 
1695	 0.040036919429922 
1696	 4.09328129741601E-02 
1697	 4.23468772189751E-02 
1698	 4.10997662379087E-02 
1699	 4.06902090498884E-02 
1700	 4.16676815365624E-02 
1701	 4.16125042586816E-02 
1702	 4.14499703222662E-02 
1703	 4.12704534778264E-02 
1704	 4.05578607097943E-02 
1705	 0.040363516260022 
1706	 4.09212023514961E-02 
1707	 0.04074776508831 
1708	 4.07352524807687E-02 
1709	 4.10926200102697E-02 
1710	 4.07331736732922E-02 
1711	 4.13812088579676E-02 
1712	 4.18174354129302E-02 
1713	 4.01805266203243E-02 
1714	 0.03975556365021 
1715	 4.05293580787188E-02 
1716	 4.03966406877847E-02 
1717	 4.03401880224786E-02 
1718	 4.07499561681113E-02 
1719	 4.09752578379258E-02 
1720	 4.06554043419551E-02 
1721	 3.99423289001206E-02 
1722	 3.95553705439381E-02 
1723	 3.98651034358836E-02 
1724	 4.02905974337797E-02 
1725	 4.13080644052247E-02 
1726	 4.14450481087747E-02 
1727	 3.97368637041983E-02 
1728	 3.93450365706232E-02 
1729	 4.04488902908104E-02 
1730	 4.10716724135234E-02 
1731	 4.15261979980696E-02 
1732	 4.07446378468809E-02 
1733	 3.92608809736571E-02 
1734	 3.87766664351768E-02 
1735	 0.038488343070631 
1736	 3.90169237679245E-02 
1737	 3.90963703188453E-02 
1738	 3.88875554173869E-02 
1739	 4.04937737300156E-02 
1740	 4.01113823112854E-02 
1741	 3.86745390412984E-02 
1742	 0.039049649822674 
1743	 3.80967499677208E-02 
1744	 3.82664477935537E-02 
1745	 4.00769768943329E-02 
1746	 3.83627700528157E-02 
1747	 3.85351228368543E-02 
1748	 4.03101452263969E-02 
1749	 4.02910311486755E-02 
1750	 3.96736901033721E-02 
1751	 4.03075775494758E-02 
1752	 4.17568575169181E-02 
1753	 4.18994697480362E-02 
1754	 4.17756714874082E-02 
1755	 4.16232701083321E-02 
1756	 3.93214641371524E-02 
1757	 3.88588135987881E-02 
1758	 4.03607864104187E-02 
1759	 3.93839679904712E-02 
1760	 3.95921069199782E-02 
1761	 0.041761523326776 
1762	 4.12292486190257E-02 
1763	 4.10798967314414E-02 
1764	 4.21981585684056E-02 
1765	 4.04894069887189E-02 
1766	 3.92751825811414E-02 
1767	 3.92115061121035E-02 
1768	 3.85483022845958E-02 
1769	 3.95969218233614E-02 
1770	 4.03875535765123E-02 
1771	 3.98066789620623E-02 
1772	 4.00170382708871E-02 
1773	 3.88126046506875E-02 
1774	 3.79899356355942E-02 
1775	 4.15377698123532E-02 
1776	 4.13626146508802E-02 
1777	 0.040112802970248 
1778	 4.10562931288929E-02 
1779	 4.00635314208308E-02 
1780	 3.88391047844088E-02 
1781	 3.93660679244832E-02 
1782	 3.87255512100029E-02 
1783	 3.39863680136202E-02 
1784	 3.78501100031829E-02 
1785	 5.21517437545787E-02 
1786	 5.47294977354833E-02 
1787	 5.54523866825381E-02 
1788	 0.053106269972635 
1789	 3.52983399195767E-02 
1790	 3.26396911143437E-02 
1791	 4.06550358335731E-02 
1792	 4.75142954699503E-02 
1793	 6.19169729600184E-02 
1794	 6.07209863441655E-02 
1795	 3.73247604523159E-02 
1796	 2.92076702707495E-02 
1797	 2.43758563378544E-02 
1798	 3.77093323103076E-02 
1799	 7.71141864867658E-02 
1800	 0.056844674065475 
1801	 5.27200464084845E-02 
1802	 5.16727990635015E-02 
1803	 3.47400533497569E-02 
1804	 1.17095282189203E-02 
1805	-1.58531214224889E-03 
1806	-0.116145990421093 
1807	-0.101629928178078 
1808	 0.510933042196274 
1809	 0.74440244517477 
1810	 0.503441357575782 
1811	 0.481112462109768 
1812	-2.63314808324476E-02 
1813	-6.39574107314709E-02 
1814	-2.18628623642012 
1815	-1.51107539177588 
1816	 184.512113290871 
1817	 2.21870724905229 
1818	 0.590510281034824 
1819	 1.53287575473206 
1820	 0.586126978609679 
1821	 0.331175791375828 
1822	 0.482318115126989 
1823	-1.97073498269297 
1824	-1.11665041646112 
1825	 4.00522896854583E-02 
1826	 0.318345864032253 
1827	-23.2151984519163 
1828	-2.90693557517952 
1829	 0.380710801317784 
1830	 0.129565839620761 
1831	-2.66484166479277 
1832	-2.21886809195286 
1833	-0.645792084833424 
1834	-0.26223876490674 
1835	 11.0105996813397 
1836	-94.2980627335305 
1837	 2.28753200956059 
1838	 16.7539929518142 
1839	-1.49883793852528 
1840	-1.0027232110996 
1841	-0.792518309398344 
1842	-0.571078547479396 
1843	-0.442589423909618 
1844	-2.2550154337286 
1845	-3.93678455328391 
1846	 4.45374728141271 
1847	 4.6784607032981 
1848	 4.77086993580592 
1849	 1.28265344341823 
1850	-0.386858371155004 
1851	-1.16503542368072 
1852	-0.641521481214879 
1853	 8.09289713742127 
1854	-11.6168521474511 
1855	-3.59655867422222 
1856	-2.79244922389535 
1857	-0.498513217149956 
1858	 0.109899041054753 
1859	-2.50521772365565 
1860	-2.76806537403134 
1861	-13.5991058447937 
1862	 0.744761056608985 
1863	-2.23067827009851 
1864	 7.32537414142119 
1865	 3.05197209812026 
1866	 1.30300304298954 
1867	 1.58542489644325 
1868	 7.99549652499161 
1869	-16.4574069018495 
1870	-1.81011432752341 
1871	-0.720463221994575 
1872	-0.952585489268169 
1873	-0.836373694795198 
1874	-0.520720892664937 
1875	-0.351614677418015 
1876	-0.146414533657194 
1877	 0.263439986650016 
1878	 0.294109182280189 
1879	 0.36926699251118 
1880	 0.471148000675116 
1881	 6.64636719594706E-02 
1882	-0.162385606093251 
1883	-5.12395216251417E-02 
1884	-0.080799240089385 
1885	-1.57568128613703 
1886	-0.191801396982735 
1887	 3.03554937700857 
1888	 1.90258354794415 
1889	 1.91297064139569 
1890	 1.53864878544085 
1891	 0.967838047403837 
1892	-6.99902007812952E-02 
1893	 0.31366931969063 
1894	 0.316228771243513 
1895	-0.116510876929664 
1896	-0.450124369954794 
1897	-0.594556160191788 
1898	 1.82768943078911 
1899	 6.09553928735247 
1900	 3.68825893474076 
1901	 1.00961434305068 
1902	 1.05347852058142 
1903	 1.58834872302126 
1904	 1.11733660362819 
1905	 0.443019297647664 
1906	 0.262744582130165 
1907	 0.152202907740691 
1908	-0.316657438177503 
1909	-2.33819256892929 
1910	 7.42374311475408 
1911	-2.90651004807697 
1912	-4.90789475507765 
1913	-5.21557588089247 
1914	-4.43393473486184 
1915	-3.16971040536337 
1916	-3.94176268358125 
1917	-0.822585330938937 
1918	 0.210417676377607 
1919	 0.166989469015614 
1920	-0.335929068695016 
1921	 0.164174512955449 
1922	 0.23325188776977 
1923	 0.196588835511833 
1924	 0.311601045685728 
1925	 0.206529099317724 
1926	 0.191801278158704 
1927	-0.485791401774419 
1928	 2.02012507605218 
1929	-1.00578426642218 
1930	 0.425497968832915 
1931	 0.571414751793633 
1932	 1.00142895308836 
1933	 2.23151776888963 
1934	 3.78236480199154 
1935	 5.59614831457988 
1936	 2.14487852911084 
1937	 1.6111762303704 
1938	 3.14177841402721 
1939	 4.3656551734786 
1940	-166.34627391581 
1941	 4.17673019750412 
1942	 6.23837373653237 
1943	-12.4166918722339 
1944	-5.53919077650518 
1945	-1.96327863111177 
1946	-0.289432132523787 
1947	 0.120802205376004 
1948	 0.101213771502957 
1949	-0.126703153336807 
1950	-0.144462323401467 
1951	-0.250576715693997 
1952	-0.322479199910931 
1953	-0.338985485680585 
1954	-0.238040216337646 
1955	-0.238034776441949 
1956	-0.190180973986237 
1957	-4.13946447232483E-02 
1958	 2.74874877950484E-02 
1959	 0.10315342741231 
1960	 0.137860796370608 
1961	 0.111996852911152 
1962	 0.122013292297773 
1963	 0.101084933387161 
1964	 6.52367738885182E-02 
1965	 6.01638898334336E-02 
1966	 5.00448509882901E-02 
1967	 3.64146778747504E-02 
1968	 2.58656179079256E-02 
1969	 2.90741598953548E-02 
1970	 3.82659471594805E-02 
1971	 4.43513177975498E-02 
1972	 4.52055540483309E-02 
1973	 3.94473732054161E-02 
1974	 2.65016354497517E-02 
1975	 2.27291713011764E-02 
1976	 1.87073375818793E-02 
1977	 1.74710650096152E-02 
1978	 2.78840797943946E-02 
1979	 3.19598654601229E-02 
1980	 3.40719720507959E-02 
1981	 3.48829626315877E-02 
1982	 3.76623842579539E-02 
1983	 3.29878250573042E-02 
1984	 2.36848482574658E-02 
1985	 2.28489609786248E-02 
1986	 2.74412424028172E-02 
1987	 2.62995744439377E-02 
1988	 2.54363389680914E-02 
1989	 2.67841590363797E-02 
1990	 2.45983818895884E-02 
1991	 2.67608701436368E-02 
1992	 3.28232063464925E-02 
1993	 3.66646978436373E-02 
1994	 4.22458962159531E-02 
1995	 5.03603267733926E-02 
1996	 5.55323063435578E-02 
1997	 5.09973310242402E-02 
1998	 4.71046181677806E-02 
1999	 4.03007408495462E-02 
2000	 2.43339517537108E-02 
2001	 1.97904498123705E-02 
2002	 1.96565836142831E-02 
2003	 1.23580974951693E-02 
2004	-1.64176442283233E-03 
2005	-6.59961785976469E-03 
2006	-5.11964401154401E-04 
2007	-7.35869213061334E-03 
2008	-4.68525477508564E-03 
2009	 3.99835145949521E-04 
2010	 4.19561021166612E-03 
2011	 8.18198589223577E-03 
2012	 1.63510982702615E-02 
2013	 2.75273910270382E-02 
2014	 3.28258587957376E-02 
2015	 2.58739976713946E-02 
2016	 2.56710712651986E-02 
2017	 3.11028528488228E-02 
2018	 3.05069100290386E-02 
2019	 3.44589498892469E-02 
2020	 3.67615421558115E-02 
2021	 3.22345962465006E-02 
2022	 3.41056731895346E-02 
2023	 3.63036820692154E-02 
2024	 3.52470565268029E-02 
2025	 3.44488271398613E-02 
2026	 3.35241401518581E-02 
2027	 3.02298965699159E-02 
2028	 2.71459849462516E-02 
2029	 2.82548896434211E-02 
2030	 0.027869563150664 
2031	 2.78618703356304E-02 
2032	 3.32217696650432E-02 
2033	 3.73804195120522E-02 
2034	 3.85581949265754E-02 
2035	 3.91441607579345E-02 
2036	 3.69054460853932E-02 
2037	 3.31125580875781E-02 
2038	 3.18509058950805E-02 
2039	 3.14321375344579E-02 
2040	 3.21812362157876E-02 
2041	 3.20540076798921E-02 
2042	 3.43658168694046E-02 
2043	 3.38948349348006E-02 
2044	 3.12845622037496E-02 
2045	 2.82896238596769E-02 
2046	 2.87829073918903E-02 
2047	 2.85749297996975E-02 
2048	 3.08910538098422E-02 
2049	 3.63330404898744E-02 
2050	 3.65711536111594E-02 
2051	 3.64696475020524E-02 
2052	 3.69963048243862E-02 
2053	 3.35704551105022E-02 
2054	 0.030962021200387 
2055	 2.92723879419006E-02 
2056	 2.75900407186067E-02 
2057	 2.39688987496928E-02 
2058	 2.50749325592667E-02 
2059	 3.07325081943989E-02 
2060	 3.28183613472013E-02 
2061	 3.56589610485653E-02 
2062	 3.74483157453622E-02 
2063	 3.74245221034485E-02 
2064	 3.82211267301644E-02 
2065	 3.77439101815195E-02 
2066	 3.81851285601599E-02 
2067	 3.71654983739099E-02 
2068	 3.49626856270109E-02 
2069	 3.44767228631581E-02 
2070	 3.36516926198295E-02 
2071	 3.47245258748484E-02 
2072	 3.44221170642529E-02 
2073	 3.37065678033351E-02 
2074	 3.22395361981095E-02 
2075	 3.25437910230702E-02 
2076	 3.32514767821142E-02 
2077	 3.30396881754041E-02 
2078	 3.26324399765281E-02 
2079	 3.31622267256548E-02 
2080	 0.033656534857645 
2081	 3.41325834585421E-02 
2082	 3.50527424112298E-02 
2083	 3.73306400555654E-02 
2084	 3.73971032665367E-02 
2085	 3.70885663296895E-02 
2086	 4.04478015709514E-02 
2087	 0.042210296660043 
2088	 4.17482179312801E-02 
2089	 4.19670182976677E-02 
2090	 4.02635761641966E-02 
2091	 3.89879189696608E-02 
2092	 0.037922132875692 
2093	 3.75028171809718E-02 
2094	 3.70243059383539E-02 
2095	 3.57378593782372E-02 
2096	 3.53535661085565E-02 
2097	 3.73749566702685E-02 
2098	 0.037553918379933 
2099	 3.68540219411575E-02 
2100	 3.64500683594174E-02 
2101	 3.53818975616148E-02 
2102	 3.41351765934742E-02 
2103	 3.45819454463219E-02 
2104	 0.034295579160319 
2105	 3.48337976609682E-02 
2106	 3.40271829625714E-02 
2107	 3.38032947527532E-02 
2108	 3.63981698353263E-02 
2109	 3.75228429121654E-02 
2110	 3.76787631515784E-02 
2111	 3.78207536512694E-02 
2112	 3.62200149710956E-02 
2113	 3.63140407088598E-02 
2114	 3.80255171138752E-02 
2115	 3.80302136981493E-02 
2116	 3.79477607965219E-02 
2117	 3.77491343921759E-02 
2118	 3.60269386462294E-02 
2119	 3.54190240095298E-02 
2120	 3.50175542582856E-02 
2121	 3.59611756200547E-02 
2122	 0.038046675610801 
2123	 3.76994322436053E-02 
2124	 3.96224039064312E-02 
2125	 4.11711420885911E-02 
2126	 3.98367261026483E-02 
2127	 4.03400686543763E-02 
2128	 4.07397159867415E-02 
2129	 3.85856404537595E-02 
2130	 3.58801851335924E-02 
2131	 3.53385450836144E-02 
2132	 3.63154670491788E-02 
2133	 3.75778713193202E-02 
2134	 3.74860323547151E-02 
2135	 3.79284462841394E-02 
2136	 3.84119671972545E-02 
2137	 0.036621411336449 
2138	 3.62340476293945E-02 
2139	 3.90262661243749E-02 
2140	 0.03876804741911 
2141	 0.035854913747678 
2142	 3.50819017438753E-02 
2143	 3.40157372569492E-02 
2144	 3.36182133152285E-02 
2145	 3.66914018216321E-02 
2146	 3.83748612521706E-02 
2147	 3.95841284347392E-02 
2148	 4.04866239350613E-02 
2149	 3.83290863298976E-02 
2150	 3.67803481976588E-02 
2151	 3.77126644962612E-02 
2152	 3.55067529916963E-02 
2153	 3.28504763980139E-02 
2154	 3.52605086609769E-02 
2155	 3.58303851328794E-02 
2156	 3.54109224864619E-02 
2157	 3.61013624402062E-02 
2158	 3.73472002291144E-02 
2159	 3.78922433295941E-02 
2160	 3.95646531879894E-02 
2161	 3.93476306719465E-02 
2162	 3.61456682291918E-02 
2163	 3.69429770905882E-02 
2164	 3.89544148668637E-02 
2165	 3.98400956482023E-02 
2166	 4.59711698395244E-02 
2167	 4.67746916438006E-02 
2168	 0.040466596736511 
2169	 3.90757920448561E-02 
2170	 3.91987548913271E-02 
2171	 3.69696880296803E-02 
2172	 3.75896967721304E-02 
2173	 3.73334850262776E-02 
2174	 3.77281644813341E-02 
2175	 0.037849979401758 
2176	 0.036529369057522 
2177	 3.96357515634916E-02 
2178	 4.13333771995368E-02 
2179	 3.99550017328004E-02 
2180	 0.039296329285232 
2181	 3.29269593459761E-02 
2182	 2.84287109778291E-02 
2183	 2.89442172659394E-02 
2184	 2.47305252922844E-02 
2185	 0.023727381805921 
2186	 2.39288632215916E-02 
2187	 2.25709399121779E-02 
2188	 2.34957976373858E-02 
2189	 2.95082029654803E-02 
2190	 3.31404299851272E-02 
2191	 3.66560923779872E-02 
2192	 3.85150619040195E-02 
2193	 4.00111050897398E-02 
2194	 4.02182217208669E-02 
2195	 3.89708618872088E-02 
2196	 0.036283240399548 
2197	 3.16309953400844E-02 
2198	 2.77344699196445E-02 
2199	 2.09805670722493E-02 
2200	 1.76415358411887E-02 
2201	 1.82220843731497E-02 
2202	 2.00836691862935E-02 
2203	 2.50955548468137E-02 
2204	 2.59099798953879E-02 
2205	 2.70713107897172E-02 
2206	 0.028483499643999 
2207	 0.028484396217611 
2208	 3.35764618090249E-02 
2209	 3.64281165321373E-02 
2210	 3.74283506260658E-02 
2211	 0.037827387807397 
2212	 3.65421622794414E-02 
2213	 3.80378299972096E-02 
2214	 4.00667994763246E-02 
2215	 4.42088183409729E-02 
2216	 4.62900431668022E-02 
2217	 4.73453702585042E-02 
2218	 4.83325915585703E-02 
2219	 4.64811336253745E-02 
2220	 0.042037689917288 
2221	 3.77420693911603E-02 
2222	 2.89168270805092E-02 
2223	 2.71318405827055E-02 
2224	 2.85079146901659E-02 
2225	 2.95949197429572E-02 
2226	 3.62588577745533E-02 
2227	 3.60080499878095E-02 
2228	 3.03963737956946E-02 
2229	 3.01542046571951E-02 
2230	 2.91298218248912E-02 
2231	 2.91112864576055E-02 
2232	 3.64344105984762E-02 
2233	 3.55339216592421E-02 
2234	 2.63930183913259E-02 
2235	 2.56356054943457E-02 
2236	 2.71940408646314E-02 
2237	 2.49812518461953E-02 
2238	 2.88484626678776E-02 
2239	 3.12631722530349E-02 
2240	 2.90249712118527E-02 
2241	 2.95335827842082E-02 
2242	 3.21180303496927E-02 
2243	 3.33157738215618E-02 
2244	 3.46821035468076E-02 
2245	 3.96833965433058E-02 
2246	 3.57601905439692E-02 
2247	 0.031188468422672 
2248	 3.27035631582683E-02 
2249	 2.35210101966929E-02 
2250	 1.89409980438883E-02 
2251	 2.44296205769879E-02 
2252	 2.53340193808605E-02 
2253	 2.55475892735899E-02 
2254	 0.030417344320968 
2255	 3.14526243925486E-02 
2256	 2.66212969687856E-02 
2257	 2.84349938281541E-02 
2258	 3.68078015526041E-02 
2259	 0.038358280316446 
2260	 0.036206762603147 
2261	 3.19808682833805E-02 
2262	 3.42443952319262E-02 
2263	 3.29398453226865E-02 
2264	 3.11017512249959E-02 
2265	 3.82054011361475E-02 
2266	 3.70345958169696E-02 
2267	 2.26889215969021E-02 
2268	 1.95065089545412E-02 
2269	 2.43361344362333E-02 
2270	 2.42186430558454E-02 
2271	 2.44328271592846E-02 
2272	 2.44122606885954E-02 
2273	 2.10790267355761E-02 
2274	 1.82946284964392E-02 
2275	 0.016633706945848 
2276	 1.73903164707154E-02 
2277	 1.97605780830598E-02 
2278	 2.48346690857196E-02 
2279	 3.30738207373561E-02 
2280	 3.51083539684304E-02 
2281	 3.62099830385256E-02 
2282	 3.57614317519344E-02 
2283	 2.88351834902691E-02 
2284	 3.14459315843349E-02 
2285	 3.85726255179406E-02 
2286	 4.05729054434922E-02 
2287	 4.21742713502482E-02 
2288	 0.038129394949056 
2289	 3.57976554997924E-02 
2290	 3.75576839330372E-02 
2291	 4.42058731979362E-02 
2292	 4.82468265239413E-02 
2293	 3.71159466896882E-02 
2294	 3.11686111544154E-02 
2295	 0.024317041939676 
2296	 2.17335320325676E-02 
2297	 3.39434248992638E-02 
2298	 3.26627133873819E-02 
2299	 2.94374288369138E-02 
2300	 3.42531116639168E-02 
2301	 3.30467921273946E-02 
2302	 2.35690314907945E-02 
2303	 6.77475338983105E-03 
2304	-4.12968156177818E-03 
2305	-3.16813064787852E-03 
2306	 2.15729591903695E-03 
2307	 1.65000530323568E-02 
2308	 3.23903107360169E-02 
2309	 3.02462039628189E-02 
2310	 2.43423746754184E-02 
2311	 2.89247482346267E-02 
2312	 2.51427989625561E-02 
2313	 1.75049747736483E-02 
2314	 2.53799453559243E-02 
2315	 0.027990824402474 
2316	 2.65344450540441E-02 
2317	 3.43577360335196E-02 
2318	 3.11643056472354E-02 
2319	 2.22863536747752E-02 
2320	 1.00677821180012E-02 
2321	-3.59996664386584E-03 
2322	-8.53912751149336E-03 
2323	-9.05223200477153E-03 
2324	-5.29045972510659E-03 
2325	 1.65365443030276E-02 
2326	 5.23922360714867E-02 
2327	 6.20312899366661E-02 
2328	 5.30339998749015E-02 
2329	 4.98019817163465E-02 
2330	 4.74743762429375E-02 
2331	 4.22197950559284E-02 
2332	 4.78044176382014E-02 
2333	 4.69469756774247E-02 
2334	 3.13460765932922E-02 
2335	 3.69480651931917E-02 
2336	 4.25449687930163E-02 
2337	 3.17045294846267E-02 
2338	 3.02969208864105E-02 
2339	 2.66096635299201E-02 
2340	 1.52256895534243E-02 
2341	 1.13685959470613E-03 
2342	-2.05392465097856E-02 
2343	-1.60832298014726E-02 
2344	 1.02221263679898E-02 
2345	 3.87493106598823E-02 
2346	 8.65096197292485E-02 
2347	 0.088077762106946 
2348	 3.76164166902355E-02 
2349	 1.33278420314004E-02 
2350	-1.21057116585795E-02 
2351	-3.82947091874557E-02 
2352	 3.77776245656759E-04 
2353	 2.05806513916998E-02 
2354	 1.58407143811257E-02 
2355	 0.055455451628787 
2356	 6.90638838001932E-02 
2357	 7.60745694803263E-02 
2358	 7.62306710711769E-02 
2359	 0.026083250523759 
2360	-1.60945778467116E-02 
2361	-4.21746455249304E-02 
2362	-4.58752751929625E-02 
2363	-3.48196959422891E-02 
2364	-2.93234402856465E-02 
2365	-2.65202382448669E-02 
2366	-2.29837788091219E-02 
2367	-1.72288772082334E-03 
2368	 4.21431230199557E-02 
2369	 0.047229284169233 
2370	 1.96494586814574E-02 
2371	-1.08778116071173E-03 
2372	-6.18645595898167E-02 
2373	-6.44706941337718E-02 
2374	-2.20656472960482E-02 
2375	 1.62380729786235E-02 
2376	 8.02737846791848E-02 
2377	-2.72959977433671E-02 
2378	-7.35992678664061E-02 
2379	-3.05681886874158E-02 
2380	-0.077706790147008 
2381	-3.55487998021605E-02 
2382	-5.07410011225309E-02 
2383	-0.119336861191831 
2384	-0.151876551361855 
2385	-0.156428661353804 
2386	-0.184850806855876 
2387	-0.257562436149653 
2388	-0.224902798060134 
2389	-0.251626070686592 
2390	-0.227127464494273 
2391	-5.27765759723944E-02 
2392	 7.39535013783112E-02 
2393	 0.210483284361768 
2394	 0.29170649302068 
2395	 0.275134174225203 
2396	 0.172289334827968 
2397	 0.151597856396072 
2398	 0.269100120017237 
2399	 3.54113212466653E-02 
2400	-0.178148756724952 
2401	-0.144218327691381 
2402	-0.403463582965815 
2403	-0.422759960479838 
2404	-0.160447602397575 
2405	-0.232354093548089 
2406	-0.169076582644044 
2407	 2.81583985187539E-02 
2408	 4.38991670081095E-03 
2409	 1.54450062444747E-03 
2410	 2.98934775276213E-02 
2411	-0.165432971548561 
2412	-0.112456861895031 
2413	 0.137001540735504 
2414	-0.164987909557871 
2415	-5.87710006305962E-02 
2416	-0.102297345861589 
2417	-0.101201315353933 
2418	 0.148891033299007 
2419	 0.303561310811356 
2420	 0.882261098069156 
2421	 1.83133966944072 
2422	 1.64723918692438 
2423	 3.71156798861223 
2424	 2.32647798089954 
2425	 0.876479481312332 
2426	 2.45524143810026 
2427	 0.419222689828985 
2428	 0.40751095245454 
2429	 0.176316256718759 
2430	-1.10894382711295E-02 
2431	 0.436476237879885 
2432	 0.630726277856541 
2433	 0.980751172936363 
2434	 1.64398510676586 
2435	 1.34480237784287 
2436	 1.08741131040393 
2437	 153.620444047675 
2438	-7.27130312006955E-02 
2439	 2.70830529384444 
2440	-31.8271450438949 
2441	-23.233688036593 
2442	-1.38752502862626 
2443	-1.07138757351884 
2444	 8.45282253049973 
2445	 3.5524333387295 
2446	 0.715518041103898 
2447	-6.40253545644929E-02 
2448	-5.54341066819584E-02 
2449	-0.18676951719264 
2450	-0.19096633573048 
2451	 0.179415209437481 
2452	-2.49426522841316E-02 
2453	-6.40291631226996E-02 
2454	 1.85515841826697E-02 
2455	 0.317152826505532 
2456	 0.514573884680417 
2457	 0.635784560201056 
2458	 0.971613629167432 
2459	 1.49735783248359 
2460	 1.34259126548122 
2461	 0.132982800845272 
2462	-0.913355942931822 
2463	-0.760884443838245 
2464	-0.35237775882082 
2465	-0.165709609068135 
2466	 1.06618492102424 
2467	 2.87074445959636 
2468	 1.98849009528677 
2469	 5.76204782690729 
2470	-3.75728663747536 
2471	-3.32782962069833 
2472	-3.1298070893411 
2473	-0.633809106284843 
2474	 0.676066679472232 
2475	 0.081791804950564 
2476	 5.17992655770465E-02 
2477	 0.125236415362325 
2478	 1.68459590759911 
2479	-0.605347309571658 
2480	-0.453979471224183 
2481	-0.681091763820822 
2482	-6.00021179550837E-02 
2483	 0.106852518989371 
2484	-0.226703973461968 
2485	-0.200228532151129 
2486	-0.363609284413268 
2487	-1.01042520083919 
2488	 0.419424843125743 
2489	 0.466545680494894 
2490	 0.329054029395177 
2491	 0.699969370088104 
2492	 0.73145462486184 
2493	 1.08945995943567 
2494	 0.808542627828386 
2495	 1.45631877180012 
2496	-11.1013759780387 
2497	-4.70492675912015 
2498	-9.90875901484728 
2499	-4.44013273377908 
2500	 0.222241240909279 
