Wavelength	rt0713west_far00005.asd
350	 0.114444870142607 
351	 0.113777971349378 
352	 0.113512989149835 
353	 0.113480975064675 
354	 0.113323253304445 
355	 0.112554626480829 
356	 0.111989582614151 
357	 0.111817054915582 
358	 0.111861411572882 
359	 0.111434003275894 
360	 0.111069947699593 
361	 0.110686140703467 
362	 0.109893079749509 
363	 0.109958344842046 
364	 0.110071495344165 
365	 0.109757283390157 
366	 0.109422518596918 
367	 0.109192788276912 
368	 0.109017264553111 
369	 0.108801914913286 
370	 0.10851633051551 
371	 0.108334182668648 
372	 0.108090682940574 
373	 0.107534383017815 
374	 0.10746769065053 
375	 0.107372771038235 
376	 0.107082486889404 
377	 0.107081740701415 
378	 0.106927118956998 
379	 0.106680418261695 
380	 0.106483569026499 
381	 0.10630416595065 
382	 0.106473696510084 
383	 0.106558537084553 
384	 0.106001546217629 
385	 0.106097682261602 
386	 0.106056792103048 
387	 0.105752679738946 
388	 0.105932788150462 
389	 0.105710094858969 
390	 0.105489551917027 
391	 0.105595142263845 
392	 0.105548955199153 
393	 0.105575905764912 
394	 0.105581523957428 
395	 0.105430612703733 
396	 0.105387092970088 
397	 0.105284171048126 
398	 0.105107163094314 
399	 0.104988791215617 
400	 0.105010091805826 
401	 0.104999138500538 
402	 0.104846453747544 
403	 0.104624805621714 
404	 0.104632577866355 
405	 0.104715866842242 
406	 0.104619081090472 
407	 0.104607538441402 
408	 0.104507753446623 
409	 0.104379751706197 
410	 0.104505043318831 
411	 0.104409112534715 
412	 0.104345215330557 
413	 0.104473321868942 
414	 0.104410712410348 
415	 0.104404019767299 
416	 0.104428764124365 
417	 0.104381667072842 
418	 0.10437454827784 
419	 0.104373574782253 
420	 0.104412857199064 
421	 0.104599915072528 
422	 0.104648840679271 
423	 0.104711642858586 
424	 0.104905230844702 
425	 0.104983303849554 
426	 0.105093784670001 
427	 0.105255288257497 
428	 0.105429967898142 
429	 0.10567192074091 
430	 0.105817843761563 
431	 0.105884079843661 
432	 0.106110880284902 
433	 0.106240207643526 
434	 0.106402749321867 
435	 0.106693941223382 
436	 0.106845463163762 
437	 0.107059356158209 
438	 0.107303036764397 
439	 0.107437159808194 
440	 0.107602296437298 
441	 0.107790264933828 
442	 0.107977298336138 
443	 0.108139829039636 
444	 0.108359463017229 
445	 0.108595195635261 
446	 0.108791664251591 
447	 0.108977780887101 
448	 0.109193301180761 
449	 0.109411468488247 
450	 0.1095623113349 
451	 0.109679213897571 
452	 0.109782329887933 
453	 0.109906664629918 
454	 0.110134767276469 
455	 0.110228978918223 
456	 0.110284699645195 
457	 0.110455410142138 
458	 0.110496531901568 
459	 0.110501961107813 
460	 0.110546383494195 
461	 0.110662981002043 
462	 0.110804483772362 
463	 0.110860222853024 
464	 0.110819526249156 
465	 0.110980409634754 
466	 0.111065109258542 
467	 0.111048210445214 
468	 0.111043298013028 
469	 0.111190689034078 
470	 0.111235485402033 
471	 0.111157021347733 
472	 0.111289209847448 
473	 0.111407896960392 
474	 0.111503303222421 
475	 0.111614209900861 
476	 0.111746772500386 
477	 0.111935806000941 
478	 0.112156597276408 
479	 0.112347782892163 
480	 0.112516939938 
481	 0.112748613596285 
482	 0.113035703461962 
483	 0.113154796008735 
484	 0.113378940051646 
485	 0.113655618846215 
486	 0.113860286886761 
487	 0.114190262417434 
488	 0.114432119641571 
489	 0.114595676033982 
490	 0.114914028171617 
491	 0.115270620803443 
492	 0.115533144352166 
493	 0.115693299905158 
494	 0.116103928951488 
495	 0.116402752148154 
496	 0.116635724182714 
497	 0.117019073377466 
498	 0.117320507924653 
499	 0.117536422289828 
500	 0.117722715000289 
501	 0.117988246034418 
502	 0.118192754327651 
503	 0.118411615930964 
504	 0.118752906005074 
505	 0.11919329009457 
506	 0.119681686376964 
507	 0.120219392339799 
508	 0.120834581101824 
509	 0.121281948324289 
510	 0.121763156746567 
511	 0.122383879615539 
512	 0.122854433673236 
513	 0.123359462554545 
514	 0.123928897609096 
515	 0.124509446289212 
516	 0.124968507057995 
517	 0.125502117674923 
518	 0.126132717031786 
519	 0.126640914169915 
520	 0.1271250960263 
521	 0.127654797557893 
522	 0.128249509893199 
523	 0.128772274359613 
524	 0.129276528200014 
525	 0.129809555618894 
526	 0.130405105553166 
527	 0.130972115578208 
528	 0.131537151101909 
529	 0.132107904150666 
530	 0.132614298370111 
531	 0.133171380751333 
532	 0.133749719648492 
533	 0.134283362795627 
534	 0.134859639915085 
535	 0.135394454015528 
536	 0.135878014490596 
537	 0.136390559591966 
538	 0.136853125137346 
539	 0.137298523408415 
540	 0.137765774787087 
541	 0.138209875699303 
542	 0.138763942498521 
543	 0.13937770908235 
544	 0.139903092106658 
545	 0.140441863309674 
546	 0.140987680974148 
547	 0.141538081445738 
548	 0.142129951959642 
549	 0.142695908944256 
550	 0.143227220425831 
551	 0.143746017637305 
552	 0.144306550061614 
553	 0.14485119149189 
554	 0.145337710857547 
555	 0.14574796896674 
556	 0.146173584484865 
557	 0.146647073305417 
558	 0.147140893889076 
559	 0.147517156584489 
560	 0.147838090349615 
561	 0.148143918851125 
562	 0.148460738518359 
563	 0.148817187582081 
564	 0.149048448064167 
565	 0.14909107225161 
566	 0.149114523218618 
567	 0.149135606633328 
568	 0.149186269058301 
569	 0.149288891326227 
570	 0.149434689956474 
571	 0.149548250566078 
572	 0.149631367941119 
573	 0.149769831248508 
574	 0.149885950281008 
575	 0.149983516718563 
576	 0.150082702078067 
577	 0.150198633667239 
578	 0.150305140480964 
579	 0.150362419526182 
580	 0.150333082037897 
581	 0.150284449981641 
582	 0.150169606611667 
583	 0.149904298821128 
584	 0.149367512024103 
585	 0.148505780782043 
586	 0.147357217264077 
587	 0.14602538143546 
588	 0.144713463088479 
589	 0.143886132497708 
590	 0.143632167829079 
591	 0.143559387582906 
592	 0.14323179015564 
593	 0.142792355508021 
594	 0.142431264648436 
595	 0.14201029164903 
596	 0.141587417257777 
597	 0.141153503763178 
598	 0.140676618477147 
599	 0.140253938879574 
600	 0.139855463904721 
601	 0.139480840816332 
602	 0.139209287198855 
603	 0.138952545153148 
604	 0.138737644681865 
605	 0.138612511065793 
606	 0.138528277427503 
607	 0.13843917430673 
608	 0.138357798442086 
609	 0.138350402049167 
610	 0.138243981314068 
611	 0.138139322547417 
612	 0.138115988592475 
613	 0.138011377307904 
614	 0.137937595256731 
615	 0.137862990414371 
616	 0.137695158806778 
617	 0.137548208337745 
618	 0.137438545332589 
619	 0.137345987264682 
620	 0.137211698167128 
621	 0.137155531768287 
622	 0.137048612931145 
623	 0.136755529383913 
624	 0.13654106133539 
625	 0.136137321734498 
626	 0.135602301840316 
627	 0.135315021933244 
628	 0.135324862953673 
629	 0.135397704888296 
630	 0.135354514775827 
631	 0.135325396983791 
632	 0.13530397947365 
633	 0.135267232994168 
634	 0.135185721508326 
635	 0.135070392226673 
636	 0.134995627962134 
637	 0.134924849382663 
638	 0.134652493767022 
639	 0.134445511703898 
640	 0.134281963575142 
641	 0.13405355548406 
642	 0.133693386705986 
643	 0.133169131383782 
644	 0.13237719901806 
645	 0.131196748661191 
646	 0.130115019783086 
647	 0.12965002229106 
648	 0.129880525757658 
649	 0.129967389850721 
650	 0.129799304815764 
651	 0.1295639604038 
652	 0.129497736227924 
653	 0.129035083759145 
654	 0.128512911605732 
655	 0.128108513118544 
656	 0.127741910228473 
657	 0.127571228796645 
658	 0.127467193473095 
659	 0.12730761273842 
660	 0.12716343032626 
661	 0.126967052508396 
662	 0.126753972513555 
663	 0.126615447971235 
664	 0.126458754294671 
665	 0.126283892365185 
666	 0.12609526952948 
667	 0.125881113934887 
668	 0.12575665745009 
669	 0.125669826560223 
670	 0.125543973739215 
671	 0.12548858602179 
672	 0.12545814694653 
673	 0.125410901738828 
674	 0.12531878137977 
675	 0.125196740250534 
676	 0.125124941360733 
677	 0.1251325322487 
678	 0.125093535433099 
679	 0.125083405942399 
680	 0.125111000605513 
681	 0.125147534465762 
682	 0.125132484336249 
683	 0.125119387833893 
684	 0.124957803032267 
685	 0.124162337081665 
686	 0.123303741541658 
687	 0.123003006409225 
688	 0.123405617131412 
689	 0.123444186037672 
690	 0.123019300063734 
691	 0.122133830152939 
692	 0.120947406856315 
693	 0.120446045739995 
694	 0.120776352042135 
695	 0.121494571267817 
696	 0.1217428131499 
697	 0.121048454279245 
698	 0.119696823718298 
699	 0.118386557484969 
700	 0.117781805798092 
701	 0.117632863478768 
702	 0.117540585853856 
703	 0.117083190341882 
704	 0.116260120102924 
705	 0.115458486619012 
706	 0.114862920163613 
707	 0.114043208911418 
708	 0.113064123372029 
709	 0.111993719543032 
710	 0.110861537282735 
711	 0.109419967790736 
712	 0.107726862822978 
713	 0.10565253704353 
714	 0.102775989657091 
715	 9.89599365470787E-02 
716	 9.45057175372933E-02 
717	 0.090523182902771 
718	 8.78965842884912E-02 
719	 8.74933093479865E-02 
720	 8.79676558292284E-02 
721	 8.75963431358029E-02 
722	 8.53149182336906E-02 
723	 8.23042686386343E-02 
724	 7.98902420447351E-02 
725	 7.83183157921973E-02 
726	 0.076952066932486 
727	 7.54776890088585E-02 
728	 7.37879275960977E-02 
729	 7.18396720443051E-02 
730	 7.09762636886417E-02 
731	 7.11452040469891E-02 
732	 7.14497073133586E-02 
733	 7.10331928960048E-02 
734	 7.01405470368287E-02 
735	 6.92435613697944E-02 
736	 6.90429653320556E-02 
737	 6.90595164599655E-02 
738	 6.92821823326573E-02 
739	 6.97112011932279E-02 
740	 0.070090030664091 
741	 7.03540347646701E-02 
742	 7.05529913584595E-02 
743	 7.07786817759011E-02 
744	 7.08568663694008E-02 
745	 7.08352371496199E-02 
746	 7.08174199889663E-02 
747	 7.09475679837614E-02 
748	 7.09188544848635E-02 
749	 7.08172547028608E-02 
750	 7.07856062005881E-02 
751	 7.08062534680364E-02 
752	 7.07028863751306E-02 
753	 7.05837709313636E-02 
754	 7.06589827685802E-02 
755	 7.06081294333566E-02 
756	 7.03358108529853E-02 
757	 6.96892285634991E-02 
758	 6.80374641579483E-02 
759	 6.49778289729802E-02 
760	 6.19985447904136E-02 
761	 6.21949871521205E-02 
762	 6.24603602503653E-02 
763	 6.34881053274354E-02 
764	 6.51347203286098E-02 
765	 6.69572803308595E-02 
766	 6.83550643646357E-02 
767	 6.93040184785192E-02 
768	 6.98895568728247E-02 
769	 0.070233918048056 
770	 7.05413294748172E-02 
771	 7.07148031097656E-02 
772	 7.07203157596306E-02 
773	 7.08669688127955E-02 
774	 7.10374218686899E-02 
775	 7.11787906452847E-02 
776	 7.12787055308901E-02 
777	 7.14148652106978E-02 
778	 7.15128370474637E-02 
779	 0.071562082869277 
780	 0.071630187669151 
781	 7.17972539102044E-02 
782	 7.19498543729909E-02 
783	 7.19485924726385E-02 
784	 7.16659731574866E-02 
785	 7.13984048046685E-02 
786	 0.071101598709996 
787	 7.06756749355663E-02 
788	 0.070361741560003 
789	 7.05203697006498E-02 
790	 0.071114353310747 
791	 7.17664339204076E-02 
792	 7.23708632117226E-02 
793	 7.26039483847626E-02 
794	 7.24343227552213E-02 
795	 0.072300806186414 
796	 7.23047877022293E-02 
797	 7.24912875714736E-02 
798	 7.27517452845078E-02 
799	 7.25797320588303E-02 
800	 7.25095325472932E-02 
801	 7.26441488448664E-02 
802	 7.28464208374183E-02 
803	 7.32807425570645E-02 
804	 0.073890640063286 
805	 7.43790109344062E-02 
806	 7.42503094100723E-02 
807	 7.36583524607939E-02 
808	 7.28695507233968E-02 
809	 7.20306638232413E-02 
810	 0.070865787028377 
811	 6.95834594073066E-02 
812	 6.81509329470937E-02 
813	 6.65352346688049E-02 
814	 6.50937675485664E-02 
815	 6.44859945588053E-02 
816	 6.45501512604765E-02 
817	 6.45081989009541E-02 
818	 6.50996428884086E-02 
819	 6.56144065349006E-02 
820	 6.54861628159614E-02 
821	 0.064343005724642 
822	 6.37554617414993E-02 
823	 6.35927795328256E-02 
824	 6.32979429570721E-02 
825	 6.26530075983647E-02 
826	 6.16157378261208E-02 
827	 0.060520251590404 
828	 5.98324329836619E-02 
829	 5.91550810239967E-02 
830	 5.87453163013805E-02 
831	 5.85733455964045E-02 
832	 0.058430042521965 
833	 5.85858770859693E-02 
834	 5.88157909295224E-02 
835	 5.90200422846574E-02 
836	 5.93310366589666E-02 
837	 5.94313998933657E-02 
838	 5.95845539922817E-02 
839	 5.99441596229904E-02 
840	 6.00487082270185E-02 
841	 6.02671167705166E-02 
842	 6.05480254142314E-02 
843	 6.07073314646208E-02 
844	 6.06965688568612E-02 
845	 6.08901256212684E-02 
846	 6.11133804992662E-02 
847	 6.08857887602584E-02 
848	 6.06986403756364E-02 
849	 6.05191668251882E-02 
850	 6.03051657101618E-02 
851	 6.00876920503171E-02 
852	 6.03284612428088E-02 
853	 6.04353960256033E-02 
854	 6.01132640513557E-02 
855	 6.01517457413775E-02 
856	 0.060386266879822 
857	 6.05165903168842E-02 
858	 0.060363153163714 
859	 6.03069694374305E-02 
860	 6.03350603405584E-02 
861	 6.02956408082297E-02 
862	 6.00744370215212E-02 
863	 6.02552087719022E-02 
864	 6.03290086363357E-02 
865	 6.01340947759488E-02 
866	 5.99234669762846E-02 
867	 5.99370374117242E-02 
868	 5.99104116047954E-02 
869	 5.97003989343735E-02 
870	 5.94255226330156E-02 
871	 5.94450821555505E-02 
872	 5.94428494236323E-02 
873	 0.059204939948184 
874	 5.90923098558767E-02 
875	 0.058960193462376 
876	 5.88188508565597E-02 
877	 5.87072524405328E-02 
878	 5.86283957372551E-02 
879	 5.83504782728578E-02 
880	 5.80501855497031E-02 
881	 5.80012855538497E-02 
882	 5.78262011955912E-02 
883	 5.76713037787377E-02 
884	 5.74832070307007E-02 
885	 5.71070868643193E-02 
886	 5.70020378485286E-02 
887	 0.056864721565259 
888	 5.64815227731339E-02 
889	 5.58585829508824E-02 
890	 0.055189641501125 
891	 5.43560038635467E-02 
892	 5.32502958311662E-02 
893	 5.19109681856642E-02 
894	 5.04678900789918E-02 
895	 4.91890936102808E-02 
896	 4.82496951409697E-02 
897	 4.73711461320898E-02 
898	 4.68573579457917E-02 
899	 4.67516570487575E-02 
900	 4.69122535306455E-02 
901	 4.70910796907245E-02 
902	 4.74029460320842E-02 
903	 4.75605767482388E-02 
904	 4.72686247164604E-02 
905	 4.69373380465636E-02 
906	 4.64604787218708E-02 
907	 4.57281310986632E-02 
908	 4.47701999936408E-02 
909	 0.044337713057046 
910	 0.044015911817095 
911	 0.043558556498325 
912	 0.043046343192651 
913	 4.28678595342898E-02 
914	 4.27238764963845E-02 
915	 4.27315483240676E-02 
916	 4.34536386561241E-02 
917	 4.42122161597521E-02 
918	 0.044841284206082 
919	 4.52442156816139E-02 
920	 4.52970106382759E-02 
921	 4.50258656424289E-02 
922	 4.44125185796338E-02 
923	 4.35964474602526E-02 
924	 4.30721424829548E-02 
925	 4.20974402464443E-02 
926	 0.04078380411799 
927	 3.93507995661686E-02 
928	 3.72471274139085E-02 
929	 3.64793423521809E-02 
930	 3.48490266360538E-02 
931	 2.89982600374484E-02 
932	 2.96938890353198E-02 
933	 3.05224891097503E-02 
934	 2.89727585975983E-02 
935	 2.68868000709977E-02 
936	 2.70557543902649E-02 
937	 2.68989058448736E-02 
938	 2.67270893568379E-02 
939	 2.72732735058367E-02 
940	 0.02690130386942 
941	 2.81503212653898E-02 
942	 2.85814771123104E-02 
943	 2.50921135456588E-02 
944	 2.72279924031893E-02 
945	 2.77289952195434E-02 
946	 0.026726760028018 
947	 2.82352165156837E-02 
948	 2.64231885566747E-02 
949	 0.027575125683025 
950	 2.98391284606467E-02 
951	 2.79671907970214E-02 
952	 3.07036545702613E-02 
953	 3.19171084791299E-02 
954	 3.01945219095921E-02 
955	 0.028468257490167 
956	 2.93204143724369E-02 
957	 3.18302764943506E-02 
958	 0.034035176373018 
959	 3.40662445377467E-02 
960	 0.032577559899641 
961	 3.30014827413184E-02 
962	 3.52911328385535E-02 
963	 3.70939453409072E-02 
964	 3.92466118979218E-02 
965	 3.96417572692787E-02 
966	 3.92779978862185E-02 
967	 4.06669438838587E-02 
968	 3.99003760285315E-02 
969	 3.98923760796544E-02 
970	 4.07019834611269E-02 
971	 4.00262966858801E-02 
972	 4.15397224849659E-02 
973	 4.17083621247508E-02 
974	 4.03260433569055E-02 
975	 4.08862242006641E-02 
976	 4.27278224054234E-02 
977	 4.35587698076108E-02 
978	 4.34409897596456E-02 
979	 4.42600159305741E-02 
980	 4.38368372220003E-02 
981	 4.44846325708988E-02 
982	 4.56813051150465E-02 
983	 4.50147140667705E-02 
984	 4.58639353639355E-02 
985	 4.76692002898751E-02 
986	 4.87418351852616E-02 
987	 4.76375324524415E-02 
988	 0.048411099341747 
989	 4.83535180216184E-02 
990	 0.047735348140691 
991	 4.90471798825448E-02 
992	 5.08367906701611E-02 
993	 5.10667362222461E-02 
994	 5.02952186301045E-02 
995	 5.05687712183958E-02 
996	 5.07460987916734E-02 
997	 5.04970312861145E-02 
998	 0.049581604347163 
999	 4.84101118283277E-02 
1000	 5.03726646478576E-02 
1001	 4.71624387416864E-02 
1002	 4.72362196024091E-02 
1003	 4.74190025470996E-02 
1004	 0.047511726075951 
1005	 4.75911375083854E-02 
1006	 0.047639641640917 
1007	 4.78663675946799E-02 
1008	 4.81584609578708E-02 
1009	 4.82964300391122E-02 
1010	 4.84801868406961E-02 
1011	 4.86638608497239E-02 
1012	 4.84088011788356E-02 
1013	 4.80515117102947E-02 
1014	 4.78464783839163E-02 
1015	 4.75221248989039E-02 
1016	 4.74239151754284E-02 
1017	 4.75497345126225E-02 
1018	 4.76329269140785E-02 
1019	 4.78269700849028E-02 
1020	 0.047987077344462 
1021	 4.82474780216803E-02 
1022	 4.82451641707955E-02 
1023	 4.82762262064309E-02 
1024	 4.82705500092704E-02 
1025	 4.82023062671906E-02 
1026	 4.84011435722578E-02 
1027	 4.84580737057466E-02 
1028	 4.85974393304129E-02 
1029	 4.86443950109877E-02 
1030	 4.85157489440535E-02 
1031	 4.85295099991624E-02 
1032	 4.87267694420039E-02 
1033	 4.87008181110863E-02 
1034	 4.85852192134893E-02 
1035	 4.85124637007353E-02 
1036	 4.81533335257676E-02 
1037	 4.81179576054755E-02 
1038	 4.83162053048714E-02 
1039	 4.85705272855399E-02 
1040	 4.85849700834934E-02 
1041	 4.86735051138481E-02 
1042	 4.87386970109728E-02 
1043	 4.85992986978771E-02 
1044	 4.85904817891785E-02 
1045	 4.87968850200559E-02 
1046	 4.88102871736142E-02 
1047	 4.85985630102739E-02 
1048	 4.86359922392788E-02 
1049	 4.88642726046827E-02 
1050	 4.88683320123096E-02 
1051	 4.87964732100926E-02 
1052	 4.88307726837183E-02 
1053	 4.89450895006652E-02 
1054	 4.88184664917462E-02 
1055	 4.84481218397425E-02 
1056	 4.83825374374764E-02 
1057	 0.048364829664415 
1058	 4.81761366413855E-02 
1059	 4.82000171318857E-02 
1060	 4.87839600008688E-02 
1061	 4.86598031558686E-02 
1062	 4.80790011665098E-02 
1063	 4.77909988844145E-02 
1064	 4.71308138925707E-02 
1065	 4.70374034437928E-02 
1066	 4.76401995394934E-02 
1067	 0.04763892406943 
1068	 4.74978337483162E-02 
1069	 4.74765505842219E-02 
1070	 4.69943722828216E-02 
1071	 4.68890019106046E-02 
1072	 4.72869012304853E-02 
1073	 4.76737037512688E-02 
1074	 4.75357996607254E-02 
1075	 4.72092368770824E-02 
1076	 4.68922969286225E-02 
1077	 4.60144792766913E-02 
1078	 0.045764583982796 
1079	 4.58768944848972E-02 
1080	 0.045853757645848 
1081	 4.61200078914507E-02 
1082	 4.60700328471386E-02 
1083	 4.57859878228796E-02 
1084	 4.56160173471244E-02 
1085	 4.53867522970579E-02 
1086	 4.51272455342151E-02 
1087	 4.49206156098153E-02 
1088	 4.47036281012584E-02 
1089	 0.044498812120092 
1090	 4.41153090816711E-02 
1091	 4.36868539708981E-02 
1092	 4.31518818483412E-02 
1093	 4.27713021572286E-02 
1094	 4.23605549762491E-02 
1095	 4.18909179967322E-02 
1096	 4.16079216120988E-02 
1097	 4.10625125953849E-02 
1098	 4.00991315888517E-02 
1099	 3.94518262285646E-02 
1100	 3.89026413253291E-02 
1101	 3.83219967678306E-02 
1102	 3.78369143040034E-02 
1103	 3.73103932468838E-02 
1104	 3.67217720804936E-02 
1105	 0.036185244587243 
1106	 3.56250070583598E-02 
1107	 3.50621768376321E-02 
1108	 3.41337654078461E-02 
1109	 3.34509111455241E-02 
1110	 3.29115822822892E-02 
1111	 3.23456708338934E-02 
1112	 3.20577119449485E-02 
1113	 0.032755573221924 
1114	 0.031960806812311 
1115	 2.97496140949441E-02 
1116	 2.86872098978664E-02 
1117	 2.73196286236188E-02 
1118	 2.58792521674887E-02 
1119	 2.65301670518667E-02 
1120	 2.53895348282645E-02 
1121	 0.021648763306348 
1122	 0.016843682069694 
1123	 1.57027284019523E-02 
1124	 1.88999307359726E-02 
1125	 0.023443014543621 
1126	 2.31950851622367E-02 
1127	 1.94914728071539E-02 
1128	 1.88545948058691E-02 
1129	 1.89311601375739E-02 
1130	 2.05538751570203E-02 
1131	 2.06398745672923E-02 
1132	 2.00071376572634E-02 
1133	 2.00746031572886E-02 
1134	 1.98403770455576E-02 
1135	 2.03446853750136E-02 
1136	 2.25161668412197E-02 
1137	 2.34993080587347E-02 
1138	 2.49784984229727E-02 
1139	 2.31483674934603E-02 
1140	 2.21305937870991E-02 
1141	 2.20510343292564E-02 
1142	 0.020151172992941 
1143	 2.03706424172975E-02 
1144	 2.23527494827084E-02 
1145	 2.23748193479584E-02 
1146	 2.24160928880295E-02 
1147	 2.29139421175111E-02 
1148	 2.19904533648967E-02 
1149	 2.10344147411553E-02 
1150	 2.10316714777074E-02 
1151	 2.13401822782164E-02 
1152	 2.23969171747163E-02 
1153	 2.39891649333251E-02 
1154	 2.49337773652646E-02 
1155	 2.60122176117423E-02 
1156	 2.66264846285774E-02 
1157	 2.66676801771978E-02 
1158	 2.77103805437501E-02 
1159	 2.92432756321573E-02 
1160	 3.03728533682244E-02 
1161	 3.15919887060055E-02 
1162	 3.23989619561518E-02 
1163	 0.032253186100125 
1164	 3.25102948325186E-02 
1165	 3.35078717954927E-02 
1166	 3.43058823530107E-02 
1167	 3.50935288181885E-02 
1168	 3.59870995478046E-02 
1169	 3.65003206838813E-02 
1170	 0.036701571782467 
1171	 3.69582451848481E-02 
1172	 3.73640595867417E-02 
1173	 3.76205812860165E-02 
1174	 3.77067173671582E-02 
1175	 3.77638354210063E-02 
1176	 3.81168091568926E-02 
1177	 3.83047950144802E-02 
1178	 3.81120396964115E-02 
1179	 3.81127019532548E-02 
1180	 3.83310055600743E-02 
1181	 3.84190668304959E-02 
1182	 3.83557607816677E-02 
1183	 3.82990758868929E-02 
1184	 3.82438888096326E-02 
1185	 3.80839117066586E-02 
1186	 3.81637075525344E-02 
1187	 3.85021146993005E-02 
1188	 3.84265320612113E-02 
1189	 3.83854611588932E-02 
1190	 3.90131136385189E-02 
1191	 3.94175339712072E-02 
1192	 3.94959666198205E-02 
1193	 3.94900394284616E-02 
1194	 3.95476429168182E-02 
1195	 3.93902108946036E-02 
1196	 3.94832822104191E-02 
1197	 4.00473862387503E-02 
1198	 4.03418760990187E-02 
1199	 4.01339938459596E-02 
1200	 4.01068471085303E-02 
1201	 4.02199219568952E-02 
1202	 4.01031769570692E-02 
1203	 4.03618540124921E-02 
1204	 4.05842041594459E-02 
1205	 4.02316352870674E-02 
1206	 4.04133104527805E-02 
1207	 4.08030950334324E-02 
1208	 0.040635873846355 
1209	 4.07967717015331E-02 
1210	 4.11501039508309E-02 
1211	 4.11016363412587E-02 
1212	 0.041155666238508 
1213	 4.15325061132303E-02 
1214	 4.17517992073301E-02 
1215	 4.18881359723248E-02 
1216	 4.18779231922882E-02 
1217	 4.19281068911218E-02 
1218	 4.21180054897913E-02 
1219	 4.24061739616099E-02 
1220	 4.27154113314374E-02 
1221	 4.31201460650131E-02 
1222	 4.31491864574617E-02 
1223	 4.29484583930787E-02 
1224	 4.32816080223571E-02 
1225	 4.36318157689986E-02 
1226	 4.37558440081717E-02 
1227	 4.39547583157684E-02 
1228	 4.39588643409485E-02 
1229	 4.40702995734582E-02 
1230	 4.45773877544349E-02 
1231	 4.48816188297996E-02 
1232	 0.044864350616498 
1233	 4.49440720021896E-02 
1234	 4.51474131213223E-02 
1235	 4.52472089967222E-02 
1236	 4.54367487982872E-02 
1237	 4.55560925630498E-02 
1238	 4.56132895755956E-02 
1239	 4.55044992896039E-02 
1240	 4.56233490569683E-02 
1241	 4.59936772009241E-02 
1242	 4.60662592957217E-02 
1243	 4.59386229232464E-02 
1244	 4.59335758225525E-02 
1245	 4.58534832541524E-02 
1246	 4.59314404594512E-02 
1247	 0.046109147761789 
1248	 4.58580941618147E-02 
1249	 4.55776831995733E-02 
1250	 4.55218950793185E-02 
1251	 4.54354559348295E-02 
1252	 0.045533592781143 
1253	 4.57077865414092E-02 
1254	 4.56089775033185E-02 
1255	 0.045338261780015 
1256	 4.51221290435036E-02 
1257	 4.47777580990936E-02 
1258	 4.45748350356466E-02 
1259	 4.45018403952838E-02 
1260	 4.42884059959042E-02 
1261	 4.39717223271638E-02 
1262	 4.37816048871473E-02 
1263	 4.35495626378377E-02 
1264	 4.34554498548902E-02 
1265	 4.32968560282734E-02 
1266	 4.32151963461691E-02 
1267	 4.31338325952135E-02 
1268	 4.29402724049426E-02 
1269	 4.30352033515637E-02 
1270	 4.31153814244241E-02 
1271	 4.30550274417714E-02 
1272	 4.32015196837617E-02 
1273	 4.33888199392243E-02 
1274	 4.35507185620222E-02 
1275	 4.36949213192551E-02 
1276	 4.37692549294786E-02 
1277	 4.38368476736224E-02 
1278	 4.38848018212379E-02 
1279	 4.39535536384083E-02 
1280	 4.40515386079192E-02 
1281	 4.40668973653265E-02 
1282	 4.40670953643126E-02 
1283	 4.39843280003795E-02 
1284	 4.36952362770321E-02 
1285	 0.043644824858078 
1286	 0.043807716054887 
1287	 4.36542810572413E-02 
1288	 4.33795507729723E-02 
1289	 0.043286803891646 
1290	 4.31344742488846E-02 
1291	 4.28544721476275E-02 
1292	 4.26404786352295E-02 
1293	 4.24092179714555E-02 
1294	 4.20104698786114E-02 
1295	 4.15322607269889E-02 
1296	 4.12997085103009E-02 
1297	 4.11692288704901E-02 
1298	 4.08303781121273E-02 
1299	 4.04589690829031E-02 
1300	 4.00875950318027E-02 
1301	 0.039701083325597 
1302	 3.92929332333763E-02 
1303	 0.038906345328714 
1304	 3.86335870432621E-02 
1305	 3.82909971677361E-02 
1306	 3.80300236103678E-02 
1307	 3.79667889554851E-02 
1308	 3.75377784871776E-02 
1309	 3.67360977851192E-02 
1310	 3.63458649428357E-02 
1311	 3.60437997075388E-02 
1312	 0.035553259320918 
1313	 3.52468390084396E-02 
1314	 3.50140732127821E-02 
1315	 3.46059411620909E-02 
1316	 0.034091463032707 
1317	 3.37072630875256E-02 
1318	 3.34617864842656E-02 
1319	 3.30484817074908E-02 
1320	 3.25712649541617E-02 
1321	 3.21800698051259E-02 
1322	 3.21531658737029E-02 
1323	 3.15731516577739E-02 
1324	 3.10530169678044E-02 
1325	 3.05446656745434E-02 
1326	 2.98631885143073E-02 
1327	 2.95743948546829E-02 
1328	 2.88424567485233E-02 
1329	 2.80050263070987E-02 
1330	 2.75086842563496E-02 
1331	 2.62539277730165E-02 
1332	 2.54967568952371E-02 
1333	 2.51963018815068E-02 
1334	 2.38488934489995E-02 
1335	 2.32718814821943E-02 
1336	 2.31597319517401E-02 
1337	 2.28231692234013E-02 
1338	 2.27285797535636E-02 
1339	 2.27144167920497E-02 
1340	 0.022798594115737 
1341	 2.24778014250006E-02 
1342	 2.16421720018084E-02 
1343	 2.15621704232101E-02 
1344	 0.021899510183505 
1345	 2.14374193055541E-02 
1346	 2.14037477364479E-02 
1347	 2.15900895492708E-02 
1348	 2.02851171464111E-02 
1349	 1.94373337383381E-02 
1350	 2.07052246137389E-02 
1351	 2.07405251925898E-02 
1352	 0.017301550986224 
1353	 1.40470495390702E-02 
1354	 5.52456457478379E-03 
1355	 0.011759255711717 
1356	 0.030230236456305 
1357	 5.45178985268991E-02 
1358	 4.72202556320412E-02 
1359	 1.72312823108813E-02 
1360	 2.01354558010557E-02 
1361	 0.011902179152618 
1362	 0.121441258670929 
1363	 0.271092087527788 
1364	 0.185975426266267 
1365	 7.10651541498314E-02 
1366	 2.46024188684706E-02 
1367	-6.96730204428704E-02 
1368	-5.14762213637556E-02 
1369	 0.41828402836549 
1370	 0.444632257291978 
1371	 5.12348322876903E-02 
1372	 6.27733346968815E-02 
1373	 0.118347319259131 
1374	 0.124041554807759 
1375	 0.326069933154166 
1376	 0.383740960503946 
1377	 0.201657578322638 
1378	 0.192468386308495 
1379	 0.334275569909284 
1380	 0.387895169068834 
1381	 0.515934253366617 
1382	 0.395042042826392 
1383	-5.60629828118833E-03 
1384	-5.38663082612529E-02 
1385	 0.11098175591274 
1386	 0.088893785296292 
1387	 8.08774294354555E-02 
1388	 0.16238845727712 
1389	 0.168143288267929 
1390	 0.136848869825628 
1391	 0.229693581617716 
1392	 0.313676984523098 
1393	 0.331413251141706 
1394	 0.254811941642246 
1395	 0.290107225361015 
1396	 0.369121153395713 
1397	 0.35530019317382 
1398	 0.364298191275004 
1399	 0.361484761884954 
1400	 0.353968496289016 
1401	 0.32195862173815 
1402	 0.233788482526777 
1403	 0.381927439111628 
1404	 0.621834943781218 
1405	 0.562866649147586 
1406	 0.41866432493585 
1407	 0.32433131205492 
1408	 5.00379065727383E-02 
1409	-0.117859998249118 
1410	-0.254068480698457 
1411	-0.184718133780179 
1412	-5.58530280522145E-02 
1413	-6.57524633195782E-02 
1414	-6.65547147880795E-02 
1415	 2.93606031044422E-02 
1416	 0.140012127531641 
1417	 0.128700878635293 
1418	 0.158439358067444 
1419	 0.148893430205715 
1420	 4.30364331579894E-02 
1421	 1.59294351838603E-02 
1422	 4.53103171448788E-02 
1423	 4.44879257902297E-02 
1424	 2.90080643099441E-02 
1425	 2.12455416513576E-02 
1426	 1.16073745764774E-02 
1427	 1.52716422503996E-02 
1428	 3.26162355168793E-02 
1429	 2.79547432021789E-02 
1430	 8.64339381162247E-03 
1431	 1.36593503813206E-02 
1432	 3.31897815213031E-02 
1433	 2.53907437089299E-02 
1434	 7.14649300866049E-03 
1435	 9.74914412583693E-03 
1436	 7.35737847878212E-04 
1437	-3.98268495553437E-03 
1438	 1.74744337744734E-02 
1439	 3.39717754527662E-02 
1440	 1.63443543056154E-02 
1441	 1.58016911800364E-03 
1442	 1.15491023113865E-02 
1443	 1.27179675992243E-02 
1444	 4.99592920235281E-03 
1445	 1.01238536992752E-02 
1446	 1.30454014334639E-02 
1447	 9.5920570791104E-03 
1448	 1.08861643916565E-02 
1449	 1.29256157102183E-02 
1450	 0.011761643957878 
1451	 1.10299720523617E-02 
1452	 1.37195390684972E-02 
1453	 1.63780762668407E-02 
1454	 0.016296249453392 
1455	 1.49247896711951E-02 
1456	 1.55037027210104E-02 
1457	 1.55452975234116E-02 
1458	 1.52563993068905E-02 
1459	 1.62019066341171E-02 
1460	 1.68979019583752E-02 
1461	 1.65052596712662E-02 
1462	 1.58911077495164E-02 
1463	 0.016023725256652 
1464	 1.62881752130434E-02 
1465	 1.52471763776436E-02 
1466	 1.53732014615292E-02 
1467	 1.77131671320615E-02 
1468	 1.77864641588252E-02 
1469	 1.62729107200247E-02 
1470	 1.56354855131359E-02 
1471	 1.38633981314354E-02 
1472	 1.41616698268292E-02 
1473	 1.66530749319148E-02 
1474	 1.68547614264383E-02 
1475	 1.69370574595342E-02 
1476	 1.73293086864806E-02 
1477	 1.67381908948233E-02 
1478	 1.59115884327188E-02 
1479	 0.014689411185821 
1480	 1.54860612459054E-02 
1481	 1.69797428251233E-02 
1482	 0.017298422841685 
1483	 1.78385606564203E-02 
1484	 1.92987083896851E-02 
1485	 2.07374620463556E-02 
1486	 0.021041658208826 
1487	 2.09923778063835E-02 
1488	 2.21944963056345E-02 
1489	 2.34270606160631E-02 
1490	 0.023802789059832 
1491	 2.47938417580593E-02 
1492	 2.54810996062404E-02 
1493	 2.48561628439047E-02 
1494	 2.51875870659126E-02 
1495	 0.026397055025819 
1496	 2.71657096180024E-02 
1497	 2.80292077857535E-02 
1498	 2.85142265608585E-02 
1499	 2.86180858792819E-02 
1500	 2.90873751610587E-02 
1501	 2.96247209501404E-02 
1502	 2.99573482952311E-02 
1503	 3.03819197778525E-02 
1504	 3.08714772782921E-02 
1505	 0.031252275130092 
1506	 3.16219949475106E-02 
1507	 3.20100605986929E-02 
1508	 3.23373241697753E-02 
1509	 3.26194856530148E-02 
1510	 3.28306333611158E-02 
1511	 3.31125156310837E-02 
1512	 3.34031656552718E-02 
1513	 3.35917477842814E-02 
1514	 3.37582928299356E-02 
1515	 3.41199047165818E-02 
1516	 3.44459327961508E-02 
1517	 3.46018652987663E-02 
1518	 0.03498605186881 
1519	 3.52761000101074E-02 
1520	 0.035429504138353 
1521	 0.0359108895093 
1522	 3.62128933564325E-02 
1523	 3.62258365368685E-02 
1524	 3.64949111308934E-02 
1525	 3.68328765696956E-02 
1526	 3.69027622338578E-02 
1527	 3.69011824103999E-02 
1528	 3.71331362922249E-02 
1529	 3.73962943764576E-02 
1530	 0.037446590393736 
1531	 3.77839164861744E-02 
1532	 3.83135719175697E-02 
1533	 3.83775544045661E-02 
1534	 3.83557435029633E-02 
1535	 3.85084169822639E-02 
1536	 3.86480375452805E-02 
1537	 3.88088042713471E-02 
1538	 3.90142598749014E-02 
1539	 3.91858212325485E-02 
1540	 0.039281722139092 
1541	 3.95112820232385E-02 
1542	 0.039754078466067 
1543	 3.98389700958885E-02 
1544	 3.98901881293953E-02 
1545	 0.040034906492485 
1546	 4.01678314365822E-02 
1547	 4.01501703701305E-02 
1548	 4.02222640671438E-02 
1549	 4.02868671823279E-02 
1550	 4.02992436382333E-02 
1551	 4.04593288901107E-02 
1552	 4.05774851067899E-02 
1553	 4.06506726780035E-02 
1554	 4.08222180672193E-02 
1555	 4.10263181600133E-02 
1556	 4.09679233961174E-02 
1557	 4.07697630786141E-02 
1558	 4.08956093856684E-02 
1559	 4.10855944222529E-02 
1560	 4.12202101036416E-02 
1561	 4.12800421943594E-02 
1562	 0.040947410409899 
1563	 4.06839394087321E-02 
1564	 4.07833033057024E-02 
1565	 4.09550130002552E-02 
1566	 4.09771923932471E-02 
1567	 4.08613873310153E-02 
1568	 4.09873240533015E-02 
1569	 4.09447514096936E-02 
1570	 4.05971375897742E-02 
1571	 4.05526011186565E-02 
1572	 4.06040458756157E-02 
1573	 4.06705942705543E-02 
1574	 4.07533362470393E-02 
1575	 4.06748287579493E-02 
1576	 0.040594724166038 
1577	 4.06666962850842E-02 
1578	 4.09591334139834E-02 
1579	 4.11415344782376E-02 
1580	 4.09867796146509E-02 
1581	 0.040773519931305 
1582	 0.040851341213411 
1583	 4.12203883407893E-02 
1584	 4.13703462140499E-02 
1585	 4.13960618558948E-02 
1586	 4.14945501582495E-02 
1587	 4.14242152794166E-02 
1588	 4.14947487834859E-02 
1589	 4.17748848689581E-02 
1590	 4.18546683878314E-02 
1591	 0.041729877735081 
1592	 4.16661610195637E-02 
1593	 4.16464955293353E-02 
1594	 4.16589174544086E-02 
1595	 4.17634773467765E-02 
1596	 4.18113530789182E-02 
1597	 4.17441348102896E-02 
1598	 4.15883504958769E-02 
1599	 4.14651821855556E-02 
1600	 0.04143188613541 
1601	 4.14802336019208E-02 
1602	 4.14719746999329E-02 
1603	 4.12281745386823E-02 
1604	 0.041262160000316 
1605	 4.16493510922638E-02 
1606	 4.16900598989158E-02 
1607	 4.15604280196779E-02 
1608	 4.17146638623004E-02 
1609	 4.18154035738971E-02 
1610	 4.16667339826299E-02 
1611	 4.17518130601259E-02 
1612	 4.19707626827989E-02 
1613	 0.041854280277098 
1614	 4.17493867929605E-02 
1615	 4.19361193160502E-02 
1616	 4.20321797585166E-02 
1617	 4.18355630948478E-02 
1618	 0.041795365026119 
1619	 4.21133322888518E-02 
1620	 4.23036016292449E-02 
1621	 4.22047476064975E-02 
1622	 4.23596458386975E-02 
1623	 0.042505211942306 
1624	 4.22375430443994E-02 
1625	 0.042269405526118 
1626	 4.23488922700587E-02 
1627	 4.21702331660645E-02 
1628	 4.22394631649228E-02 
1629	 0.042390090029832 
1630	 4.24346471940565E-02 
1631	 0.04225603704224 
1632	 4.20391355774362E-02 
1633	 4.20743869107304E-02 
1634	 4.20876859401615E-02 
1635	 0.042219829758036 
1636	 4.25109293242533E-02 
1637	 4.25120162244246E-02 
1638	 4.22123836298376E-02 
1639	 4.19734094412698E-02 
1640	 4.21047386639753E-02 
1641	 4.22377529319176E-02 
1642	 4.21931711265763E-02 
1643	 4.23801157213916E-02 
1644	 4.23349946704236E-02 
1645	 4.20782541841893E-02 
1646	 4.22334356308325E-02 
1647	 4.21893738620151E-02 
1648	 4.17675173190285E-02 
1649	 4.15549158486855E-02 
1650	 4.17093234873393E-02 
1651	 4.18560118615114E-02 
1652	 4.17026856248688E-02 
1653	 4.19558878760827E-02 
1654	 4.19782851672557E-02 
1655	 4.19933157402723E-02 
1656	 4.20406883634892E-02 
1657	 4.18068138358242E-02 
1658	 4.17476361329015E-02 
1659	 4.18730034799071E-02 
1660	 4.19968807008739E-02 
1661	 4.21737295481572E-02 
1662	 4.21788189061118E-02 
1663	 4.22823321889609E-02 
1664	 4.22593939916769E-02 
1665	 4.19026822120134E-02 
1666	 4.18287404739644E-02 
1667	 4.19030697740067E-02 
1668	 4.14909761739726E-02 
1669	 4.14168366955445E-02 
1670	 4.17592261462329E-02 
1671	 4.18181700564621E-02 
1672	 0.041841511739644 
1673	 4.22030136275383E-02 
1674	 4.24539937773244E-02 
1675	 4.23905845683873E-02 
1676	 4.22827783748781E-02 
1677	 4.21077281429719E-02 
1678	 0.041725195985967 
1679	 0.041457037083198 
1680	 4.16753653545275E-02 
1681	 4.20265211104912E-02 
1682	 4.20475001461263E-02 
1683	 0.041935064576451 
1684	 4.17579869817611E-02 
1685	 4.15210109232807E-02 
1686	 4.15770587335835E-02 
1687	 4.16914936891824E-02 
1688	 4.13232796122511E-02 
1689	 4.10663252383285E-02 
1690	 4.11690949747739E-02 
1691	 4.11069730568575E-02 
1692	 0.04135770514319 
1693	 4.15334955366798E-02 
1694	 4.10581696807581E-02 
1695	 4.07542534087308E-02 
1696	 4.07148555025068E-02 
1697	 4.07105701803254E-02 
1698	 4.09511252149662E-02 
1699	 4.11843663363625E-02 
1700	 4.10295316508736E-02 
1701	 4.08097695605951E-02 
1702	 0.040624996247268 
1703	 4.05349887758349E-02 
1704	 4.06017353487769E-02 
1705	 4.03377280038106E-02 
1706	 4.03086203337389E-02 
1707	 4.02557975319442E-02 
1708	 3.95874307105494E-02 
1709	 3.96876420975036E-02 
1710	 4.02466211955625E-02 
1711	 4.01257092125472E-02 
1712	 4.01918817015667E-02 
1713	 4.00579354925279E-02 
1714	 3.99677857799252E-02 
1715	 4.02010387915751E-02 
1716	 4.00914257408164E-02 
1717	 3.97633473648491E-02 
1718	 3.99160982767125E-02 
1719	 3.92674253353786E-02 
1720	 3.87551630205786E-02 
1721	 3.93055374901971E-02 
1722	 0.039255030548634 
1723	 3.90498958261456E-02 
1724	 0.039266252028629 
1725	 3.86988467239653E-02 
1726	 3.81786517270019E-02 
1727	 3.84237526368501E-02 
1728	 3.83106497646981E-02 
1729	 3.79476372738038E-02 
1730	 3.76755611692828E-02 
1731	 3.73003065759776E-02 
1732	 3.74638994816669E-02 
1733	 3.80648549814625E-02 
1734	 3.81669732681606E-02 
1735	 3.77579709069672E-02 
1736	 3.73017896433448E-02 
1737	 3.68402394656141E-02 
1738	 3.65654226252681E-02 
1739	 3.67125246221602E-02 
1740	 3.67453242983912E-02 
1741	 3.65333523704094E-02 
1742	 3.65665770942841E-02 
1743	 3.63727669530662E-02 
1744	 3.56591347270805E-02 
1745	 3.52212300040996E-02 
1746	 0.035586536414395 
1747	 3.56938410587379E-02 
1748	 3.63009018971825E-02 
1749	 3.60908742901114E-02 
1750	 3.47820922557554E-02 
1751	 3.45990266212022E-02 
1752	 3.50341282161649E-02 
1753	 3.48954475081481E-02 
1754	 3.51036062494173E-02 
1755	 3.49958701174075E-02 
1756	 3.38003533713413E-02 
1757	 3.42612383031495E-02 
1758	 3.44799796727003E-02 
1759	 3.36571858012408E-02 
1760	 3.38496460796549E-02 
1761	 3.39333303549857E-02 
1762	 3.31214498795317E-02 
1763	 3.34457197031751E-02 
1764	 0.033269845763776 
1765	 3.19135347830423E-02 
1766	 3.19822389212528E-02 
1767	 3.12776073608377E-02 
1768	 2.92383724925814E-02 
1769	 2.93703723230359E-02 
1770	 2.93546481178208E-02 
1771	 2.86248570075775E-02 
1772	 2.97868450844775E-02 
1773	 2.97304249699398E-02 
1774	 2.80170640269478E-02 
1775	 0.027891272513024 
1776	 2.73133508624506E-02 
1777	 2.58802121355805E-02 
1778	 2.58979408439901E-02 
1779	 2.68363303922437E-02 
1780	 0.026973256545357 
1781	 2.85649534827994E-02 
1782	 2.82700860166521E-02 
1783	 2.59065573177114E-02 
1784	 2.50369925359026E-02 
1785	 2.32255404984675E-02 
1786	 2.28782188799074E-02 
1787	 2.45281493611674E-02 
1788	 2.40561888274178E-02 
1789	 2.36028086646755E-02 
1790	 2.26287990417068E-02 
1791	 1.93647739374959E-02 
1792	 1.90115945929459E-02 
1793	 0.020842923204909 
1794	 2.16750378327006E-02 
1795	 2.39827172584431E-02 
1796	 2.41137922986763E-02 
1797	 2.26311181481766E-02 
1798	 1.97123283618037E-02 
1799	 1.62213711549944E-02 
1800	 1.67124431168488E-02 
1801	 1.38062838134332E-02 
1802	 1.36653847853469E-02 
1803	 1.23173137974773E-02 
1804	-5.27947612307637E-03 
1805	-4.05710905421545E-03 
1806	 2.54822927076628E-02 
1807	 0.046759253084701 
1808	 0.124351697860177 
1809	 0.149038336846954 
1810	 4.91075289899318E-02 
1811	 6.42583628710836E-03 
1812	-0.103472246102815 
1813	-0.155279091767798 
1814	-0.150275916621192 
1815	 8.17160537753931E-02 
1816	 0.58691101455012 
1817	 0.770286250515587 
1818	 0.728133715677898 
1819	-1.76713543912972E-02 
1820	-0.803937719426894 
1821	-0.948667761469833 
1822	-0.913120771366661 
1823	-3.30500987935407E-02 
1824	 0.443154657890343 
1825	 0.855338078337119 
1826	 1.0043763917437 
1827	 0.763734154711201 
1828	 0.552260049533558 
1829	-6.31415048810007E-02 
1830	-0.20630411712501 
1831	 0.263684882097476 
1832	 0.180513585329345 
1833	 6.53529094635846 
1834	 41.361075737765 
1835	 3.30822357975052 
1836	 3.51722016285019 
1837	 1.19483743881524 
1838	 1.46287070908701 
1839	-2.07221160688236 
1840	-0.389368207005445 
1841	-0.424760785781504 
1842	-0.62599533170362 
1843	-0.920629111327056 
1844	 9.4667180919574 
1845	 0.874992903836206 
1846	-1.92510460409149 
1847	-3.74199156949941 
1848	 5.77252994935149 
1849	 0.614789112177798 
1850	 1.97844065605847 
1851	 4.9125929393184 
1852	 3.9966349091284 
1853	-32.3580378783037 
1854	-4.33572270597986 
1855	-0.209973823151599 
1856	 0.19478056528076 
1857	 0.573506523610248 
1858	 0.320267996486014 
1859	 0.127951839573197 
1860	 0.297605711513185 
1861	-0.18516917745691 
1862	 0.519362362589944 
1863	 5.48231271022859E-03 
1864	-9.12538832757502E-02 
1865	-0.103351965715829 
1866	-0.197069957318828 
1867	-0.662979669030886 
1868	-1.29572225874179 
1869	-2.57185203640066 
1870	-5.3685058788578 
1871	 3.45225704745387 
1872	 4.47799113318517 
1873	-2.93182191290306 
1874	-3.58970558386585 
1875	-2.24246934803819 
1876	-1.92240269834411 
1877	-2.70434071489225 
1878	-2.57025944438062 
1879	-2.04969770756868 
1880	-1.32655365240691 
1881	-0.739650294073073 
1882	-0.566124916080374 
1883	-0.663228709427598 
1884	-0.613937991796673 
1885	-1.02412846728361 
1886	 1.69948252373245 
1887	-3.44576647056973 
1888	-4.59909162732563 
1889	-5.86929195754058 
1890	-6.88861981914561 
1891	-5.29243515598687 
1892	-5.40304361129564 
1893	-2.6554250771875 
1894	-1.25154686510042 
1895	-2.87542036784422E-02 
1896	-28.8412581208082 
1897	-0.101126106151543 
1898	 0.188240822949706 
1899	 0.996479824503589 
1900	 1.98665182633366 
1901	-1.33203153115859 
1902	-0.888428616184867 
1903	-0.836812574226577 
1904	-0.793735842833435 
1905	-4.88218574508933 
1906	-2.24308389580397 
1907	-0.602043571031515 
1908	-0.15675723572949 
1909	 0.474641225570862 
1910	 1.41877664176268 
1911	-1.17345017482706 
1912	 7.37927373775873 
1913	 3.13604876857967 
1914	 2.22317219730724 
1915	 2.30450176729093 
1916	 1.3319394355761 
1917	 0.770750683519456 
1918	-22.0639705411058 
1919	-0.352618764028086 
1920	 3.30105368051434 
1921	 2.60820611095067 
1922	-4.24853594535191 
1923	-0.293872665269818 
1924	 0.181824975921905 
1925	 1.33353099235054 
1926	 10.7584152041845 
1927	-0.575925227602084 
1928	 0.139367634797977 
1929	 0.42719415319703 
1930	 1.29913778707926 
1931	 0.493461532193264 
1932	 1.78858631292893 
1933	 0.418483202496223 
1934	 0.305955351015604 
1935	 0.172961845883709 
1936	 6.09678683930004E-02 
1937	-0.108694508034673 
1938	-0.178445020040131 
1939	-0.156618578800239 
1940	-5.42424211385196E-02 
1941	-6.33951393627784E-02 
1942	-2.42969884479108E-02 
1943	 4.93355480739956E-02 
1944	 4.44855288532594E-02 
1945	 0.024579175235827 
1946	-0.016994644928595 
1947	-5.12829475770926E-02 
1948	-3.83936789526527E-02 
1949	-2.31488281546335E-02 
1950	-4.06323632169588E-02 
1951	-0.03631117810973 
1952	-2.68660353930432E-02 
1953	-2.84739936059276E-02 
1954	-3.48544485886139E-02 
1955	 2.47578755465434E-02 
1956	 4.66397321935803E-02 
1957	 1.93936637726301E-02 
1958	 2.74229270752385E-02 
1959	 2.22399273350298E-02 
1960	 3.65166988287303E-03 
1961	 3.06980960448478E-03 
1962	 7.43159185219549E-03 
1963	 1.15611813546274E-02 
1964	 1.61583485421233E-02 
1965	 1.77944767659008E-02 
1966	 1.98055041489364E-02 
1967	 2.11520032718009E-02 
1968	 2.12202718276635E-02 
1969	 0.019180411317277 
1970	 1.81741582697863E-02 
1971	 1.76904886980578E-02 
1972	 0.01706465543114 
1973	 0.017853441201232 
1974	 1.90241880678682E-02 
1975	 1.98434554234621E-02 
1976	 1.94668427995982E-02 
1977	 1.78903305738525E-02 
1978	 1.77406776120864E-02 
1979	 1.82329274586895E-02 
1980	 1.91476871588613E-02 
1981	 0.019537722063801 
1982	 1.98901581737353E-02 
1983	 2.02782971592981E-02 
1984	 2.05287559454554E-02 
1985	 1.93546640358095E-02 
1986	 0.019533510656514 
1987	 0.021189663234253 
1988	 2.07296294733618E-02 
1989	 2.00436258775206E-02 
1990	 2.09021831062307E-02 
1991	 2.11908685714743E-02 
1992	 2.08823971544047E-02 
1993	 2.14663309301359E-02 
1994	 2.19546538235742E-02 
1995	 2.20085082726676E-02 
1996	 2.14681183859054E-02 
1997	 2.24144175257555E-02 
1998	 2.38294618238201E-02 
1999	 2.39181397294045E-02 
2000	 2.32009853392184E-02 
2001	 2.02583028960352E-02 
2002	 1.79557191434989E-02 
2003	 2.01327661778005E-02 
2004	 2.03310526012177E-02 
2005	 2.04164603856556E-02 
2006	 2.10708092637414E-02 
2007	 1.93582754005558E-02 
2008	 1.92368676745366E-02 
2009	 1.94505791265438E-02 
2010	 0.022960887421612 
2011	 2.32672536405352E-02 
2012	 2.14931840387604E-02 
2013	 2.01256448116837E-02 
2014	 2.20314169733793E-02 
2015	 2.35648950400121E-02 
2016	 2.37554904017492E-02 
2017	 2.27925225347248E-02 
2018	 2.10623097925592E-02 
2019	 2.04193088927636E-02 
2020	 2.08127367433387E-02 
2021	 2.12881046324023E-02 
2022	 2.26196968857245E-02 
2023	 2.35733285637068E-02 
2024	 2.40713821100149E-02 
2025	 2.53762269142281E-02 
2026	 2.58961169369116E-02 
2027	 2.56783758992612E-02 
2028	 2.51254125913525E-02 
2029	 2.57187121455828E-02 
2030	 2.58257288273085E-02 
2031	 2.61277887963815E-02 
2032	 0.026584038984536 
2033	 2.68466031265971E-02 
2034	 2.73913156464189E-02 
2035	 2.80782454668192E-02 
2036	 2.87048713265416E-02 
2037	 2.94555941776599E-02 
2038	 2.98261055224216E-02 
2039	 2.97823310875786E-02 
2040	 2.92114498041245E-02 
2041	 2.92353844897275E-02 
2042	 2.90227838670832E-02 
2043	 2.89296583763769E-02 
2044	 2.93707890475095E-02 
2045	 2.95166692743326E-02 
2046	 2.93100788003407E-02 
2047	 2.92556181583488E-02 
2048	 2.87331096326565E-02 
2049	 2.89116900629147E-02 
2050	 2.90874782875639E-02 
2051	 2.85313467585511E-02 
2052	 2.88765501921164E-02 
2053	 2.91409271469039E-02 
2054	 0.029401381337261 
2055	 2.96493436931033E-02 
2056	 2.96095932311106E-02 
2057	 2.93904307435513E-02 
2058	 2.93408868920387E-02 
2059	 2.91628860970322E-02 
2060	 2.89183104280928E-02 
2061	 2.86557374783412E-02 
2062	 2.86333254227659E-02 
2063	 2.87434605872558E-02 
2064	 2.86948870292167E-02 
2065	 2.95083123669861E-02 
2066	 3.01258747069154E-02 
2067	 2.94861206870012E-02 
2068	 2.85416175448805E-02 
2069	 2.79839108705288E-02 
2070	 2.77216433907869E-02 
2071	 2.86479869733432E-02 
2072	 3.04489632666214E-02 
2073	 3.09478667031304E-02 
2074	 3.10452442649558E-02 
2075	 3.09942780028455E-02 
2076	 2.97414643329623E-02 
2077	 2.98102201519157E-02 
2078	 3.11689305222143E-02 
2079	 3.14596926405865E-02 
2080	 0.031768045220951 
2081	 3.15177212083489E-02 
2082	 3.07001151675195E-02 
2083	 3.03689825771526E-02 
2084	 3.12216342852303E-02 
2085	 3.20936903402041E-02 
2086	 0.033219778149712 
2087	 3.36559372683764E-02 
2088	 3.33335912863655E-02 
2089	 3.32632859721808E-02 
2090	 3.27966229713845E-02 
2091	 3.25553642308888E-02 
2092	 3.24857138949044E-02 
2093	 3.24451041715297E-02 
2094	 3.25390702872574E-02 
2095	 3.30416459916927E-02 
2096	 3.32399237640168E-02 
2097	 3.31471286566406E-02 
2098	 3.34020398696331E-02 
2099	 3.36930209922331E-02 
2100	 3.43330834760456E-02 
2101	 3.47835485661942E-02 
2102	 3.49061961491733E-02 
2103	 3.44587877570231E-02 
2104	 3.38190299373862E-02 
2105	 3.35230105519918E-02 
2106	 3.33577207876174E-02 
2107	 3.36010078459054E-02 
2108	 3.38758282229577E-02 
2109	 3.37933977795587E-02 
2110	 3.39371418267057E-02 
2111	 3.38909976707557E-02 
2112	 3.33741105918381E-02 
2113	 3.33864524890364E-02 
2114	 3.35205826916215E-02 
2115	 3.37720435934604E-02 
2116	 3.46508886842037E-02 
2117	 3.49860131634229E-02 
2118	 3.49848404590456E-02 
2119	 3.50467768723713E-02 
2120	 3.47560171921817E-02 
2121	 3.49229606917138E-02 
2122	 3.61066079649038E-02 
2123	 3.62294345433188E-02 
2124	 3.57026626609316E-02 
2125	 3.56370589793154E-02 
2126	 3.53819383115571E-02 
2127	 3.54328054055327E-02 
2128	 3.54177155145216E-02 
2129	 3.53978774484498E-02 
2130	 3.55162682220092E-02 
2131	 3.56222984096968E-02 
2132	 3.64496403910167E-02 
2133	 3.73554711663952E-02 
2134	 3.74436257987588E-02 
2135	 3.63976351665057E-02 
2136	 0.036087179304365 
2137	 3.56124859275401E-02 
2138	 3.52191975104876E-02 
2139	 3.51545120592124E-02 
2140	 3.49319931929989E-02 
2141	 3.43850446170113E-02 
2142	 3.47011528361157E-02 
2143	 3.58300316580399E-02 
2144	 3.58982536203292E-02 
2145	 3.64755667125477E-02 
2146	 3.70477462095707E-02 
2147	 3.66362618168755E-02 
2148	 3.62368092207083E-02 
2149	 3.65868127699506E-02 
2150	 3.64776961279271E-02 
2151	 3.57295559398977E-02 
2152	 3.56870104287196E-02 
2153	 3.60374001175037E-02 
2154	 3.55927896973935E-02 
2155	 3.48064848392038E-02 
2156	 3.47256377314595E-02 
2157	 0.034809298119536 
2158	 0.034425346939492 
2159	 3.46802240478454E-02 
2160	 3.62615406996728E-02 
2161	 3.64017696956369E-02 
2162	 3.52915368122038E-02 
2163	 3.55346270337714E-02 
2164	 3.65691372265702E-02 
2165	 3.67957915795356E-02 
2166	 3.70603806619692E-02 
2167	 3.72433841845264E-02 
2168	 3.67195689664064E-02 
2169	 3.63642123199218E-02 
2170	 3.65232238529629E-02 
2171	 3.64670967048031E-02 
2172	 3.54890350169553E-02 
2173	 3.48252007163498E-02 
2174	 3.39236612344017E-02 
2175	 3.40639213397787E-02 
2176	 3.44084258069982E-02 
2177	 3.38736351165121E-02 
2178	 3.35810850834809E-02 
2179	 3.34739349678973E-02 
2180	 0.035190581188445 
2181	 3.61781104384973E-02 
2182	 3.56445780305166E-02 
2183	 3.60348278750971E-02 
2184	 3.52958980503141E-02 
2185	 3.49438478430436E-02 
2186	 3.42768317754679E-02 
2187	 3.36644113956046E-02 
2188	 3.35047641633291E-02 
2189	 3.30936559675962E-02 
2190	 3.30388996172735E-02 
2191	 3.45604859229849E-02 
2192	 3.48237551748041E-02 
2193	 3.38063383689663E-02 
2194	 3.36450032407818E-02 
2195	 3.39056539213231E-02 
2196	 0.033836916391413 
2197	 3.36553802939547E-02 
2198	 3.36741138869371E-02 
2199	 3.32731645780906E-02 
2200	 3.33223230757342E-02 
2201	 3.47054003009965E-02 
2202	 3.52935179450816E-02 
2203	 3.49171865850192E-02 
2204	 3.54582105822081E-02 
2205	 3.59695034070294E-02 
2206	 3.65411635278378E-02 
2207	 3.72103456195147E-02 
2208	 3.67995614752699E-02 
2209	 3.62260676279327E-02 
2210	 3.60605855838357E-02 
2211	 3.53731673336633E-02 
2212	 3.52105376426673E-02 
2213	 3.49406854055279E-02 
2214	 3.38340894208356E-02 
2215	 3.41674420583874E-02 
2216	 3.50896149452069E-02 
2217	 3.53241210253605E-02 
2218	 3.56778378053788E-02 
2219	 3.52041568422034E-02 
2220	 3.36104097260967E-02 
2221	 3.37002889648198E-02 
2222	 3.41122417168962E-02 
2223	 3.50575111848691E-02 
2224	 3.79187412956136E-02 
2225	 3.80319017623503E-02 
2226	 3.67899502262271E-02 
2227	 3.61637779942981E-02 
2228	 3.34408012091749E-02 
2229	 3.32187132756093E-02 
2230	 3.58764704200116E-02 
2231	 3.59631018720701E-02 
2232	 3.52962001108564E-02 
2233	 3.58463732283578E-02 
2234	 3.67926465145958E-02 
2235	 3.47720322411355E-02 
2236	 3.41329707099869E-02 
2237	 3.50435221133014E-02 
2238	 3.34726679278188E-02 
2239	 3.28286231814905E-02 
2240	 3.42602019612534E-02 
2241	 3.47406312511964E-02 
2242	 3.54210915158181E-02 
2243	 3.83075574885053E-02 
2244	 3.82367778516966E-02 
2245	 3.63104155633711E-02 
2246	 3.61093573888301E-02 
2247	 3.40457628558563E-02 
2248	 3.43941814009836E-02 
2249	 0.035135992952174 
2250	 3.34107468485543E-02 
2251	 3.37693839347301E-02 
2252	 3.41213605908259E-02 
2253	 3.38703942877428E-02 
2254	 3.42976361109835E-02 
2255	 3.30472282631963E-02 
2256	 3.12869766544693E-02 
2257	 3.26680135850858E-02 
2258	 3.43303390798547E-02 
2259	 3.50906580561756E-02 
2260	 3.51237815076942E-02 
2261	 3.40833690761507E-02 
2262	 3.43811838367254E-02 
2263	 3.40800882468197E-02 
2264	 3.36082791133262E-02 
2265	 0.034910347150861 
2266	 0.035253839037666 
2267	 3.44553225792016E-02 
2268	 3.45092205153251E-02 
2269	 3.46903868476717E-02 
2270	 3.44967709028623E-02 
2271	 3.43371868245962E-02 
2272	 3.34397532361777E-02 
2273	 0.031854414046096 
2274	 3.18780590264784E-02 
2275	 3.13891297319068E-02 
2276	 3.18661489494348E-02 
2277	 3.56737573542768E-02 
2278	 0.036809818942024 
2279	 3.67165350262532E-02 
2280	 3.61998053199695E-02 
2281	 3.44026421827029E-02 
2282	 3.21971480361948E-02 
2283	 3.18876580719729E-02 
2284	 3.34622622533164E-02 
2285	 3.37706545484633E-02 
2286	 3.24529677778937E-02 
2287	 3.21778885794488E-02 
2288	 0.030184012880318 
2289	 0.02978417805416 
2290	 3.18688593860445E-02 
2291	 3.02476871631461E-02 
2292	 2.77502462835948E-02 
2293	 2.95730816997318E-02 
2294	 0.029899449317109 
2295	 2.67104976518748E-02 
2296	 2.64702625715949E-02 
2297	 2.43508117335754E-02 
2298	 2.18929015210849E-02 
2299	 2.75128761508405E-02 
2300	 3.32952724236087E-02 
2301	 3.45524879405895E-02 
2302	 3.60027678290128E-02 
2303	 3.61673439246335E-02 
2304	 3.33562613391242E-02 
2305	 3.21554365530935E-02 
2306	 3.58144777265442E-02 
2307	 3.76732699128412E-02 
2308	 3.53144820219598E-02 
2309	 0.033179199755893 
2310	 3.13196212066326E-02 
2311	 3.15118246273501E-02 
2312	 3.28969071724735E-02 
2313	 3.39302291194906E-02 
2314	 3.36523511164061E-02 
2315	 3.06398145113245E-02 
2316	 3.19412958231068E-02 
2317	 3.62055230547381E-02 
2318	 3.48582695270234E-02 
2319	 3.29557519724626E-02 
2320	 2.88786442130692E-02 
2321	 2.24612693801623E-02 
2322	 2.34546920936392E-02 
2323	 2.53090468046511E-02 
2324	 2.61343693451242E-02 
2325	 3.18200451135764E-02 
2326	 3.59090666014108E-02 
2327	 3.26884832362835E-02 
2328	 3.12891663230022E-02 
2329	 3.31706479104654E-02 
2330	 3.22640228273137E-02 
2331	 3.41572280296299E-02 
2332	 3.43103779673886E-02 
2333	 2.97029032840408E-02 
2334	 2.83832449874354E-02 
2335	 2.92334227276479E-02 
2336	 2.96448539977258E-02 
2337	 2.87796578613553E-02 
2338	 2.52469820708044E-02 
2339	 2.23730297707617E-02 
2340	 2.45511381909046E-02 
2341	 3.01699793967194E-02 
2342	 3.08356360109636E-02 
2343	 2.91811526630637E-02 
2344	 2.77714057544008E-02 
2345	 2.45490454307834E-02 
2346	 2.29990208358758E-02 
2347	 1.81409324452223E-02 
2348	 1.77273933420572E-02 
2349	 1.68668163563164E-02 
2350	 1.76569035998204E-02 
2351	 3.46833056531097E-02 
2352	 3.99619009659512E-02 
2353	 3.53121686674967E-02 
2354	 3.36503315465727E-02 
2355	 0.020295991400845 
2356	 1.25876499477351E-02 
2357	 2.04513071846442E-02 
2358	 2.42464128944487E-02 
2359	 3.27023704737598E-02 
2360	 3.88997626909937E-02 
2361	 3.53495639852143E-02 
2362	 3.87413861375689E-02 
2363	 3.25758356417889E-02 
2364	 2.23825138179788E-02 
2365	 1.94628263095007E-02 
2366	 1.04723325716351E-02 
2367	 1.04541620115683E-02 
2368	 2.05989304506987E-02 
2369	 2.14005819158701E-02 
2370	 0.02144310489391 
2371	 1.97839225354357E-02 
2372	 5.41875003606197E-03 
2373	 7.31264549872589E-03 
2374	 0.024298399183143 
2375	 2.73893495224335E-02 
2376	 4.34666286420624E-02 
2377	 6.67127716895261E-02 
2378	 5.45493882297079E-02 
2379	 3.03659661576228E-02 
2380	 2.22045497630456E-02 
2381	 9.40673073559114E-03 
2382	-1.06965171786277E-02 
2383	 0.001749417946597 
2384	 2.73019829011598E-02 
2385	 1.82150690464677E-02 
2386	 3.68643805849346E-03 
2387	 9.83351586620693E-03 
2388	-4.55846492186144E-04 
2389	 4.4948632707238E-03 
2390	 2.85346343629935E-02 
2391	 2.01693450209856E-02 
2392	 1.80230212106391E-02 
2393	-1.76671915391506E-02 
2394	-5.94696839231023E-02 
2395	-3.26096130141379E-02 
2396	-0.025401733298594 
2397	-3.34329571869849E-02 
2398	-1.71043393973084E-02 
2399	-1.01540504955267E-02 
2400	-1.31135956282755E-02 
2401	-6.75862835855321E-03 
2402	 2.88567024075603E-02 
2403	 4.85588125663963E-02 
2404	 3.40101497163032E-02 
2405	 4.38790001587368E-02 
2406	 6.54148768677003E-02 
2407	 7.09690100075329E-02 
2408	 5.60216639660492E-02 
2409	 2.59944317516055E-02 
2410	-9.6252824944923E-03 
2411	-8.76548639797242E-02 
2412	-0.095696725081714 
2413	-6.51143637226724E-02 
2414	-0.117540560758708 
2415	-0.033085404963313 
2416	 5.75547003536161E-02 
2417	 9.49419450237611E-02 
2418	 0.223464693001353 
2419	 8.74446277979757E-02 
2420	-0.125975078076028 
2421	-0.22094000420834 
2422	-0.263472492444544 
2423	-0.167506815486998 
2424	-8.77063425296745E-02 
2425	-4.64159347402633E-02 
2426	-5.25330480143878E-02 
2427	-0.122107494721852 
2428	-0.148615406445472 
2429	-0.125588919261043 
2430	-9.03062596840471E-02 
2431	 3.35707457380481E-02 
2432	 0.14556581914711 
2433	 0.158525119064038 
2434	 0.144965891967375 
2435	 6.23159405369749E-02 
2436	 2.12346920000137E-02 
2437	 0.127944301014576 
2438	 0.19827918949941 
2439	 0.302306371820646 
2440	 0.435956420060559 
2441	 0.42368844440116 
2442	 0.387053113787053 
2443	 0.409125071295508 
2444	 0.461954976216155 
2445	 0.37967637865731 
2446	 0.281730058400126 
2447	 0.300469582548071 
2448	 0.218319693717688 
2449	 0.317511945724341 
2450	 0.42763066296685 
2451	 0.457193675872123 
2452	 1.47165985292685 
2453	 0.854586794357034 
2454	 0.408439569519492 
2455	 0.131020501316873 
2456	-0.23140186840508 
2457	-0.208735400167165 
2458	-3.66201645766576E-02 
2459	 4.47568845620366E-02 
2460	 0.555301080602919 
2461	 0.834930501191479 
2462	 0.733116102989479 
2463	 0.800981305772331 
2464	-0.110571735635108 
2465	-0.626953645981129 
2466	-0.459648662871003 
2467	-1.18239545536632 
2468	-1.59466961999142 
2469	-1.75481108109983 
2470	-2.96320670286073 
2471	-0.961888556680916 
2472	-0.222809812614003 
2473	-0.823693173028818 
2474	 6.55281237594916 
2475	-4.17578795229837 
2476	 20.5662429894568 
2477	 1.74267834868279 
2478	 1.28793013472329 
2479	 0.278118410221336 
2480	 0.848541420524424 
2481	 5.97798554648283E-02 
2482	 0.843937015318138 
2483	 1.10708870438804 
2484	-0.359749578072221 
2485	-0.132255502611066 
2486	 0.482587205229017 
2487	 1.21838008781751 
2488	 1.19186843165968 
2489	 1.18879800330759 
2490	 0.860800766310016 
2491	-3.38524289368913E-02 
2492	-5.84343189585366E-02 
2493	 0.190601142464274 
2494	 0.395731630158396 
2495	-1.28645589270293 
2496	-1.19199346318151 
2497	-5.94853268441549 
2498	-1.05309764835546 
2499	 1.81485257704716 
2500	-0.043243187752083 
