Wavelength	rt0713west_close_sunny_200004.asd
350	 4.41465028532101E-02 
351	 4.37676924012917E-02 
352	 4.31639198347976E-02 
353	 4.31797628426432E-02 
354	 4.37751864043198E-02 
355	 4.30636628850036E-02 
356	 4.28510695504565E-02 
357	 0.043024117175775 
358	 4.29897775821386E-02 
359	 4.28500879129537E-02 
360	 4.26973764595245E-02 
361	 4.26171654802698E-02 
362	 4.26496118151343E-02 
363	 0.042490626814266 
364	 4.23044860488235E-02 
365	 4.22488452450905E-02 
366	 0.042384148250048 
367	 0.042435796278984 
368	 4.23555427148245E-02 
369	 4.21929884216164E-02 
370	 4.20407908337283E-02 
371	 4.22308896618261E-02 
372	 4.23775728173874E-02 
373	 0.041871180730193 
374	 4.20462481742484E-02 
375	 4.22097513500609E-02 
376	 4.20404562492878E-02 
377	 4.20084662150889E-02 
378	 4.20527516310689E-02 
379	 0.042116496324468 
380	 4.21894918491409E-02 
381	 4.24367961019948E-02 
382	 4.26788970132646E-02 
383	 4.28209118231266E-02 
384	 4.28322151348953E-02 
385	 4.27580361601835E-02 
386	 4.27687795490044E-02 
387	 4.28996973503019E-02 
388	 4.30237071939671E-02 
389	 4.29347941929586E-02 
390	 4.28678697212259E-02 
391	 4.29855366432315E-02 
392	 4.30524884251786E-02 
393	 4.33022989796318E-02 
394	 4.34648610969672E-02 
395	 4.32546569350272E-02 
396	 4.32335688921491E-02 
397	 4.34115229406646E-02 
398	 4.35569303056497E-02 
399	 4.33200552369528E-02 
400	 4.33866855940366E-02 
401	 4.36731729357615E-02 
402	 4.39532305287284E-02 
403	 0.043981848762327 
404	 4.38707442533643E-02 
405	 0.043840666637599 
406	 4.40494268201928E-02 
407	 4.40516132614094E-02 
408	 4.40974833909452E-02 
409	 4.42319037975075E-02 
410	 4.42695515688275E-02 
411	 0.044398989658566 
412	 4.45733470009821E-02 
413	 4.47030455176653E-02 
414	 4.46769081140713E-02 
415	 4.47913645503138E-02 
416	 4.49583202069493E-02 
417	 4.50013294981774E-02 
418	 4.52739450250498E-02 
419	 0.045443894070533 
420	 4.54583730192227E-02 
421	 4.56053324808293E-02 
422	 4.58587772986489E-02 
423	 4.61057559896094E-02 
424	 4.62763363796442E-02 
425	 4.64777804034085E-02 
426	 4.66923283223606E-02 
427	 4.69325265193897E-02 
428	 4.72196245079673E-02 
429	 4.75722442110289E-02 
430	 4.77866124774126E-02 
431	 4.79145580191041E-02 
432	 4.83161686316103E-02 
433	 4.85341956007777E-02 
434	 4.86650531495716E-02 
435	 4.88967838494219E-02 
436	 4.93257460652913E-02 
437	 4.96606661481889E-02 
438	 0.049903269003418 
439	 5.02017004618063E-02 
440	 0.050422081127273 
441	 5.06959530969642E-02 
442	 5.10485048831265E-02 
443	 5.13137752146289E-02 
444	 5.15281613393302E-02 
445	 5.17439060862588E-02 
446	 5.20024175842329E-02 
447	 5.22868118852288E-02 
448	 5.24980963233484E-02 
449	 5.26408153214276E-02 
450	 5.28053915020325E-02 
451	 5.31150574799363E-02 
452	 0.05334042115007 
453	 5.33978840874337E-02 
454	 5.35990753955809E-02 
455	 5.38165343527677E-02 
456	 5.39661842354227E-02 
457	 5.40198520472853E-02 
458	 5.41802285129658E-02 
459	 5.43541898001409E-02 
460	 5.44819311363896E-02 
461	 5.45561843981345E-02 
462	 5.46379574562571E-02 
463	 0.054764700977279 
464	 5.49417377632071E-02 
465	 5.51190621112166E-02 
466	 5.52167275512412E-02 
467	 5.52787344935311E-02 
468	 0.05540326986859 
469	 5.55516276568654E-02 
470	 5.56887494445949E-02 
471	 5.58032366060328E-02 
472	 0.055914623103308 
473	 5.60198472469255E-02 
474	 5.61682286685825E-02 
475	 5.63922725098356E-02 
476	 0.056632004410136 
477	 5.68308248336278E-02 
478	 5.69885486821208E-02 
479	 5.71446732781594E-02 
480	 5.72713543025822E-02 
481	 5.74912978861356E-02 
482	 5.78227784561844E-02 
483	 5.80344777040385E-02 
484	 5.82825075069257E-02 
485	 5.85866417008578E-02 
486	 5.89019455480397E-02 
487	 5.91128797012361E-02 
488	 5.93643027659893E-02 
489	 5.96962487461048E-02 
490	 6.00332922018378E-02 
491	 6.03021458219219E-02 
492	 6.05845175309259E-02 
493	 6.09345203378092E-02 
494	 6.12414376388327E-02 
495	 0.061615995945246 
496	 6.19989782556753E-02 
497	 6.22728359803209E-02 
498	 6.26013349888869E-02 
499	 6.29595598488666E-02 
500	 6.33204559796073E-02 
501	 6.36850312739808E-02 
502	 6.40584444650538E-02 
503	 6.44325121599199E-02 
504	 6.48052001787612E-02 
505	 0.065203535163415 
506	 6.56535973077531E-02 
507	 6.61101899670914E-02 
508	 6.64804642580337E-02 
509	 6.68286784830126E-02 
510	 6.72497287901578E-02 
511	 6.77589190291889E-02 
512	 6.81816381780638E-02 
513	 6.86467600564404E-02 
514	 6.91668052845967E-02 
515	 6.96973238978997E-02 
516	 0.070186501497969 
517	 7.07130184483637E-02 
518	 7.12722489139284E-02 
519	 7.17481468241523E-02 
520	 7.22317877542024E-02 
521	 7.27333347446541E-02 
522	 7.32511254141966E-02 
523	 7.37994733671878E-02 
524	 7.43559890480624E-02 
525	 7.49250786988693E-02 
526	 7.55236650208496E-02 
527	 7.60464693058189E-02 
528	 7.65697806701553E-02 
529	 7.71366352770125E-02 
530	 7.76720859937853E-02 
531	 7.82417550547107E-02 
532	 7.88574890845087E-02 
533	 7.95016455294243E-02 
534	 8.01357276925371E-02 
535	 8.07174311677124E-02 
536	 8.12719655350612E-02 
537	 8.18927929867323E-02 
538	 8.25004616058433E-02 
539	 8.30844136434545E-02 
540	 8.36641781917713E-02 
541	 8.43033007831745E-02 
542	 8.49327284666559E-02 
543	 8.55364874370393E-02 
544	 8.61402892693824E-02 
545	 8.67963053791786E-02 
546	 8.74430115346002E-02 
547	 8.80422994540665E-02 
548	 8.86265374673605E-02 
549	 8.92393367964936E-02 
550	 8.98450106997133E-02 
551	 9.04044031805241E-02 
552	 9.10315500910264E-02 
553	 9.16537313408855E-02 
554	 9.22550164945527E-02 
555	 9.28905458745295E-02 
556	 9.34727210108908E-02 
557	 9.40378344738986E-02 
558	 9.46282927376467E-02 
559	 9.52328318098721E-02 
560	 9.57678197563268E-02 
561	 9.62351796929113E-02 
562	 9.66948379173371E-02 
563	 9.71509387609459E-02 
564	 9.76067234330956E-02 
565	 9.80351012734516E-02 
566	 9.83497287578639E-02 
567	 9.86749111870444E-02 
568	 9.90115406696606E-02 
569	 9.93315284703374E-02 
570	 9.97353366040259E-02 
571	 0.100077313267246 
572	 0.100305294475927 
573	 0.100484033235162 
574	 0.100711520672802 
575	 0.100968093817527 
576	 0.101205101863411 
577	 0.101400668940803 
578	 0.101523940154135 
579	 0.101633322175541 
580	 0.101815121692428 
581	 0.101853398098813 
582	 0.101797911867602 
583	 0.101710811709381 
584	 0.101618482144069 
585	 0.101425185088118 
586	 0.101128081572121 
587	 0.1007695381213 
588	 0.100443654945207 
589	 0.100142982400057 
590	 9.98945831175155E-02 
591	 9.97360262166649E-02 
592	 9.94432114706049E-02 
593	 9.90822451792471E-02 
594	 9.87311934559962E-02 
595	 9.82913148848386E-02 
596	 9.77252770838994E-02 
597	 0.097083189003723 
598	 9.64624454804404E-02 
599	 9.58143440135857E-02 
600	 9.52340349056061E-02 
601	 9.47887896098893E-02 
602	 9.44738012368061E-02 
603	 9.42114325112775E-02 
604	 9.40244908544286E-02 
605	 9.39527770850286E-02 
606	 0.093933479914681 
607	 9.39084177206513E-02 
608	 9.38773511321616E-02 
609	 9.38985253300409E-02 
610	 9.39746043147273E-02 
611	 9.39667260048644E-02 
612	 9.38177910252704E-02 
613	 9.37854872485984E-02 
614	 9.37930821034196E-02 
615	 9.37949931433159E-02 
616	 0.093764973726411 
617	 9.37416622994741E-02 
618	 9.36682815660289E-02 
619	 9.35651193406409E-02 
620	 9.35966020859781E-02 
621	 9.35815197058516E-02 
622	 9.35379922296458E-02 
623	 9.35203858744505E-02 
624	 9.34367097512472E-02 
625	 9.32822649789396E-02 
626	 9.31048801777941E-02 
627	 9.29981242507717E-02 
628	 9.30022731355876E-02 
629	 9.30405845457922E-02 
630	 9.30335731016635E-02 
631	 9.29513627334411E-02 
632	 9.29403110165775E-02 
633	 9.29466440657137E-02 
634	 9.28486258388273E-02 
635	 9.28345494698259E-02 
636	 9.27843117330382E-02 
637	 9.26568211256907E-02 
638	 9.25613180806798E-02 
639	 9.25009156984853E-02 
640	 9.23874823794476E-02 
641	 0.09215882915477 
642	 9.19719904806043E-02 
643	 9.17671836891265E-02 
644	 9.14817024599292E-02 
645	 0.091072960220659 
646	 9.08044809641376E-02 
647	 9.06433643235765E-02 
648	 9.05083210816415E-02 
649	 9.03537384743171E-02 
650	 9.01658489369899E-02 
651	 8.99321643994218E-02 
652	 8.96447721208598E-02 
653	 8.92327234958615E-02 
654	 8.88035474528229E-02 
655	 8.83921517294378E-02 
656	 8.79681724698062E-02 
657	 8.75210681554226E-02 
658	 8.71224506537571E-02 
659	 8.68128990585818E-02 
660	 8.65523917782195E-02 
661	 8.62570575173127E-02 
662	 8.59523711613338E-02 
663	 0.085740102778966 
664	 8.56691305061422E-02 
665	 8.55539424267944E-02 
666	 8.53321114342353E-02 
667	 8.52149127112996E-02 
668	 8.50851729679795E-02 
669	 8.49721554100722E-02 
670	 8.49204526834504E-02 
671	 8.48123402029874E-02 
672	 8.47414041311444E-02 
673	 8.47175580369472E-02 
674	 8.46687235284324E-02 
675	 8.46570068218844E-02 
676	 8.46981434621959E-02 
677	 8.47650368678656E-02 
678	 8.47461545592329E-02 
679	 0.084703277198944 
680	 8.47372397604806E-02 
681	 8.49175415401857E-02 
682	 8.49606972650675E-02 
683	 8.50497271125002E-02 
684	 8.52046734416713E-02 
685	 8.51802806515863E-02 
686	 8.50620545350697E-02 
687	 8.50084650816825E-02 
688	 8.50978746206734E-02 
689	 8.50758103421526E-02 
690	 8.49403150046139E-02 
691	 8.46524045376108E-02 
692	 8.41771054191366E-02 
693	 8.38347687433665E-02 
694	 8.36480958732053E-02 
695	 8.34931931905957E-02 
696	 8.31167468440326E-02 
697	 8.25298372514567E-02 
698	 0.081808292362879 
699	 8.11044751053636E-02 
700	 0.080474695511272 
701	 7.98713262944735E-02 
702	 7.92334800568094E-02 
703	 7.84805037057744E-02 
704	 7.75821620106331E-02 
705	 7.66341100735795E-02 
706	 7.57036775672729E-02 
707	 7.46863163302292E-02 
708	 7.35254052284366E-02 
709	 7.22895653274836E-02 
710	 7.10552460217449E-02 
711	 6.96322227446278E-02 
712	 6.80735788618137E-02 
713	 6.64312640610742E-02 
714	 6.46899695188461E-02 
715	 6.28433486383722E-02 
716	 6.07567656373941E-02 
717	 5.85600844680741E-02 
718	 5.65624837172711E-02 
719	 5.50042069712733E-02 
720	 5.37725599247408E-02 
721	 5.23790543523357E-02 
722	 5.07743267439332E-02 
723	 0.048859758037381 
724	 4.69389760544309E-02 
725	 4.52105853361393E-02 
726	 4.35611200458204E-02 
727	 4.17642054504465E-02 
728	 3.97243654620931E-02 
729	 3.76716945919706E-02 
730	 3.57157407461633E-02 
731	 3.40800086676831E-02 
732	 0.032788728547902 
733	 3.14627641018177E-02 
734	 3.02656187044029E-02 
735	 2.93264937267318E-02 
736	 0.02865614505829 
737	 2.81927401502695E-02 
738	 2.78242476272867E-02 
739	 2.75056612506298E-02 
740	 2.73932380356744E-02 
741	 2.73412780667109E-02 
742	 2.72693445676024E-02 
743	 2.71504271412653E-02 
744	 2.70686655658141E-02 
745	 2.69738775934875E-02 
746	 2.68995922167299E-02 
747	 2.70057432661269E-02 
748	 2.69906149326182E-02 
749	 2.69310441126426E-02 
750	 2.69346547232697E-02 
751	 2.68595242694953E-02 
752	 2.68318648591306E-02 
753	 2.68530750156547E-02 
754	 2.68495516839837E-02 
755	 0.026776014737562 
756	 2.66356714577106E-02 
757	 2.64529125867113E-02 
758	 2.62385589272819E-02 
759	 2.59579548095369E-02 
760	 0.025682331076027 
761	 2.56303420583939E-02 
762	 2.56781616881087E-02 
763	 2.58160227516202E-02 
764	 2.60973379143852E-02 
765	 2.65086616669056E-02 
766	 0.026704368222383 
767	 2.68091958307623E-02 
768	 2.69470314706595E-02 
769	 2.72245763663399E-02 
770	 2.72973983503606E-02 
771	 2.74145670220903E-02 
772	 2.77119225061083E-02 
773	 2.76641972980001E-02 
774	 2.77680266772543E-02 
775	 2.79960092601842E-02 
776	 2.81265663609493E-02 
777	 2.82602865981798E-02 
778	 2.84894842081582E-02 
779	 2.87704806262215E-02 
780	 2.89347235977891E-02 
781	 2.90814385790076E-02 
782	 2.92546068058357E-02 
783	 2.94679205092167E-02 
784	 2.96951084258125E-02 
785	 2.98857674604201E-02 
786	 3.00663043553335E-02 
787	 3.02843919170101E-02 
788	 3.05284916537092E-02 
789	 3.07568900196771E-02 
790	 3.10032461471613E-02 
791	 3.13559744752737E-02 
792	 3.17711259540993E-02 
793	 3.21072723915969E-02 
794	 3.23497562636949E-02 
795	 3.26942813075035E-02 
796	 0.032941108935865 
797	 3.31348806755586E-02 
798	 3.33697660958608E-02 
799	 3.36288503800009E-02 
800	 0.033868234458048 
801	 3.40926913571537E-02 
802	 3.43287387109458E-02 
803	 3.45174088765748E-02 
804	 3.46344429033548E-02 
805	 3.46693516063113E-02 
806	 3.46279960279098E-02 
807	 3.47662909635711E-02 
808	 3.47328911699411E-02 
809	 3.43363119275956E-02 
810	 3.41072006528214E-02 
811	 3.40766262306975E-02 
812	 3.38492634215666E-02 
813	 3.30209969111135E-02 
814	 3.26501914008626E-02 
815	 3.23331870606275E-02 
816	 3.18798287726448E-02 
817	 3.14028605574222E-02 
818	 3.12356067782531E-02 
819	 3.10887905108098E-02 
820	 0.030658491795227 
821	 2.96726937049011E-02 
822	 2.89519649541815E-02 
823	 2.81548929309108E-02 
824	 2.70531037762622E-02 
825	 2.63471629162379E-02 
826	 2.51959677490226E-02 
827	 2.38244717849677E-02 
828	 2.28494522783402E-02 
829	 2.18566070690787E-02 
830	 2.11363518021648E-02 
831	 2.05792937281113E-02 
832	 1.98476944103262E-02 
833	 1.93078450268878E-02 
834	 1.90066122379317E-02 
835	 1.88638307219577E-02 
836	 1.87090124707496E-02 
837	 1.84147072239746E-02 
838	 1.81697877986368E-02 
839	 1.81388215600271E-02 
840	 1.82905060935896E-02 
841	 1.80754561097344E-02 
842	 1.77016239711147E-02 
843	 1.75717297424126E-02 
844	 1.74785695225649E-02 
845	 1.73605757475374E-02 
846	 1.72394144221091E-02 
847	 1.71715652243622E-02 
848	 1.69807153056537E-02 
849	 1.68181663466859E-02 
850	 1.67644798319836E-02 
851	 1.67551715718155E-02 
852	 1.67231396494607E-02 
853	 1.66592822898268E-02 
854	 1.65554313171129E-02 
855	 1.63663297554013E-02 
856	 1.62175734849526E-02 
857	 1.62112663442262E-02 
858	 1.63405295460206E-02 
859	 1.62959457572245E-02 
860	 0.016057835517841 
861	 1.58457460503204E-02 
862	 0.015895988263655 
863	 1.57702720484437E-02 
864	 1.55802022752626E-02 
865	 0.015432372652757 
866	 1.53726045206597E-02 
867	 0.015233500049921 
868	 1.51380587545197E-02 
869	 1.50939286485833E-02 
870	 1.49209153609047E-02 
871	 1.48769223687414E-02 
872	 1.47804420772836E-02 
873	 1.45604159337465E-02 
874	 1.46008984269072E-02 
875	 1.46650415666998E-02 
876	 1.45578043347821E-02 
877	 1.42383489037682E-02 
878	 1.41416943318938E-02 
879	 1.39756831262185E-02 
880	 1.38187465850424E-02 
881	 1.38305949687637E-02 
882	 1.35500355545211E-02 
883	 1.35146256041348E-02 
884	 1.36747696823608E-02 
885	 1.35530471630228E-02 
886	 1.33790147091744E-02 
887	 1.33079511062324E-02 
888	 1.33051540115419E-02 
889	 1.31408598348448E-02 
890	 1.28837454409599E-02 
891	 1.26606948087662E-02 
892	 1.25265331111803E-02 
893	 1.23722827330545E-02 
894	 1.21821002175561E-02 
895	 1.20123075465422E-02 
896	 0.011870715488974 
897	 1.15082712180158E-02 
898	 1.15580407216778E-02 
899	 1.16097831501244E-02 
900	 1.12226432272594E-02 
901	 1.11830804528588E-02 
902	 1.12129082749669E-02 
903	 1.12447377699969E-02 
904	 1.12542920014948E-02 
905	 1.09736912238078E-02 
906	 1.09336453200428E-02 
907	 1.11512842062373E-02 
908	 1.11965712172191E-02 
909	 1.07001098138687E-02 
910	 1.03327223225952E-02 
911	 1.03347257446072E-02 
912	 0.010426393140832 
913	 1.05654847299611E-02 
914	 1.03849955882286E-02 
915	 1.00547734437046E-02 
916	 0.01025576725096 
917	 1.02089600018267E-02 
918	 9.90953553624775E-03 
919	 9.68437744915595E-03 
920	 1.00766576272829E-02 
921	 1.07373426758602E-02 
922	 1.05607625895276E-02 
923	 9.39668715731281E-03 
924	 9.38751674629854E-03 
925	 9.39572505367839E-03 
926	 9.23729802484659E-03 
927	 8.89340643624121E-03 
928	 7.93978956961029E-03 
929	 7.69376852611815E-03 
930	 0.00865434007556 
931	 1.03618240528585E-02 
932	 1.03926742910954E-02 
933	 1.18757559634695E-02 
934	 1.15136079475595E-02 
935	 6.24663433012961E-03 
936	 6.19592778323441E-03 
937	 7.87506735488811E-03 
938	 7.93134966725063E-03 
939	 0.005403268378797 
940	 6.04866433797869E-03 
941	 7.02585832661308E-03 
942	 7.63590378851054E-03 
943	 8.08454184794182E-03 
944	 7.02176927501702E-03 
945	 7.78781905808343E-03 
946	 9.65852077752164E-03 
947	 9.59316745307892E-03 
948	 7.90164889921396E-03 
949	 7.23971838870016E-03 
950	 7.23489157299859E-03 
951	 6.17488391056659E-03 
952	 6.9016838589934E-03 
953	 8.41947558684836E-03 
954	 8.68479881665215E-03 
955	 6.26340216908427E-03 
956	 5.34820622897095E-03 
957	 8.21498156032863E-03 
958	 1.15742188231773E-02 
959	 9.98107149150638E-03 
960	 7.09636082951858E-03 
961	 6.13272666172956E-03 
962	 7.02958533944198E-03 
963	 7.76972362702788E-03 
964	 9.65167257281692E-03 
965	 9.98014207400314E-03 
966	 9.01576426112104E-03 
967	 8.85427012191913E-03 
968	 7.50867112549856E-03 
969	 7.42200438509345E-03 
970	 8.28869450272175E-03 
971	 7.67174787164993E-03 
972	 8.13333444882014E-03 
973	 8.69665702613742E-03 
974	 9.14896104931927E-03 
975	 1.01136414379676E-02 
976	 9.60235989722663E-03 
977	 8.62781452737222E-03 
978	 8.03115739275076E-03 
979	 7.99443430195469E-03 
980	 8.18972707888229E-03 
981	 8.09147186545811E-03 
982	 8.3083958993478E-03 
983	 9.84755428511912E-03 
984	 9.9503024434032E-03 
985	 1.00624971565906E-02 
986	 1.03032750370362E-02 
987	 9.69535407378628E-03 
988	 9.56634456338333E-03 
989	 8.94348586131241E-03 
990	 8.91649963423191E-03 
991	 1.11377373516336E-02 
992	 9.8121411675808E-03 
993	 9.12889864858511E-03 
994	 1.00898657983774E-02 
995	 0.010785334223774 
996	 1.03305123225026E-02 
997	 1.02362494034613E-02 
998	 1.06062161142088E-02 
999	 1.06320515264223E-02 
1000	 1.06676765752941E-02 
1001	 8.61781292958987E-03 
1002	 9.07336010227386E-03 
1003	 9.12742134285706E-03 
1004	 9.04863698675613E-03 
1005	 8.94608594920234E-03 
1006	 8.56122947803937E-03 
1007	 8.21447859610275E-03 
1008	 8.13116872780716E-03 
1009	 8.24614169053736E-03 
1010	 8.3603465695132E-03 
1011	 8.62373177680736E-03 
1012	 8.88158440599101E-03 
1013	 8.98319788097793E-03 
1014	 9.06993596800442E-03 
1015	 9.21066557703741E-03 
1016	 9.19235991046442E-03 
1017	 9.01621499456944E-03 
1018	 8.84395849689471E-03 
1019	 8.43110769816694E-03 
1020	 8.26336721262447E-03 
1021	 8.1566723352702E-03 
1022	 8.19703318655275E-03 
1023	 8.25123785437302E-03 
1024	 8.39375843976029E-03 
1025	 8.4101009165643E-03 
1026	 8.37430896176627E-03 
1027	 8.28984957657396E-03 
1028	 8.1199813461871E-03 
1029	 8.15545724599015E-03 
1030	 8.19675802154143E-03 
1031	 8.25273057017226E-03 
1032	 8.38299050817775E-03 
1033	 8.58164906115612E-03 
1034	 8.93883269219096E-03 
1035	 9.06796872728294E-03 
1036	 9.2570937991538E-03 
1037	 9.33034844244179E-03 
1038	 9.1506027782948E-03 
1039	 8.94400301674257E-03 
1040	 8.96819850306816E-03 
1041	 8.73782222471735E-03 
1042	 8.66259793995334E-03 
1043	 8.61031196059459E-03 
1044	 8.53831773846874E-03 
1045	 8.43396983440472E-03 
1046	 8.50481665417589E-03 
1047	 8.67837713964621E-03 
1048	 8.73357615090227E-03 
1049	 8.90038969878986E-03 
1050	 8.96666280516349E-03 
1051	 8.96707710007479E-03 
1052	 8.8636150869968E-03 
1053	 8.52006392614489E-03 
1054	 8.46375785554849E-03 
1055	 8.46743824395431E-03 
1056	 8.44338069375712E-03 
1057	 8.49896218179809E-03 
1058	 8.83462073000806E-03 
1059	 8.94171785271856E-03 
1060	 8.9355041792407E-03 
1061	 8.91662478550391E-03 
1062	 8.8860219960458E-03 
1063	 8.85586451640248E-03 
1064	 0.008710102170352 
1065	 8.65701902015426E-03 
1066	 8.65940684922321E-03 
1067	 8.68952408485248E-03 
1068	 8.82322613303392E-03 
1069	 8.82274881886569E-03 
1070	 8.77082633487427E-03 
1071	 8.74571273516572E-03 
1072	 8.64560922510114E-03 
1073	 8.51580534477048E-03 
1074	 8.4917109044705E-03 
1075	 8.56130387624832E-03 
1076	 8.61116845449849E-03 
1077	 8.69121025698518E-03 
1078	 8.76221096344147E-03 
1079	 8.87937480491934E-03 
1080	 8.90430132569986E-03 
1081	 8.95229755788431E-03 
1082	 8.86888162557314E-03 
1083	 8.66429612740123E-03 
1084	 8.49397068901909E-03 
1085	 8.03757823049066E-03 
1086	 7.91083312217215E-03 
1087	 8.13092475063873E-03 
1088	 8.14602642590641E-03 
1089	 8.25804096808439E-03 
1090	 8.30596441903841E-03 
1091	 8.32680807749344E-03 
1092	 8.16046026897248E-03 
1093	 8.02396626165209E-03 
1094	 8.00867985320204E-03 
1095	 7.88518727435279E-03 
1096	 7.31944839102717E-03 
1097	 7.34114638551937E-03 
1098	 8.00426357730329E-03 
1099	 7.98386089626746E-03 
1100	 7.84669256096055E-03 
1101	 7.84229453497105E-03 
1102	 7.3348326755185E-03 
1103	 7.07560031359823E-03 
1104	 7.12878700667907E-03 
1105	 7.28362188672201E-03 
1106	 7.76269799482692E-03 
1107	 7.43649442067548E-03 
1108	 6.76698400522016E-03 
1109	 6.94092162563466E-03 
1110	 6.84473128706971E-03 
1111	 6.16558514010764E-03 
1112	 6.15616877652893E-03 
1113	 7.37935267011284E-03 
1114	 7.23938669757288E-03 
1115	 5.89734022954969E-03 
1116	 5.66510731840588E-03 
1117	 4.87674031600683E-03 
1118	 4.59285519766937E-03 
1119	 7.06673974864145E-03 
1120	 8.53898023001477E-03 
1121	 1.01368944791976E-02 
1122	 9.97063141076643E-03 
1123	 7.84756723101133E-03 
1124	 4.6492503177905E-03 
1125	 4.31706521381669E-04 
1126	 2.57910971992265E-03 
1127	 0.010023703400032 
1128	 1.24041508169522E-02 
1129	 0.012215001923171 
1130	 0.009638809812918 
1131	 8.11920834355938E-03 
1132	 4.27440799025083E-03 
1133	 4.18524000120391E-03 
1134	 6.20120249201682E-03 
1135	 6.54011552886782E-03 
1136	 7.38935301434094E-03 
1137	 7.12286630736718E-03 
1138	 5.93141595593751E-03 
1139	 5.12389961720065E-03 
1140	 4.07491127493194E-03 
1141	 4.01795133394052E-03 
1142	 4.7390313872516E-03 
1143	 5.22645080931298E-03 
1144	 6.23064598684426E-03 
1145	 5.92409804700515E-03 
1146	 5.11183487297836E-03 
1147	 6.51068365943747E-03 
1148	 6.23015568302463E-03 
1149	 4.43553052231798E-03 
1150	 4.68498757947899E-03 
1151	 5.75842644880323E-03 
1152	 5.52203683330607E-03 
1153	 5.92060658361836E-03 
1154	 6.12712303126226E-03 
1155	 5.81288446030762E-03 
1156	 4.97369619651729E-03 
1157	 5.63305995350192E-03 
1158	 5.91348583486233E-03 
1159	 5.38958015701426E-03 
1160	 5.58439964238917E-03 
1161	 5.96131257208956E-03 
1162	 0.006204880929803 
1163	 6.54362649278359E-03 
1164	 6.50027524022817E-03 
1165	 6.58869497242639E-03 
1166	 6.65458630037573E-03 
1167	 6.55298910877765E-03 
1168	 6.8611651226382E-03 
1169	 6.85027021046197E-03 
1170	 6.5834307865717E-03 
1171	 6.54583948896009E-03 
1172	 6.75352735413876E-03 
1173	 6.78273266939958E-03 
1174	 6.73615362056755E-03 
1175	 6.86733293950588E-03 
1176	 6.68853788492932E-03 
1177	 6.55736316177867E-03 
1178	 6.63914721325871E-03 
1179	 6.45663140637237E-03 
1180	 6.68431512939282E-03 
1181	 7.12839371712807E-03 
1182	 7.08127833182914E-03 
1183	 7.01799576303043E-03 
1184	 6.8768592437527E-03 
1185	 6.84752395865436E-03 
1186	 7.09270276287028E-03 
1187	 7.03296970754864E-03 
1188	 6.8304374159181E-03 
1189	 6.74099729257691E-03 
1190	 6.52266301251163E-03 
1191	 6.43751534292264E-03 
1192	 6.48308992165724E-03 
1193	 6.81307289757696E-03 
1194	 6.84333538513558E-03 
1195	 6.72162533009114E-03 
1196	 6.68184793687268E-03 
1197	 6.61542429315029E-03 
1198	 6.74815384233484E-03 
1199	 6.94551431775981E-03 
1200	 6.78020458914628E-03 
1201	 0.006614486651973 
1202	 6.64684531327318E-03 
1203	 6.54843251191672E-03 
1204	 6.74322986419899E-03 
1205	 7.10097122991656E-03 
1206	 6.84684934307609E-03 
1207	 6.57952154840496E-03 
1208	 6.72592946597524E-03 
1209	 6.97396027519657E-03 
1210	 7.14265113745676E-03 
1211	 6.97664177368462E-03 
1212	 6.86948555836091E-03 
1213	 6.97339097644892E-03 
1214	 6.93088866155082E-03 
1215	 6.86437565978082E-03 
1216	 7.07967234967817E-03 
1217	 7.23120161681878E-03 
1218	 6.92827476117491E-03 
1219	 6.85512421484391E-03 
1220	 7.17781438528127E-03 
1221	 7.3463145010891E-03 
1222	 7.31303220009033E-03 
1223	 7.35722367398295E-03 
1224	 7.45499391952768E-03 
1225	 7.32334475563335E-03 
1226	 7.19212949196465E-03 
1227	 7.3940719509906E-03 
1228	 7.49870484459221E-03 
1229	 7.28866408585369E-03 
1230	 7.1853889203587E-03 
1231	 7.29843998774163E-03 
1232	 7.24878438451027E-03 
1233	 7.25384201892332E-03 
1234	 7.57791951766675E-03 
1235	 7.5632572902949E-03 
1236	 6.93265341394549E-03 
1237	 6.89479230523831E-03 
1238	 7.11316550020834E-03 
1239	 7.19952444562136E-03 
1240	 7.19284696305696E-03 
1241	 7.4716754524855E-03 
1242	 7.52278697185658E-03 
1243	 7.26737342553857E-03 
1244	 7.21907467014923E-03 
1245	 7.47412776252339E-03 
1246	 7.56623369786557E-03 
1247	 7.38576058600101E-03 
1248	 7.36896944361332E-03 
1249	 7.41768991212103E-03 
1250	 7.14249356245793E-03 
1251	 6.94066239348407E-03 
1252	 7.19022105939043E-03 
1253	 7.40432227359891E-03 
1254	 7.28145430864865E-03 
1255	 0.007094072994899 
1256	 7.0966780327756E-03 
1257	 7.01088182853935E-03 
1258	 6.95218552626844E-03 
1259	 7.17726093599231E-03 
1260	 7.27487715698679E-03 
1261	 7.0447835223506E-03 
1262	 7.03084845695934E-03 
1263	 7.12367043285641E-03 
1264	 7.45922662640203E-03 
1265	 7.41452443195915E-03 
1266	 7.18550545902446E-03 
1267	 7.11073157237055E-03 
1268	 7.06996513781497E-03 
1269	 7.04334000161173E-03 
1270	 7.1397803935887E-03 
1271	 7.07016311830603E-03 
1272	 6.80843595133355E-03 
1273	 6.73283994268395E-03 
1274	 6.87282211543077E-03 
1275	 6.92818413647248E-03 
1276	 6.83948965167033E-03 
1277	 7.04863830897068E-03 
1278	 7.33467954478171E-03 
1279	 7.26786922894032E-03 
1280	 7.19328600168438E-03 
1281	 7.20679126368053E-03 
1282	 7.02584586773723E-03 
1283	 7.00509076964028E-03 
1284	 7.30036148359187E-03 
1285	 7.29446014554369E-03 
1286	 6.98539371794372E-03 
1287	 6.97488172355152E-03 
1288	 7.10957198224475E-03 
1289	 7.12098652954039E-03 
1290	 7.21418419046043E-03 
1291	 7.32137505166344E-03 
1292	 7.21783981577368E-03 
1293	 6.85428886773222E-03 
1294	 6.7209341447594E-03 
1295	 6.83439276565549E-03 
1296	 6.97132845576943E-03 
1297	 7.16239638381079E-03 
1298	 7.14172440437236E-03 
1299	 6.87313202427223E-03 
1300	 6.6661356562747E-03 
1301	 6.62053854566152E-03 
1302	 6.79982812885025E-03 
1303	 7.03362612716093E-03 
1304	 6.77278754193405E-03 
1305	 6.28972668045669E-03 
1306	 6.15782461390941E-03 
1307	 6.17479306303627E-03 
1308	 6.09391295023157E-03 
1309	 6.19961799239398E-03 
1310	 6.41428077794827E-03 
1311	 6.67152288727417E-03 
1312	 6.64394541548026E-03 
1313	 6.66832758862586E-03 
1314	 6.55843332924513E-03 
1315	 5.84590989823196E-03 
1316	 5.77528976791198E-03 
1317	 6.36363407994462E-03 
1318	 6.44967523303624E-03 
1319	 6.49678656189456E-03 
1320	 6.56152352187513E-03 
1321	 6.47996305107807E-03 
1322	 6.07136634651813E-03 
1323	 5.86547056856905E-03 
1324	 5.85315469942533E-03 
1325	 5.65683377418005E-03 
1326	 5.39935516482596E-03 
1327	 5.47268453629821E-03 
1328	 5.6661672995329E-03 
1329	 5.75020363255542E-03 
1330	 0.005710119524547 
1331	 5.30470681273018E-03 
1332	 5.13409381087234E-03 
1333	 5.62897287548533E-03 
1334	 5.69680111193548E-03 
1335	 5.95342615158934E-03 
1336	 7.00204149550998E-03 
1337	 7.30079539503977E-03 
1338	 6.90791837046362E-03 
1339	 6.63810200407343E-03 
1340	 5.89980641613804E-03 
1341	 5.66294090064502E-03 
1342	 5.29922588585422E-03 
1343	 5.76605584505268E-03 
1344	 8.44731557030626E-03 
1345	 9.12399191463458E-03 
1346	 8.33797763763761E-03 
1347	 8.64982796620613E-03 
1348	 6.70571522881615E-03 
1349	 5.98606512662931E-03 
1350	 8.99348202172045E-03 
1351	 1.29738793312178E-02 
1352	 2.48119388427685E-02 
1353	 3.50595972143255E-02 
1354	 0.046584872385679 
1355	 4.74009453633633E-02 
1356	 5.00334260412753E-02 
1357	 3.24448612698666E-02 
1358	 2.30104429377409E-02 
1359	 0.134311797415278 
1360	 0.144412269794519 
1361	 1.13427805212304E-02 
1362	 1.18667464903874E-02 
1363	 3.23745523398463E-02 
1364	 6.64129759535559E-02 
1365	 0.142335486980301 
1366	 1.43834291161103E-02 
1367	-4.81429093659337E-02 
1368	 4.46860796377169E-03 
1369	 0.154073000485482 
1370	 0.258750026751053 
1371	 0.443808102383169 
1372	 0.439351035975023 
1373	 0.365743604058941 
1374	 0.282763702437424 
1375	-8.15751740239636E-03 
1376	 2.87732470760191E-02 
1377	 0.74911410660314 
1378	 0.476861971969449 
1379	 7.94264920651077E-02 
1380	 3.05767368522182E-02 
1381	-0.253333748886917 
1382	-0.323330979680768 
1383	-0.103913017675372 
1384	 3.97160959513323E-02 
1385	 7.56789802638689E-03 
1386	 4.06513517951271E-02 
1387	 0.244052360242888 
1388	 0.318216077885422 
1389	 0.128850722903605 
1390	 0.149508887221552 
1391	 0.240561341770929 
1392	 0.339120117933703 
1393	 0.686677993003472 
1394	 0.969800493992924 
1395	 0.80126953693213 
1396	 0.653430964393977 
1397	 0.113647626563071 
1398	 2.84049320679253E-02 
1399	 0.292410371663562 
1400	 0.205514614306761 
1401	 0.119589475612895 
1402	 0.404621769522782 
1403	 0.40072867579284 
1404	 0.396133865217882 
1405	 0.474916789456569 
1406	 0.57360421381319 
1407	 0.437376725565162 
1408	 0.279153703229 
1409	 0.299422994325705 
1410	 0.410283058413761 
1411	 0.215137893239138 
1412	-5.32829594639842E-02 
1413	-2.46927133890532E-02 
1414	 2.39944105563226E-02 
1415	 3.38384482739652E-02 
1416	 0.225020954820949 
1417	 0.232773913916204 
1418	 7.17408752217738E-02 
1419	 2.82069559248008E-02 
1420	 2.58099210359445E-02 
1421	 1.96104075647432E-02 
1422	 1.18687077801166E-02 
1423	 7.14515894965418E-03 
1424	 4.91864782676662E-03 
1425	 7.36327257686347E-03 
1426	 1.08841030892264E-02 
1427	 1.41914620823131E-02 
1428	 2.97167055408423E-02 
1429	 2.72478804974133E-02 
1430	 6.35715303702192E-03 
1431	-5.79554224287197E-04 
1432	-1.09224696970593E-02 
1433	-1.08467643895374E-02 
1434	 9.07722477170487E-03 
1435	 1.71945185911205E-02 
1436	 3.02580150246903E-02 
1437	 2.12422808173142E-02 
1438	 1.78720895766244E-02 
1439	 2.20058066030315E-02 
1440	 1.67218359760382E-02 
1441	 1.15377654491158E-02 
1442	 0.011417415234432 
1443	 6.34979335030821E-03 
1444	-4.88585518512676E-03 
1445	-4.98252159314305E-03 
1446	 2.45438532804027E-03 
1447	 7.17997931236365E-04 
1448	 1.11250361424503E-03 
1449	 6.63918614212509E-03 
1450	 8.40546765326681E-03 
1451	 7.11507082006427E-03 
1452	 0.005224429728794 
1453	 4.55248020774185E-03 
1454	 5.30739473479668E-03 
1455	 4.91214360102867E-03 
1456	 4.67263403168306E-03 
1457	 6.8653054472212E-03 
1458	 0.007224100407425 
1459	 5.2991586832896E-03 
1460	 4.62458200798628E-03 
1461	 4.83040101210223E-03 
1462	 5.06367818435067E-03 
1463	 4.82121025392857E-03 
1464	 4.77911772132853E-03 
1465	 5.48562364730158E-03 
1466	 6.59264099998348E-03 
1467	 8.08403714334805E-03 
1468	 8.09738364000744E-03 
1469	 8.48908845443457E-03 
1470	 8.35167260316614E-03 
1471	 5.49465391796877E-03 
1472	 4.69045827474519E-03 
1473	 5.16003320937589E-03 
1474	 6.21853699890952E-03 
1475	 8.9858053657706E-03 
1476	 8.62571546029355E-03 
1477	 7.33565181637166E-03 
1478	 6.59563924156997E-03 
1479	 3.46588854856836E-03 
1480	 2.98839981249509E-03 
1481	 5.04370892453906E-03 
1482	 5.33120137868339E-03 
1483	 5.01077375270529E-03 
1484	 5.44199273420019E-03 
1485	 5.92909536299197E-03 
1486	 5.99218844384727E-03 
1487	 6.2263044435306E-03 
1488	 6.34511512429812E-03 
1489	 6.12620417632153E-03 
1490	 6.14619631713479E-03 
1491	 6.55130018195787E-03 
1492	 6.41440642458584E-03 
1493	 5.91424167983828E-03 
1494	 5.73258366524582E-03 
1495	 5.36713867833829E-03 
1496	 5.33507336567307E-03 
1497	 5.78927359667819E-03 
1498	 5.83191174609803E-03 
1499	 5.53007213987963E-03 
1500	 5.60484384345013E-03 
1501	 6.0178063929797E-03 
1502	 5.98624653018416E-03 
1503	 5.75194562711645E-03 
1504	 5.76781240240067E-03 
1505	 5.6217850292484E-03 
1506	 5.52720468957188E-03 
1507	 5.49206163112186E-03 
1508	 5.68494814155065E-03 
1509	 5.98978538936934E-03 
1510	 5.98804439198261E-03 
1511	 5.9916927489174E-03 
1512	 6.39704014776977E-03 
1513	 6.53179868942518E-03 
1514	 6.24645147771555E-03 
1515	 6.22489469198577E-03 
1516	 6.39951886937614E-03 
1517	 6.39368010729136E-03 
1518	 6.3064586054354E-03 
1519	 6.02578582349532E-03 
1520	 5.87105853508461E-03 
1521	 6.29978721576068E-03 
1522	 6.37367883057607E-03 
1523	 6.07073347162342E-03 
1524	 6.27131327221957E-03 
1525	 6.42455018204638E-03 
1526	 6.27213032336337E-03 
1527	 6.25769289541876E-03 
1528	 6.3203387879567E-03 
1529	 6.28906298859664E-03 
1530	 6.30098493979169E-03 
1531	 6.49755290816644E-03 
1532	 6.57490338152934E-03 
1533	 6.43553344126578E-03 
1534	 6.42841240099285E-03 
1535	 6.50592301845504E-03 
1536	 6.53110192614834E-03 
1537	 6.52866828013153E-03 
1538	 6.35445085435065E-03 
1539	 6.25482268417279E-03 
1540	 6.31667509940828E-03 
1541	 6.26635580857544E-03 
1542	 6.25330960186192E-03 
1543	 6.17600292305516E-03 
1544	 6.02542450622424E-03 
1545	 6.16558950310045E-03 
1546	 6.29280460474137E-03 
1547	 6.34046498725314E-03 
1548	 6.48670927203633E-03 
1549	 6.43705837907897E-03 
1550	 6.28331263111839E-03 
1551	 6.22657433973582E-03 
1552	 6.33070429040159E-03 
1553	 6.41234799588616E-03 
1554	 6.3895120277739E-03 
1555	 6.51604402676726E-03 
1556	 6.53844345716234E-03 
1557	 6.36203662295813E-03 
1558	 6.34979193334212E-03 
1559	 6.46334636434836E-03 
1560	 6.54357636979878E-03 
1561	 6.56772876405453E-03 
1562	 6.49766463865073E-03 
1563	 6.44438714449498E-03 
1564	 6.41946105714865E-03 
1565	 6.47298139342405E-03 
1566	 6.50702046185748E-03 
1567	 6.36158102415709E-03 
1568	 6.29329070251199E-03 
1569	 6.35331906182349E-03 
1570	 6.54783177584786E-03 
1571	 6.74061455636468E-03 
1572	 6.61256725328458E-03 
1573	 6.38333543385665E-03 
1574	 6.29919497129458E-03 
1575	 6.38400352861106E-03 
1576	 6.50422390735376E-03 
1577	 6.41792465466257E-03 
1578	 6.37672351254354E-03 
1579	 6.39926139253204E-03 
1580	 6.24650112161426E-03 
1581	 6.33324163477803E-03 
1582	 6.44870433830833E-03 
1583	 6.16788778093538E-03 
1584	 6.18206248212578E-03 
1585	 6.5400852477529E-03 
1586	 6.45442327125826E-03 
1587	 6.32516007571444E-03 
1588	 6.53068650229216E-03 
1589	 6.45155107343009E-03 
1590	 6.32623338427673E-03 
1591	 6.42823371237216E-03 
1592	 6.38060099401432E-03 
1593	 6.26954503685868E-03 
1594	 6.2702768709288E-03 
1595	 6.40901916478208E-03 
1596	 6.37429560508923E-03 
1597	 6.12774819224815E-03 
1598	 6.26005531493389E-03 
1599	 6.42687565595264E-03 
1600	 6.29712312198677E-03 
1601	 6.36629857818273E-03 
1602	 6.54819120052407E-03 
1603	 6.45191223082841E-03 
1604	 6.21255545588304E-03 
1605	 6.28383510916776E-03 
1606	 6.35396775276975E-03 
1607	 6.23066142325999E-03 
1608	 6.34215800094323E-03 
1609	 6.43291236747342E-03 
1610	 6.40509489956994E-03 
1611	 6.46775437928667E-03 
1612	 6.5081691747263E-03 
1613	 6.47529002911415E-03 
1614	 6.44726586187903E-03 
1615	 6.42995649203804E-03 
1616	 6.48464075566478E-03 
1617	 6.64795690512059E-03 
1618	 6.56180497852159E-03 
1619	 6.20715517239212E-03 
1620	 6.13548288475841E-03 
1621	 6.31655533745345E-03 
1622	 6.21814767434087E-03 
1623	 6.04394732501999E-03 
1624	 6.08310505494144E-03 
1625	 6.01302701514552E-03 
1626	 5.92441869862584E-03 
1627	 6.09172469199321E-03 
1628	 6.26517489281127E-03 
1629	 6.30533195943716E-03 
1630	 6.38109006581704E-03 
1631	 6.49146921125296E-03 
1632	 0.006601142636591 
1633	 6.57057133756308E-03 
1634	 6.36557629167922E-03 
1635	 6.25271799943063E-03 
1636	 6.37930030875079E-03 
1637	 6.51149096453287E-03 
1638	 6.41280979407174E-03 
1639	 6.41240363989084E-03 
1640	 6.41724528360997E-03 
1641	 6.15682436726199E-03 
1642	 6.03076948626542E-03 
1643	 6.23189788041575E-03 
1644	 6.40695098593971E-03 
1645	 6.33973169238169E-03 
1646	 6.38058927628943E-03 
1647	 6.47481959328705E-03 
1648	 6.35278283622869E-03 
1649	 6.23532763485917E-03 
1650	 6.5924453722244E-03 
1651	 7.00142816819709E-03 
1652	 6.57244648164133E-03 
1653	 6.65362481789745E-03 
1654	 6.66582774844918E-03 
1655	 6.29297719979202E-03 
1656	 6.17054993381108E-03 
1657	 6.06513413967856E-03 
1658	 6.15575488223874E-03 
1659	 6.5733255402316E-03 
1660	 6.48390443932689E-03 
1661	 6.26048337701356E-03 
1662	 6.29085350194491E-03 
1663	 6.12577282898547E-03 
1664	 6.13466773850923E-03 
1665	 6.51502801275205E-03 
1666	 6.51392269604264E-03 
1667	 6.12483207942228E-03 
1668	 5.98239662939249E-03 
1669	 6.08148717512377E-03 
1670	 6.37154478611365E-03 
1671	 6.42335786676945E-03 
1672	 6.03020996289074E-03 
1673	 5.92052149028432E-03 
1674	 6.35252962821535E-03 
1675	 6.52393341448212E-03 
1676	 6.46920610526493E-03 
1677	 6.53645642008768E-03 
1678	 6.26729335584038E-03 
1679	 6.08746724533803E-03 
1680	 6.37215513559144E-03 
1681	 6.42543626764002E-03 
1682	 6.19770778850941E-03 
1683	 6.17827450334351E-03 
1684	 6.25998181587665E-03 
1685	 6.31709759253994E-03 
1686	 6.48086319317465E-03 
1687	 6.5711678969039E-03 
1688	 6.30732769259038E-03 
1689	 6.05771445308282E-03 
1690	 6.34639646286936E-03 
1691	 6.4261414708058E-03 
1692	 6.06399050585145E-03 
1693	 6.21247390228499E-03 
1694	 6.49597786240246E-03 
1695	 6.38844639727977E-03 
1696	 6.45169168532557E-03 
1697	 6.48142800471103E-03 
1698	 6.10839018218754E-03 
1699	 5.98338076976136E-03 
1700	 6.47901201194784E-03 
1701	 6.66217611879194E-03 
1702	 6.19651723716876E-03 
1703	 6.13866474148086E-03 
1704	 6.13525177012578E-03 
1705	 5.97494094989108E-03 
1706	 6.30070020720124E-03 
1707	 6.26982178286671E-03 
1708	 5.94836997020041E-03 
1709	 6.07957663444681E-03 
1710	 6.35188273010275E-03 
1711	 6.4920698498566E-03 
1712	 6.33539170716146E-03 
1713	 6.37911738870779E-03 
1714	 6.41028686152319E-03 
1715	 6.29538033605317E-03 
1716	 6.2471228448647E-03 
1717	 6.21853871176723E-03 
1718	 6.02518735588941E-03 
1719	 6.2079117169589E-03 
1720	 6.40911744731443E-03 
1721	 6.22468685087013E-03 
1722	 6.14157531504134E-03 
1723	 6.25788771200379E-03 
1724	 6.40222647273048E-03 
1725	 6.34326346805247E-03 
1726	 6.36181894158456E-03 
1727	 6.49713782796034E-03 
1728	 6.34776538679003E-03 
1729	 6.4012240150822E-03 
1730	 6.43021472339099E-03 
1731	 6.26743631596684E-03 
1732	 6.04914585296873E-03 
1733	 5.82796487727431E-03 
1734	 6.28162259436591E-03 
1735	 6.39089697607583E-03 
1736	 5.85774019189514E-03 
1737	 6.30311270164872E-03 
1738	 6.69496109159166E-03 
1739	 6.16185787433395E-03 
1740	 6.06167152120611E-03 
1741	 5.96123758300919E-03 
1742	 5.58242833582787E-03 
1743	 5.82249587606705E-03 
1744	 6.42778573109096E-03 
1745	 6.78572875919164E-03 
1746	 6.4959354296569E-03 
1747	 6.36907424531099E-03 
1748	 6.33390511469883E-03 
1749	 6.29205550418029E-03 
1750	 6.11995048306022E-03 
1751	 5.95887354835904E-03 
1752	 6.06516672514761E-03 
1753	 6.18631447314393E-03 
1754	 6.06178412914507E-03 
1755	 5.8997422125605E-03 
1756	 5.83174430271541E-03 
1757	 6.13580206087183E-03 
1758	 6.09378554450466E-03 
1759	 6.01517260878742E-03 
1760	 6.08614053235668E-03 
1761	 5.94964081697413E-03 
1762	 6.66891246178356E-03 
1763	 7.55879120659559E-03 
1764	 7.07921192734279E-03 
1765	 5.73592914575526E-03 
1766	 4.52411895723238E-03 
1767	 4.67824575107757E-03 
1768	 6.0317289637673E-03 
1769	 6.75888927785406E-03 
1770	 6.38520662994279E-03 
1771	 5.27431622751865E-03 
1772	 4.07754910001613E-03 
1773	 4.7101010776673E-03 
1774	 6.29625621933319E-03 
1775	 5.41847378916231E-03 
1776	 5.40518541649754E-03 
1777	 4.1685403293461E-03 
1778	 3.86956840190737E-03 
1779	 6.59163394261304E-03 
1780	 7.07284143259658E-03 
1781	 5.38397294606762E-03 
1782	 5.27409897950457E-03 
1783	 4.99249126153277E-03 
1784	 4.59764429625623E-03 
1785	 5.30023713410893E-03 
1786	 5.53535110363897E-03 
1787	 5.1451140152063E-03 
1788	 5.16179407771277E-03 
1789	 5.1910049043231E-03 
1790	 7.39885448872056E-03 
1791	 8.44978899427366E-03 
1792	 7.15162077873674E-03 
1793	 7.5825088592348E-03 
1794	 6.74437279298382E-03 
1795	 2.92663625349494E-03 
1796	 5.82207133128415E-03 
1797	 1.30836155761931E-02 
1798	 6.07961807704522E-03 
1799	 1.5327125657077E-03 
1800	-2.81259728367834E-03 
1801	-5.79516833990184E-03 
1802	 2.00693757907962E-02 
1803	 3.30192320169943E-02 
1804	 3.12521386335829E-02 
1805	 3.10489857376058E-02 
1806	-3.0250316743985E-03 
1807	-1.40311115249782E-02 
1808	-1.18777565908859E-02 
1809	 6.99987954381436E-04 
1810	 0.109646739186751 
1811	 0.154493929761857 
1812	 0.123163581800785 
1813	 0.125307913723318 
1814	 2.81003284622115E-03 
1815	 1.20753039390401E-03 
1816	 0.232101570206075 
1817	 0.124628989459726 
1818	 0.10452057228117 
1819	 5.1501723992028E-03 
1820	-0.255055193427012 
1821	-0.365725666259218 
1822	-0.342844994755589 
1823	-0.154167742869724 
1824	 3.60988479191602E-02 
1825	 0.980659826577682 
1826	 1.45270468005151 
1827	 0.498406781913714 
1828	 0.318867636973938 
1829	-1.35503480283504E-02 
1830	 1.60959631943111E-02 
1831	 1.28087681893995 
1832	-23.7575657508907 
1833	 0.641591974837106 
1834	 0.631929534508707 
1835	 3.65089072263914E-02 
1836	-0.417236530104403 
1837	 0.528645474429409 
1838	 0.148749777513215 
1839	-0.626379612959127 
1840	-0.733562172871419 
1841	-1.14430046598743 
1842	-3.61639668552441 
1843	-3.27660254023487 
1844	-0.312138211522973 
1845	-0.180781809976759 
1846	-0.563078407317164 
1847	-0.52592782711497 
1848	-0.638461614626115 
1849	-0.418793121851398 
1850	-0.358126041248355 
1851	-0.301754218775489 
1852	-0.295043502722717 
1853	-0.609778596606917 
1854	-0.44687279257088 
1855	 0.944448627105695 
1856	 1.44174762941399 
1857	-4.51121476669703 
1858	-2.56383501374196 
1859	 0.476683582445312 
1860	-0.691580032085548 
1861	 0.193930090788511 
1862	 0.703837960534437 
1863	-0.350779134944609 
1864	-26.9238237523047 
1865	 5.56190661251139 
1866	-2.06949110072818 
1867	-1.15916452588344 
1868	 0.591603647311018 
1869	 5.33530298919862 
1870	-1.13841342012424 
1871	-2.6388007368688 
1872	-0.868052045429574 
1873	-26.6190770078418 
1874	 1.02849031975014 
1875	 0.921249756176678 
1876	 0.742698608502061 
1877	-6.77607931035324E-02 
1878	-0.122382167936227 
1879	-6.67343798096037 
1880	-1.51470878301615 
1881	 0.297484768865991 
1882	 0.790913441760536 
1883	 2.30410719219159 
1884	 3.4483847015841 
1885	 1.4552859201917 
1886	 2.02079532944684 
1887	-6.09836355295544 
1888	-1.52660529385014 
1889	-1.1662470596097 
1890	-1.264289205466 
1891	-1.12855356746809 
1892	-2.99694912017669 
1893	-1.05370944626454 
1894	-0.478798665994536 
1895	-0.180393193888207 
1896	-0.326347510223954 
1897	-13.4467084695696 
1898	 4.06256530788006 
1899	-43.3421472553563 
1900	-5.57159503503818 
1901	-0.694597033580434 
1902	-0.550841953578403 
1903	-0.757852554489977 
1904	-1.33581704942428 
1905	-1.65588463626752 
1906	-0.734570124330799 
1907	 0.152559646404491 
1908	 0.107196655450861 
1909	-2.38622531925639E-02 
1910	 9.45935471273836 
1911	 0.385780015627877 
1912	 1.40726963521171 
1913	 1.95659207012874 
1914	-1.30507711145362 
1915	-0.838779469997176 
1916	-0.857895504539906 
1917	-0.316240762422148 
1918	 0.128473726828564 
1919	 0.339290059355947 
1920	 0.379252478907718 
1921	 0.245944352325312 
1922	 0.476607685513234 
1923	-0.451621701385223 
1924	-1.07758893147765 
1925	-0.496696732290104 
1926	-0.740150435258053 
1927	-7.31325416477347 
1928	 1.30217620950248 
1929	-0.505133342437827 
1930	-0.298475892216614 
1931	 0.24917327715732 
1932	-6.62325449211328E-02 
1933	-0.680338209878095 
1934	-0.448224035988206 
1935	-0.819706903757859 
1936	-1.13089786092297 
1937	-0.603318594271549 
1938	-0.119116789946014 
1939	 1.91320080967441E-03 
1940	 5.89101103527214E-02 
1941	 1.91136764269236E-02 
1942	-1.63713707882828E-02 
1943	-7.03293040371012E-02 
1944	-5.95138093698128E-02 
1945	-1.77388048740965E-02 
1946	-6.48443417453034E-02 
1947	-8.14482626320393E-02 
1948	-2.02418198418809E-02 
1949	 2.17698749716271E-02 
1950	 5.51855601302042E-02 
1951	 5.74381529769551E-02 
1952	 4.99189340024659E-02 
1953	-3.13444165981308E-03 
1954	-5.91008448612015E-03 
1955	 1.15011259824581E-02 
1956	 2.96587060386131E-02 
1957	 4.00143306484883E-02 
1958	 2.37757240188973E-02 
1959	 1.85466552073574E-02 
1960	 1.66280665464532E-02 
1961	 0.017285510576395 
1962	 1.79022769736796E-02 
1963	 1.42940645526491E-02 
1964	 1.22039840462002E-02 
1965	 0.008018453078597 
1966	 6.24609563329338E-03 
1967	 4.8846321345638E-03 
1968	 5.92401701403954E-03 
1969	 5.95318199564158E-03 
1970	 5.25423089182901E-03 
1971	 4.83181930688645E-03 
1972	 4.41497138619585E-03 
1973	 3.64530720397576E-03 
1974	 3.30943355850127E-03 
1975	 4.38921480278908E-03 
1976	 5.02091662271691E-03 
1977	 5.42423712089135E-03 
1978	 5.72206867647456E-03 
1979	 6.07543219314107E-03 
1980	 6.44275973943476E-03 
1981	 6.74040303941683E-03 
1982	 5.82801880536452E-03 
1983	 6.30903886626489E-03 
1984	 6.75946365216716E-03 
1985	 5.59176795501311E-03 
1986	 5.55469422152323E-03 
1987	 5.2420066027604E-03 
1988	 4.51889228441932E-03 
1989	 4.32259058175443E-03 
1990	 4.3262475013779E-03 
1991	 4.92124477046204E-03 
1992	 5.03058687858854E-03 
1993	 4.6991898419163E-03 
1994	 4.80836104227092E-03 
1995	 5.04440454550219E-03 
1996	 4.73706115484633E-03 
1997	 4.68218763792828E-03 
1998	 5.22391495093739E-03 
1999	 4.8404482093154E-03 
2000	 4.90707092291327E-03 
2001	 6.72068662270668E-03 
2002	 8.4699959550475E-03 
2003	 8.99365300187429E-03 
2004	 8.95472848387602E-03 
2005	 9.09339185912739E-03 
2006	 8.12682215605179E-03 
2007	 8.17629908830307E-03 
2008	 9.85841650125411E-03 
2009	 1.03926947712033E-02 
2010	 1.09267498397891E-02 
2011	 1.03297424028765E-02 
2012	 9.41584995459548E-03 
2013	 6.97342128239445E-03 
2014	 4.71651490454022E-03 
2015	 1.00048192414823E-03 
2016	 6.44298170967247E-04 
2017	 2.89797021107235E-03 
2018	 4.5343618297302E-03 
2019	 5.86377240740193E-03 
2020	 5.80359925477223E-03 
2021	 5.64395134129979E-03 
2022	 5.45382427142924E-03 
2023	 5.14274375392201E-03 
2024	 4.97231907798775E-03 
2025	 5.02375825479555E-03 
2026	 4.48616174261102E-03 
2027	 3.3336430523447E-03 
2028	 3.41570274620874E-03 
2029	 3.30937316051578E-03 
2030	 3.73292098619088E-03 
2031	 4.43387047710528E-03 
2032	 4.31864965878324E-03 
2033	 4.64931151451804E-03 
2034	 4.90785431095659E-03 
2035	 4.49966950372788E-03 
2036	 4.63853073636331E-03 
2037	 4.66175006346032E-03 
2038	 4.53462567469307E-03 
2039	 4.41268719452579E-03 
2040	 4.52177816502016E-03 
2041	 4.41346159205779E-03 
2042	 3.75398994085333E-03 
2043	 3.43446980036832E-03 
2044	 3.10579162143746E-03 
2045	 3.7513025513013E-03 
2046	 3.46729916118164E-03 
2047	 3.75193894101933E-03 
2048	 5.10338726058739E-03 
2049	 5.00535283714172E-03 
2050	 4.64386811548536E-03 
2051	 4.98925109564518E-03 
2052	 5.31306956017633E-03 
2053	 5.27073333138233E-03 
2054	 4.7600929456903E-03 
2055	 4.72801394846662E-03 
2056	 4.95491270914604E-03 
2057	 4.84389567959474E-03 
2058	 4.71802970945171E-03 
2059	 5.24859703323915E-03 
2060	 0.005506680146418 
2061	 5.35425245942517E-03 
2062	 4.56127583383258E-03 
2063	 4.87920094218098E-03 
2064	 5.02603448180213E-03 
2065	 4.57635381167315E-03 
2066	 4.70837651828752E-03 
2067	 4.35997682227202E-03 
2068	 4.92263891635952E-03 
2069	 5.68476832963469E-03 
2070	 5.19383108869684E-03 
2071	 4.25993642766287E-03 
2072	 3.07245233286342E-03 
2073	 2.99750879459507E-03 
2074	 3.30376374779366E-03 
2075	 3.52838783723158E-03 
2076	 4.69852476179351E-03 
2077	 5.13617402892964E-03 
2078	 4.83617262473678E-03 
2079	 4.77815366144852E-03 
2080	 4.7343524148441E-03 
2081	 4.99871428048704E-03 
2082	 5.4749318113132E-03 
2083	 5.03525104194217E-03 
2084	 4.18939105238279E-03 
2085	 4.62088730942381E-03 
2086	 4.89235556629957E-03 
2087	 4.75648685927812E-03 
2088	 5.65080233290095E-03 
2089	 6.29310316380901E-03 
2090	 5.33567736025959E-03 
2091	 5.31009360755814E-03 
2092	 5.18135643284064E-03 
2093	 4.39551762449359E-03 
2094	 4.04826724740963E-03 
2095	 0.004522367047172 
2096	 4.37530538262789E-03 
2097	 3.86452138814518E-03 
2098	 3.8440832452775E-03 
2099	 3.94353276667624E-03 
2100	 4.00780885973625E-03 
2101	 4.14772551480163E-03 
2102	 3.56013576215584E-03 
2103	 3.44045537969428E-03 
2104	 3.11816953295882E-03 
2105	 3.12027901691929E-03 
2106	 4.31027905439032E-03 
2107	 4.54752640550408E-03 
2108	 5.04691164224484E-03 
2109	 5.72411773863128E-03 
2110	 5.64506323792176E-03 
2111	 5.94492359283668E-03 
2112	 5.88707956108115E-03 
2113	 5.76829670643733E-03 
2114	 5.2607095689516E-03 
2115	 5.07601307717275E-03 
2116	 4.6951659973893E-03 
2117	 4.78314727116096E-03 
2118	 5.64342704287659E-03 
2119	 5.57937561800702E-03 
2120	 5.0344784011408E-03 
2121	 5.23894518350347E-03 
2122	 5.44138606322363E-03 
2123	 4.83797093175446E-03 
2124	 5.08836606957049E-03 
2125	 6.21740731167315E-03 
2126	 6.39231660826655E-03 
2127	 6.02919456953251E-03 
2128	 5.84457756610627E-03 
2129	 5.06239036073248E-03 
2130	 4.4231914234347E-03 
2131	 4.52742690402405E-03 
2132	 5.13107924469531E-03 
2133	 5.36640883551554E-03 
2134	 5.07412378169368E-03 
2135	 3.99870395489532E-03 
2136	 3.87157263174767E-03 
2137	 3.80455065014199E-03 
2138	 3.62513143449504E-03 
2139	 3.85155832516211E-03 
2140	 4.23136879782566E-03 
2141	 4.18162297363112E-03 
2142	 4.53443509477458E-03 
2143	 5.75929355521211E-03 
2144	 6.71681302078532E-03 
2145	 6.13573860775917E-03 
2146	 5.78651081197957E-03 
2147	 6.20113639815244E-03 
2148	 5.77183273928172E-03 
2149	 4.96030134923842E-03 
2150	 5.05541405948169E-03 
2151	 4.89029445154781E-03 
2152	 3.9530412447402E-03 
2153	 4.12919152627279E-03 
2154	 4.85076979344081E-03 
2155	 5.27746931746215E-03 
2156	 5.51402356315681E-03 
2157	 5.67969821772661E-03 
2158	 6.1754316062847E-03 
2159	 6.4250113290604E-03 
2160	 5.66241179303695E-03 
2161	 6.30454837305451E-03 
2162	 8.48858646218371E-03 
2163	 8.56750855850286E-03 
2164	 7.93990449512505E-03 
2165	 7.87437118058758E-03 
2166	 6.73248550830883E-03 
2167	 6.09432939452622E-03 
2168	 6.9360292534229E-03 
2169	 7.14145665540492E-03 
2170	 7.23966891179413E-03 
2171	 5.42042553972806E-03 
2172	 4.92458928496674E-03 
2173	 3.87530761871319E-03 
2174	 3.15628989219149E-03 
2175	 4.25262886732774E-03 
2176	 4.87367000005096E-03 
2177	 4.70000147406825E-03 
2178	 4.36580964322094E-03 
2179	 3.28145828531735E-03 
2180	 3.57233683861122E-03 
2181	 5.07045905189661E-03 
2182	 5.28505011024273E-03 
2183	 5.18533924609393E-03 
2184	 3.92420524118092E-03 
2185	 1.90357011569418E-03 
2186	 1.46542202870412E-03 
2187	 2.0108053875746E-03 
2188	 2.41968275128599E-03 
2189	 4.20114929736885E-03 
2190	 4.61719375840061E-03 
2191	 4.0570338291289E-03 
2192	 4.49241632223659E-03 
2193	 5.36875843489599E-03 
2194	 5.16272603674119E-03 
2195	 0.004447353378343 
2196	 4.22493342062833E-03 
2197	 3.45082678509339E-03 
2198	 3.18305413331756E-03 
2199	 3.91735167872822E-03 
2200	 3.83815726106109E-03 
2201	 5.32066965048651E-03 
2202	 6.03603423641767E-03 
2203	 5.52188324296723E-03 
2204	 7.43192083058667E-03 
2205	 6.89649117059711E-03 
2206	 4.9690399612482E-03 
2207	 5.30822794429867E-03 
2208	 0.005043637237687 
2209	 4.77470761969724E-03 
2210	 4.78634260582952E-03 
2211	 4.74614896095143E-03 
2212	 3.96526665823329E-03 
2213	 2.82588487936731E-03 
2214	 3.47473533564685E-03 
2215	 4.21453241198203E-03 
2216	 4.54020170247269E-03 
2217	 4.14156835318378E-03 
2218	 2.54264558664451E-03 
2219	 2.54090686700879E-03 
2220	 3.08103280316644E-03 
2221	 3.39613539256808E-03 
2222	 4.45485539759157E-03 
2223	 4.69257532388903E-03 
2224	 3.68169056371721E-03 
2225	 3.68531522061314E-03 
2226	 5.5645793613736E-03 
2227	 6.00049766906346E-03 
2228	 5.36114120407805E-03 
2229	 5.16164217111038E-03 
2230	 3.47051783607079E-03 
2231	 3.26426709350872E-03 
2232	 5.13285096235816E-03 
2233	 5.31435020160859E-03 
2234	 4.99462536144397E-03 
2235	 5.23562718259561E-03 
2236	 4.31369063128665E-03 
2237	 3.79028107413932E-03 
2238	 3.58688644498256E-03 
2239	 4.2218956895467E-03 
2240	 5.88903321419981E-03 
2241	 5.52237535644368E-03 
2242	 4.74963701007972E-03 
2243	 5.52584185755824E-03 
2244	 5.6043219474419E-03 
2245	 6.45890476987391E-03 
2246	 8.10117944927188E-03 
2247	 7.41647745112361E-03 
2248	 5.14816733797876E-03 
2249	 3.45771598985582E-03 
2250	 2.48563790746108E-03 
2251	 2.68258390037658E-03 
2252	 4.88872440970717E-03 
2253	 5.70120862022435E-03 
2254	 5.38308795826461E-03 
2255	 5.33114174495073E-03 
2256	 3.03069255304756E-03 
2257	 1.9087437956776E-03 
2258	 3.64141023534919E-03 
2259	 4.72508178723114E-03 
2260	 5.71765817167235E-03 
2261	 0.008079913108929 
2262	 9.37970094259877E-03 
2263	 1.00096224437907E-02 
2264	 0.00940582002364 
2265	 7.10483863869826E-03 
2266	 5.61558937463983E-03 
2267	 3.4123651189236E-03 
2268	 2.54631406385482E-03 
2269	 2.83278064774171E-03 
2270	 3.96827833885402E-03 
2271	 5.72991760786985E-03 
2272	 6.34525914656735E-03 
2273	 8.44871189883666E-03 
2274	 8.57350654426302E-03 
2275	 6.39653159091817E-03 
2276	 5.67861130950349E-03 
2277	 4.59185607805453E-03 
2278	 3.85788212571862E-03 
2279	 2.7387173690532E-03 
2280	 2.8922068590681E-03 
2281	 3.68563842833706E-03 
2282	 5.93037868583543E-03 
2283	 7.32799742601066E-03 
2284	 9.42940238526537E-03 
2285	 8.93402779312994E-03 
2286	 5.60179225476823E-03 
2287	 2.50602414059898E-03 
2288	 9.18276736503455E-04 
2289	-2.37401330661123E-04 
2290	 2.11069475309833E-03 
2291	 6.81261891388966E-03 
2292	 8.12381142986308E-03 
2293	 9.61637617023538E-03 
2294	 9.28867707242183E-03 
2295	 3.99747374898727E-03 
2296	 1.90800741803842E-03 
2297	 3.66501770407069E-03 
2298	 2.80468559449921E-03 
2299	 2.56650611834174E-03 
2300	 5.3423533220421E-03 
2301	 6.86078429320148E-03 
2302	 6.74294120048226E-03 
2303	 8.34753594091786E-03 
2304	 9.87941461370156E-03 
2305	 8.76582889793857E-03 
2306	 8.10947268362777E-03 
2307	 7.53685739208929E-03 
2308	 4.2365567635343E-03 
2309	-2.24987289674854E-04 
2310	-3.07582783988865E-03 
2311	-3.99510477758379E-03 
2312	-1.84841139177905E-03 
2313	 1.92746151981311E-03 
2314	 8.42530512140901E-04 
2315	-2.67054460604982E-03 
2316	-9.63920116884206E-04 
2317	 3.98955860310523E-04 
2318	-1.28970962695463E-04 
2319	 3.56610246800833E-03 
2320	 5.38565589437758E-03 
2321	 2.19593321518196E-03 
2322	 2.56040397592131E-03 
2323	 5.64376217336439E-03 
2324	 4.18231929997222E-03 
2325	 5.2941569720847E-03 
2326	 1.06186817453471E-02 
2327	 9.75600831777682E-03 
2328	 6.78239078593315E-03 
2329	 7.10108429651945E-03 
2330	 4.34709087954639E-03 
2331	 1.77086941046755E-03 
2332	 6.57070687202775E-03 
2333	 6.01603075935433E-03 
2334	-1.22074231545147E-03 
2335	-2.36279933322461E-05 
2336	 1.24471906606524E-03 
2337	-1.86062115387577E-03 
2338	-1.93044294416061E-03 
2339	 6.30569314245272E-04 
2340	 1.72893830652511E-03 
2341	 2.52622248069065E-03 
2342	 5.9327828224983E-03 
2343	 6.78287428263195E-03 
2344	 6.25097834445948E-03 
2345	 1.40727844572368E-03 
2346	 5.0969501046396E-03 
2347	 1.34127329052612E-02 
2348	 5.21053946341309E-03 
2349	 4.9810133796934E-03 
2350	 0.012007260383284 
2351	 9.59351779941133E-03 
2352	 6.66941084447176E-03 
2353	 7.37210768075376E-03 
2354	 1.70280235555967E-03 
2355	-6.39515572378305E-03 
2356	 2.83626316267766E-03 
2357	 9.36699169457316E-03 
2358	 7.23824711666815E-03 
2359	 3.52619676774023E-03 
2360	-3.43507969866746E-03 
2361	 1.83218340111982E-04 
2362	-7.08378602814133E-05 
2363	 1.10451194198009E-03 
2364	 0.008672740950608 
2365	-2.1550323948133E-03 
2366	-6.5617434113328E-03 
2367	 4.48141010788163E-03 
2368	 4.74276709091785E-03 
2369	 8.96631555906497E-03 
2370	 1.15471470943254E-02 
2371	-3.05807283044466E-03 
2372	-9.05942926839078E-03 
2373	 2.74579888197993E-03 
2374	 1.02210054975671E-02 
2375	 1.26460759237732E-02 
2376	 1.96037290382401E-02 
2377	 1.65239296619649E-02 
2378	 8.85992635869504E-03 
2379	 3.35846318921419E-03 
2380	 0.011229361904909 
2381	 4.69144075695133E-03 
2382	-0.024489565328565 
2383	-3.12222144720914E-02 
2384	-2.63328701907959E-02 
2385	 3.94830100344702E-03 
2386	 5.19669956576212E-02 
2387	 6.02697286068328E-02 
2388	 2.14413851313814E-02 
2389	-1.11569674630525E-02 
2390	-1.96644258815608E-02 
2391	-4.41940000679357E-03 
2392	-6.1839897713301E-03 
2393	-1.65347491495865E-02 
2394	-1.77446784786348E-02 
2395	-3.44306316042204E-02 
2396	-1.01507899478976E-02 
2397	 1.30256719291696E-02 
2398	 1.05035792652665E-02 
2399	 1.99380003659478E-02 
2400	 3.08274295581704E-02 
2401	 4.22257154068057E-02 
2402	 3.57284030318798E-02 
2403	 2.25716885382761E-02 
2404	 1.01744958136253E-02 
2405	 8.49266078340923E-03 
2406	 0.013486564074017 
2407	 2.18334675854641E-02 
2408	 2.64270141159533E-02 
2409	 2.81126356056972E-02 
2410	 4.47807756688095E-02 
2411	 2.47422099530995E-02 
2412	 3.62409364577027E-02 
2413	 3.38945827590926E-02 
2414	-0.041461376088128 
2415	 2.3529124873128E-03 
2416	 1.66515789048663E-02 
2417	-6.68781871759508E-02 
2418	-8.57082890394671E-02 
2419	-0.202037563100573 
2420	-0.257897834337815 
2421	-0.200349773912631 
2422	-0.20412200133622 
2423	-0.125212079383986 
2424	-5.55506695866334E-02 
2425	-3.30039756442128E-02 
2426	-2.05924145904751E-02 
2427	-7.85512553158715E-02 
2428	-0.16117652645189 
2429	-0.183403574366617 
2430	-0.129500020384461 
2431	-5.86597580122221E-02 
2432	 7.23489172334646E-03 
2433	 1.10844287877151E-02 
2434	 4.51726909470305E-02 
2435	 0.138805521981871 
2436	 0.141330526959105 
2437	 0.134749333575854 
2438	 0.114642882352613 
2439	 6.00385328328075E-02 
2440	 2.49374243330423E-02 
2441	 6.15552576581972E-04 
2442	-7.18143009867853E-02 
2443	-0.210128553425153 
2444	-0.216353511209239 
2445	-1.66453529117322E-02 
2446	 8.13582435531129E-02 
2447	-9.19219331120831E-02 
2448	-5.23952988737294E-02 
2449	-0.326360815976841 
2450	-0.671675992560058 
2451	-0.566726046973033 
2452	-0.243089358634187 
2453	 1.07071566574886E-03 
2454	 0.127604514505013 
2455	 0.154979487385166 
2456	 0.201876650510337 
2457	 8.56182858610067E-02 
2458	-0.20701793470433 
2459	-0.40324065660912 
2460	-0.709945831080163 
2461	-0.770738757937446 
2462	-0.378647491422182 
2463	-0.179990352995315 
2464	-5.80396371099124E-02 
2465	-0.345287048891687 
2466	-1.56419630827697 
2467	-7.93446889318745 
2468	-1.04718026503438 
2469	-0.353927141199657 
2470	-1.09626076741998 
2471	 86.1965543047327 
2472	 3.30845743844024 
2473	 2.45579515516705 
2474	-0.031907036630326 
2475	-4.75719702703111 
2476	-1.84650416639736 
2477	-0.88350308229612 
2478	-0.689943789840926 
2479	 3.82044296461262 
2480	 1.2573896277993 
2481	-17.453909235008 
2482	 2.10252709841877 
2483	 0.351949747453167 
2484	 3.52986479719036 
2485	 26.2970085985591 
2486	 11.316271757806 
2487	-1.00128870500181 
2488	-3.29890609559019 
2489	 4.6974786612749 
2490	 1.35609010305239 
2491	 0.104285613549385 
2492	 0.384004497739425 
2493	 0.215960707401773 
2494	 0.829258262526268 
2495	 1.30936231240094 
2496	 0.192294715428888 
2497	 0.140116828928637 
2498	 0.273476661961148 
2499	-1.10496706426909E-02 
2500	-0.228541195699618 
