Wavelength	rt0727far200006.asd
350	 5.33998457891921E-02 
351	 5.32931375729174E-02 
352	 0.053013843605654 
353	 5.31561209460492E-02 
354	 5.37298249829804E-02 
355	 5.32502274628386E-02 
356	 5.32303968913096E-02 
357	 5.36098383318255E-02 
358	 5.38595172311208E-02 
359	 0.053728245290971 
360	 5.38159374568844E-02 
361	 5.40440160879364E-02 
362	 5.39284021539538E-02 
363	 5.40691612005085E-02 
364	 5.43741343815202E-02 
365	 5.45864634704198E-02 
366	 5.43339718524883E-02 
367	 5.44032722435707E-02 
368	 5.43972576143929E-02 
369	 0.054034167573431 
370	 0.054657352035078 
371	 5.48203972077627E-02 
372	 5.43825542497124E-02 
373	 5.40795090380056E-02 
374	 5.46412030815657E-02 
375	 0.055209030357553 
376	 5.52976509067944E-02 
377	 5.51949662358609E-02 
378	 5.51744853200503E-02 
379	 5.55440237605508E-02 
380	 5.62326362417992E-02 
381	 5.60155346655674E-02 
382	 5.66704755183507E-02 
383	 5.72142518218045E-02 
384	 5.58909525985907E-02 
385	 5.55663372406544E-02 
386	 5.54417610103962E-02 
387	 0.05549636130123 
388	 5.68112148569432E-02 
389	 5.74790508219679E-02 
390	 5.74417509842258E-02 
391	 5.71481402035786E-02 
392	 5.71645564477001E-02 
393	 5.75709276559731E-02 
394	 5.80132811223592E-02 
395	 5.80500455588187E-02 
396	 5.76599324425314E-02 
397	 5.77155906505657E-02 
398	 0.058224465978522 
399	 5.84491778241883E-02 
400	 5.84353817490751E-02 
401	 5.85141559121595E-02 
402	 5.88636143156036E-02 
403	 5.93012730108013E-02 
404	 5.92225737853827E-02 
405	 0.059091094286998 
406	 5.95309155634182E-02 
407	 5.95396554202443E-02 
408	 5.95246193152793E-02 
409	 5.96430630399574E-02 
410	 5.97269023609051E-02 
411	 5.99531819852766E-02 
412	 6.01212081562815E-02 
413	 6.00947968543549E-02 
414	 5.99813355516578E-02 
415	 6.03258111752684E-02 
416	 6.08707625952604E-02 
417	 6.10969858363656E-02 
418	 6.11975436984787E-02 
419	 0.061257460216127 
420	 6.13084355436258E-02 
421	 6.13327047489664E-02 
422	 6.14828824500309E-02 
423	 6.18471817935637E-02 
424	 0.062352433817385 
425	 6.25394043213109E-02 
426	 6.27613274246671E-02 
427	 6.30394436097799E-02 
428	 6.32483938936355E-02 
429	 6.34396381841843E-02 
430	 6.37093068811706E-02 
431	 6.40613971316291E-02 
432	 6.43908634474842E-02 
433	 6.47742948303298E-02 
434	 6.50953006239897E-02 
435	 6.52958035802979E-02 
436	 6.55882754054228E-02 
437	 6.60144660369206E-02 
438	 6.64538434345116E-02 
439	 6.67364459919458E-02 
440	 6.71499639694196E-02 
441	 6.75057238969124E-02 
442	 6.77238314073126E-02 
443	 0.067954250171133 
444	 0.06824168047451 
445	 6.86402789058354E-02 
446	 6.91344396662084E-02 
447	 0.069486496467722 
448	 6.97992218979296E-02 
449	 6.99945344353071E-02 
450	 6.99227216922156E-02 
451	 7.03133904811575E-02 
452	 7.06907311215855E-02 
453	 7.07923123300293E-02 
454	 7.11566278098334E-02 
455	 7.15752711209709E-02 
456	 7.18357438065248E-02 
457	 7.18506997396968E-02 
458	 0.072245343167082 
459	 7.25246264439475E-02 
460	 7.25788132723638E-02 
461	 7.27330568991627E-02 
462	 7.28483148674794E-02 
463	 0.073026454118124 
464	 7.33233646777535E-02 
465	 7.35485597981409E-02 
466	 7.38628346093896E-02 
467	 7.41506005053717E-02 
468	 7.42259797611232E-02 
469	 7.44244200777183E-02 
470	 7.47542919082378E-02 
471	 7.51411910457786E-02 
472	 7.54492876660975E-02 
473	 7.56741991540941E-02 
474	 0.075877991677573 
475	 7.61153829257865E-02 
476	 7.63064108641374E-02 
477	 7.66929076039223E-02 
478	 7.71415612682501E-02 
479	 7.73060020939865E-02 
480	 7.75523481665319E-02 
481	 7.77883862632659E-02 
482	 7.79686539029276E-02 
483	 7.82622791815224E-02 
484	 7.86510323930926E-02 
485	 7.89941642685375E-02 
486	 7.91913363521014E-02 
487	 7.96282733120913E-02 
488	 8.00655096999791E-02 
489	 8.04051692010787E-02 
490	 8.07293773466361E-02 
491	 8.12553075896079E-02 
492	 8.16995231250033E-02 
493	 8.19297623034175E-02 
494	 8.25248963366643E-02 
495	 8.30027281654513E-02 
496	 8.33744046418271E-02 
497	 8.38756355490281E-02 
498	 0.084339717992491 
499	 8.48485473009251E-02 
500	 8.54407110799625E-02 
501	 8.60545957105891E-02 
502	 8.66172218898141E-02 
503	 8.71878825181629E-02 
504	 8.78223339624861E-02 
505	 8.83995858538308E-02 
506	 8.88244835051842E-02 
507	 8.92770216765649E-02 
508	 9.00907540638891E-02 
509	 9.05300404595788E-02 
510	 9.09096931517438E-02 
511	 9.15447454758913E-02 
512	 9.23945560722166E-02 
513	 9.30957124769319E-02 
514	 9.36208003083678E-02 
515	 9.41478525430321E-02 
516	 9.50810960136159E-02 
517	 9.59194988577041E-02 
518	 9.64856819732966E-02 
519	 9.71046025718771E-02 
520	 9.80021843272729E-02 
521	 9.88577173525155E-02 
522	 9.94488591750497E-02 
523	 0.100341184103726 
524	 0.101270132613922 
525	 0.102057526328363 
526	 0.102638554197609 
527	 0.103412120635131 
528	 0.104271266454826 
529	 0.105065430453239 
530	 0.105697629304832 
531	 0.106457934693375 
532	 0.107317810824944 
533	 0.108150398865618 
534	 0.109074695790335 
535	 0.109908557704509 
536	 0.110658736693623 
537	 0.111553400303388 
538	 0.11239830523472 
539	 0.113278196793816 
540	 0.114259486466516 
541	 0.115140295689994 
542	 0.116041932386472 
543	 0.116897781938627 
544	 0.117572003327737 
545	 0.118449201764153 
546	 0.119406123840797 
547	 0.120325147794267 
548	 0.121240827964991 
549	 0.122085857191779 
550	 0.12291940824011 
551	 0.123817970464917 
552	 0.124659804411677 
553	 0.125540221209216 
554	 0.1264688632284 
555	 0.127341444662011 
556	 0.128155226326237 
557	 0.129022691971906 
558	 0.129989511227043 
559	 0.130825576796668 
560	 0.131654873062029 
561	 0.132412347642678 
562	 0.132954409184486 
563	 0.133555028863901 
564	 0.134219103243049 
565	 0.13488397261783 
566	 0.13543712911582 
567	 0.135865114112085 
568	 0.136280591902123 
569	 0.136804087146406 
570	 0.13730272393272 
571	 0.137610801959992 
572	 0.137814194607647 
573	 0.138249696675336 
574	 0.138447460658906 
575	 0.13847757688142 
576	 0.138526702541213 
577	 0.138737258721689 
578	 0.138859458240577 
579	 0.138865584973176 
580	 0.138855403333997 
581	 0.138686661699034 
582	 0.138475910527659 
583	 0.138272374208561 
584	 0.137936785179576 
585	 0.137673835375941 
586	 0.137456194225434 
587	 0.137153381641625 
588	 0.136596420676548 
589	 0.136247453952425 
590	 0.136123892175556 
591	 0.135696242963563 
592	 0.135166688875008 
593	 0.134532166665258 
594	 0.133796027104555 
595	 0.133067065645702 
596	 0.132027779537396 
597	 0.130849037620979 
598	 0.129916374621528 
599	 0.128769010632043 
600	 0.127694215909611 
601	 0.126914820808632 
602	 0.126419648582285 
603	 0.125868840656214 
604	 0.125446330386926 
605	 0.125383036581597 
606	 0.125179166952887 
607	 0.125060689477666 
608	 0.124993685919704 
609	 0.124667751763845 
610	 0.124642808159338 
611	 0.124648460279753 
612	 0.124429899606016 
613	 0.124316678718264 
614	 0.124190337988869 
615	 0.124023935823325 
616	 0.123842805541037 
617	 0.123647151706633 
618	 0.123564478859786 
619	 0.123559852478304 
620	 0.12331284628895 
621	 0.123243786515672 
622	 0.123278611629132 
623	 0.123212195352782 
624	 0.123043466973119 
625	 0.122993886623184 
626	 0.123035903932517 
627	 0.122900490260857 
628	 0.122654118005348 
629	 0.122523026069103 
630	 0.122568035892781 
631	 0.122338600787199 
632	 0.122302185849122 
633	 0.122300413281643 
634	 0.121970596130378 
635	 0.121849329101384 
636	 0.121794346287612 
637	 0.121697711024704 
638	 0.121592212786919 
639	 0.121588927440653 
640	 0.121561972369615 
641	 0.121365662888001 
642	 0.121041640302628 
643	 0.120959191742367 
644	 0.121052701273257 
645	 0.120903193086736 
646	 0.120750697857093 
647	 0.120568815125384 
648	 0.120337214596562 
649	 0.120174633164571 
650	 0.119583354526387 
651	 0.118875140070708 
652	 0.118534763789427 
653	 0.117679014207996 
654	 0.116723192077355 
655	 0.115786856692784 
656	 0.114598929962945 
657	 0.113530592328325 
658	 0.112579160074888 
659	 0.111646681270915 
660	 0.110695214366415 
661	 0.10984610920064 
662	 0.10909095356132 
663	 0.108350876473441 
664	 0.107504345966363 
665	 0.106913040319237 
666	 0.106618768898632 
667	 0.106010488907313 
668	 0.105396595536226 
669	 0.104966270445341 
670	 0.104819413555169 
671	 0.104753957880968 
672	 0.104836228796105 
673	 0.104910597434708 
674	 0.10465391996066 
675	 0.104774977642001 
676	 0.10508316618708 
677	 0.105341009545554 
678	 0.105643335538424 
679	 0.106075791747639 
680	 0.106548379209776 
681	 0.106940022201173 
682	 0.107552147612428 
683	 0.108188367387063 
684	 0.108784782384844 
685	 0.109585376944543 
686	 0.110363779976769 
687	 0.11105423230258 
688	 0.111639333353706 
689	 0.11216616641423 
690	 0.11253713411826 
691	 0.112870987845489 
692	 0.113372667026099 
693	 0.113538589372018 
694	 0.113349076855017 
695	 0.112982207597237 
696	 0.112635877045584 
697	 0.112366996989034 
698	 0.111887367166852 
699	 0.11098949966226 
700	 0.110386429668627 
701	 0.109584506407138 
702	 0.108486079671872 
703	 0.107290725961944 
704	 0.106009409095365 
705	 0.104767257338667 
706	 0.103586385296729 
707	 0.102093680283689 
708	 0.100445531078307 
709	 9.87095280404801E-02 
710	 9.69344475149595E-02 
711	 9.51076332400529E-02 
712	 9.30820533675956E-02 
713	 0.090913234240824 
714	 8.88305054527217E-02 
715	 8.72149800765795E-02 
716	 8.55095617247804E-02 
717	 0.083143279638437 
718	 8.02970175281248E-02 
719	 7.74729894088936E-02 
720	 7.51839256943738E-02 
721	 7.29836949110818E-02 
722	 7.10030336877489E-02 
723	 6.87674033235353E-02 
724	 0.066719005599409 
725	 6.54316943299992E-02 
726	 0.063369404839718 
727	 6.06425461506532E-02 
728	 5.77725337203614E-02 
729	 5.53068010011248E-02 
730	 5.26539465391783E-02 
731	 5.02807974500733E-02 
732	 4.85913674293351E-02 
733	 4.72645015237746E-02 
734	 4.61088727484992E-02 
735	 4.50326464980921E-02 
736	 4.40030777306898E-02 
737	 4.32904636041697E-02 
738	 4.27727895952796E-02 
739	 4.23347342971803E-02 
740	 4.21301868258954E-02 
741	 4.19338020760442E-02 
742	 4.18326766907458E-02 
743	 4.19553380721214E-02 
744	 4.14229407934577E-02 
745	 4.11231463669931E-02 
746	 4.13736584899367E-02 
747	 4.15107426503461E-02 
748	 4.14893760834635E-02 
749	 4.12928742019469E-02 
750	 4.10313157508791E-02 
751	 4.11077155402505E-02 
752	 4.11865332938898E-02 
753	 4.11743005108218E-02 
754	 4.11225443988584E-02 
755	 4.10335438041088E-02 
756	 4.10306826736648E-02 
757	 4.11411184354809E-02 
758	 4.12749427201582E-02 
759	 4.17341902736277E-02 
760	 4.23241956991905E-02 
761	 4.21961515294094E-02 
762	 4.18797579704649E-02 
763	 4.19243717695256E-02 
764	 4.19747151297492E-02 
765	 0.04165491849727 
766	 0.04153548792793 
767	 4.16287341493783E-02 
768	 0.041772461000774 
769	 4.16610489149889E-02 
770	 4.16963389322157E-02 
771	 4.19179281460537E-02 
772	 4.22231688436243E-02 
773	 4.23229281345118E-02 
774	 4.26494440095975E-02 
775	 4.29634852263249E-02 
776	 4.28761043918217E-02 
777	 4.29525363162964E-02 
778	 4.32482758833682E-02 
779	 4.36338960178701E-02 
780	 4.38476212502908E-02 
781	 0.044019720186457 
782	 0.0442444778386 
783	 4.45360278326606E-02 
784	 4.47271379472087E-02 
785	 4.50707088544244E-02 
786	 4.54311527926273E-02 
787	 4.56369199342393E-02 
788	 0.046207764735782 
789	 0.046567837086592 
790	 4.67427885995468E-02 
791	 4.72380913531026E-02 
792	 4.75093827732501E-02 
793	 4.78307589442468E-02 
794	 4.83101521701835E-02 
795	 4.85847345590659E-02 
796	 4.90025765611417E-02 
797	 4.93957347528078E-02 
798	 4.95999837871788E-02 
799	 4.98867752089246E-02 
800	 5.00710307830953E-02 
801	 5.02581867110481E-02 
802	 5.06397744166502E-02 
803	 5.07032414867012E-02 
804	 5.09223959378991E-02 
805	 5.12052052696445E-02 
806	 5.08355113007888E-02 
807	 5.07304143866417E-02 
808	 5.09938290800205E-02 
809	 5.13609429707086E-02 
810	 5.09979401786372E-02 
811	 0.050686898126643 
812	 5.05204971745499E-02 
813	 5.03070786301178E-02 
814	 5.01245860258652E-02 
815	 4.99936644383293E-02 
816	 0.049778562546286 
817	 4.92512993869167E-02 
818	 4.82628259542525E-02 
819	 4.77346145919158E-02 
820	 4.74882021371074E-02 
821	 4.60636072631536E-02 
822	 4.49914101496235E-02 
823	 4.44394317208783E-02 
824	 4.38846599178499E-02 
825	 4.22463784438191E-02 
826	 4.08950217042682E-02 
827	 3.96548352483955E-02 
828	 3.81378141515112E-02 
829	 3.76030963417468E-02 
830	 3.71041614066273E-02 
831	 3.63177730120754E-02 
832	 0.035532402843842 
833	 3.50978156308468E-02 
834	 3.46425667800439E-02 
835	 0.034163512368592 
836	 3.42026976819046E-02 
837	 3.40142003678795E-02 
838	 3.38736772021976E-02 
839	 3.38990791819764E-02 
840	 3.31706870932097E-02 
841	 3.32505478562001E-02 
842	 0.033511221514685 
843	 0.032969589681275 
844	 3.29668946301453E-02 
845	 3.26076183670032E-02 
846	 0.032275127757705 
847	 0.032960247889417 
848	 3.25072892599054E-02 
849	 3.19930335510554E-02 
850	 0.032078348692941 
851	 3.23623356721247E-02 
852	 3.22684703809272E-02 
853	 3.20044571618629E-02 
854	 3.18552020044913E-02 
855	 3.18346047271358E-02 
856	 3.18228263626234E-02 
857	 3.19966006567369E-02 
858	 3.23388746443894E-02 
859	 3.18438113541956E-02 
860	 3.15488557923262E-02 
861	 3.15755073988781E-02 
862	 3.15145772158421E-02 
863	 3.09226613292747E-02 
864	 3.10119146438021E-02 
865	 3.14854603313496E-02 
866	 3.08210468045991E-02 
867	 3.08038290379415E-02 
868	 3.10993913385874E-02 
869	 0.03112158722893 
870	 3.04156930030416E-02 
871	 3.05238898042985E-02 
872	 3.09258683813226E-02 
873	 3.09353966761321E-02 
874	 3.05488559435966E-02 
875	 3.06302531003988E-02 
876	 3.05369758942584E-02 
877	 2.97919552007863E-02 
878	 3.03626646881192E-02 
879	 3.05557148197554E-02 
880	 0.029925198665791 
881	 2.89880823914722E-02 
882	 2.94651201140926E-02 
883	 3.00476466029647E-02 
884	 3.01055893097929E-02 
885	 2.97721920886237E-02 
886	 2.96896364406424E-02 
887	 2.91636084149489E-02 
888	 2.85187130216154E-02 
889	 2.92267791063391E-02 
890	 2.91183187900188E-02 
891	 2.89100496874189E-02 
892	 2.89959731270483E-02 
893	 2.80239085353247E-02 
894	 0.028574262929823 
895	 2.97110437598382E-02 
896	 2.98025552251058E-02 
897	 2.96400123825925E-02 
898	 2.90101502175177E-02 
899	 2.86574318225908E-02 
900	 2.90336198063953E-02 
901	 2.87140882637605E-02 
902	 2.83218105159377E-02 
903	 2.83311379136658E-02 
904	 2.87873314849919E-02 
905	 2.79356336321075E-02 
906	 0.028189225398391 
907	 2.91029205516477E-02 
908	 2.82968494080633E-02 
909	 0.0285248393191 
910	 2.81924834221777E-02 
911	 2.79406367554685E-02 
912	 3.00479385890901E-02 
913	 2.85084617537568E-02 
914	 2.69998355606737E-02 
915	 2.75686375673572E-02 
916	 2.85316435487519E-02 
917	 2.74199384593204E-02 
918	 2.64734183222551E-02 
919	 2.67568342055665E-02 
920	 2.71282616754499E-02 
921	 2.82726963974111E-02 
922	 2.81813475060098E-02 
923	 2.60414169049996E-02 
924	 2.47021024121745E-02 
925	 2.73859416670436E-02 
926	 0.029251500445705 
927	 2.55789433263374E-02 
928	 2.67630637159972E-02 
929	 3.12728219634723E-02 
930	 3.29844657436845E-02 
931	 2.35305594687776E-02 
932	 2.54656937130611E-02 
933	 2.25344722568982E-02 
934	 1.62149796911495E-02 
935	 1.86147496892346E-02 
936	 0.021635081673103 
937	 3.02110581235206E-02 
938	 2.78665720377357E-02 
939	 7.83458712713221E-03 
940	 2.23839754150579E-02 
941	 2.24465344427079E-02 
942	 1.06013024219046E-02 
943	 1.30275773674231E-02 
944	 1.76126218430993E-02 
945	 2.25685580107034E-02 
946	 0.021652395014902 
947	 1.14700812250704E-02 
948	 0.011847875824298 
949	 1.62182634013599E-02 
950	 0.019203156773683 
951	 1.90096016668369E-02 
952	 1.70820367935414E-02 
953	 1.86863516562293E-02 
954	 0.023366053463887 
955	 2.62445749317205E-02 
956	 2.28838114085707E-02 
957	 0.013427220017056 
958	 1.02754919681106E-02 
959	 2.57092261645115E-02 
960	 2.71489993999922E-02 
961	 2.39083939104822E-02 
962	 2.40904268404625E-02 
963	 2.92119326557239E-02 
964	 2.65800803862897E-02 
965	 2.61304118617779E-02 
966	 2.73511251867208E-02 
967	 2.37475159037915E-02 
968	 2.34234353601559E-02 
969	 2.38535539669945E-02 
970	 2.22014481693307E-02 
971	 1.79056478244219E-02 
972	 2.58595711184876E-02 
973	 2.79649344642221E-02 
974	 2.39629885427003E-02 
975	 3.11211902436719E-02 
976	 3.02589081327169E-02 
977	 2.93715489222526E-02 
978	 2.93785677098895E-02 
979	 2.41751357363728E-02 
980	 1.93389812221503E-02 
981	 2.17337080455341E-02 
982	 2.64214568764365E-02 
983	 2.26711884704141E-02 
984	 2.16845191727373E-02 
985	 2.28950181410071E-02 
986	 2.38549525235707E-02 
987	 2.26384093329063E-02 
988	 2.48300263525158E-02 
989	 2.72620830586784E-02 
990	 2.73025270393877E-02 
991	 0.024654865333331 
992	 2.68772054968449E-02 
993	 2.63900009295588E-02 
994	 2.32898001473813E-02 
995	 2.33823869006579E-02 
996	 2.71528479282784E-02 
997	 2.65669624499191E-02 
998	 2.23909484761891E-02 
999	 2.10489527618608E-02 
1000	 2.44707969678068E-02 
1001	 2.52972001523141E-02 
1002	 2.57173199935731E-02 
1003	 2.61488604674038E-02 
1004	 2.65755796655954E-02 
1005	 2.68008551484498E-02 
1006	 2.74555875736814E-02 
1007	 0.027451125811326 
1008	 2.61154202594522E-02 
1009	 2.63060358537019E-02 
1010	 0.026714400878415 
1011	 2.67727842844898E-02 
1012	 2.70347364665195E-02 
1013	 2.60445760355964E-02 
1014	 2.55954736971014E-02 
1015	 2.44737050719709E-02 
1016	 2.38094412006181E-02 
1017	 2.32598844682559E-02 
1018	 2.35758804711612E-02 
1019	 2.43015466169183E-02 
1020	 2.47661932807567E-02 
1021	 0.025821895450109 
1022	 0.026841675894506 
1023	 2.80747315542193E-02 
1024	 2.87024984655577E-02 
1025	 2.85424448442163E-02 
1026	 0.028747960320981 
1027	 2.84444989018151E-02 
1028	 2.65517755685227E-02 
1029	 2.66580220479403E-02 
1030	 2.78108959250911E-02 
1031	 2.84987974584284E-02 
1032	 3.03241634755171E-02 
1033	 3.05352347579835E-02 
1034	 2.97775125443848E-02 
1035	 0.029272935797574 
1036	 2.77848063816989E-02 
1037	 0.026998720615991 
1038	 2.59988687285564E-02 
1039	 2.63028096290474E-02 
1040	 2.68905475020054E-02 
1041	 2.72231334836098E-02 
1042	 2.71474936504012E-02 
1043	 2.68324894743802E-02 
1044	 2.71632520528099E-02 
1045	 2.74710014967142E-02 
1046	 2.75571190882571E-02 
1047	 2.84044489422538E-02 
1048	 2.84720262514837E-02 
1049	 2.74240862252872E-02 
1050	 2.70835475264498E-02 
1051	 2.71272877337097E-02 
1052	 2.69411414361898E-02 
1053	 2.64743760781629E-02 
1054	 2.64835165042206E-02 
1055	 2.69438398725506E-02 
1056	 2.70096507918293E-02 
1057	 2.70433253561647E-02 
1058	 2.74415705700083E-02 
1059	 2.71999251871613E-02 
1060	 2.60324016697178E-02 
1061	 2.59965993938708E-02 
1062	 2.64604827607574E-02 
1063	 2.65203206413154E-02 
1064	 2.70965121160086E-02 
1065	 2.71163981651605E-02 
1066	 2.63306139229451E-02 
1067	 2.60677636663719E-02 
1068	 2.59960155404626E-02 
1069	 2.59056588981462E-02 
1070	 2.57764243479446E-02 
1071	 2.59348701230039E-02 
1072	 0.026650852088819 
1073	 2.64893753319213E-02 
1074	 0.027100375836866 
1075	 0.028593918801374 
1076	 2.84586827270088E-02 
1077	 2.76013001723362E-02 
1078	 2.72511641127282E-02 
1079	 2.58503722023779E-02 
1080	 2.54952129576746E-02 
1081	 2.63787268408454E-02 
1082	 2.64580816519603E-02 
1083	 2.62791522412369E-02 
1084	 2.61692565450729E-02 
1085	 2.54917819104333E-02 
1086	 0.025557811326152 
1087	 2.67894855134974E-02 
1088	 2.69215422739205E-02 
1089	 2.69023297935682E-02 
1090	 2.64492329724409E-02 
1091	 2.63985770811046E-02 
1092	 2.52185254594648E-02 
1093	 2.60569599159844E-02 
1094	 2.93506013276969E-02 
1095	 2.98673450209083E-02 
1096	 3.00925827675278E-02 
1097	 2.93150180943793E-02 
1098	 2.46377023581052E-02 
1099	 2.40426197807622E-02 
1100	 2.62760406354095E-02 
1101	 2.71715006415621E-02 
1102	 3.02080295901165E-02 
1103	 3.13846392508648E-02 
1104	 3.14256789627014E-02 
1105	 2.89718656850814E-02 
1106	 2.70223486401989E-02 
1107	 0.02806892537284 
1108	 2.74409771044461E-02 
1109	 2.77970448687188E-02 
1110	 2.78656779272085E-02 
1111	 2.80134057026996E-02 
1112	 2.74546589160212E-02 
1113	 2.68877024121027E-02 
1114	 2.50150560215676E-02 
1115	 1.75363236657821E-02 
1116	 1.70884933010362E-02 
1117	 2.49317369433291E-02 
1118	 2.77078091342484E-02 
1119	 4.39541398293083E-02 
1120	 5.24469436763551E-02 
1121	 4.60784147344096E-02 
1122	 1.29385060222296E-02 
1123	 5.35243508272095E-03 
1124	 9.57478380525208E-03 
1125	 1.80372465449702E-02 
1126	 4.91816352133439E-02 
1127	 0.111453482751642 
1128	 0.116349606891248 
1129	 9.55287831224229E-02 
1130	 0.056286670038494 
1131	 5.18829278099622E-02 
1132	 2.86247176249393E-02 
1133	 2.23434505833126E-02 
1134	 3.28137171337884E-02 
1135	 4.22344312127071E-02 
1136	 5.98538672009932E-02 
1137	 5.51755269411549E-02 
1138	 4.56805677416253E-02 
1139	 3.75990475227218E-02 
1140	 2.99334726519706E-02 
1141	 3.81980480643465E-02 
1142	 5.49240018485041E-02 
1143	 6.10648227354591E-02 
1144	 5.48145182451232E-02 
1145	 3.55953360690073E-02 
1146	 2.90413423996069E-02 
1147	 4.70110608576779E-02 
1148	 5.32203778323379E-02 
1149	 4.21941182904256E-02 
1150	 3.91143786276897E-02 
1151	 3.44466493847824E-02 
1152	 3.00411461036946E-02 
1153	 2.73206462908374E-02 
1154	 2.71734785549206E-02 
1155	 2.85113396587287E-02 
1156	 2.46629212084037E-02 
1157	 2.10252459253195E-02 
1158	 2.14032677514987E-02 
1159	 0.021824639738047 
1160	 0.020836242213735 
1161	 2.48244497449168E-02 
1162	 0.028526734565508 
1163	 2.52603131426142E-02 
1164	 0.023444868067187 
1165	 2.38741286151008E-02 
1166	 2.46883169911165E-02 
1167	 2.78775590421459E-02 
1168	 2.94438808807835E-02 
1169	 2.85742587616217E-02 
1170	 2.63447755442387E-02 
1171	 2.53813956640601E-02 
1172	 2.49042920856856E-02 
1173	 2.46274662692759E-02 
1174	 0.024641486178952 
1175	 2.51528595956689E-02 
1176	 2.54357641457997E-02 
1177	 2.53129096544349E-02 
1178	 0.024934457792991 
1179	 2.37779751535049E-02 
1180	 2.38885524764542E-02 
1181	 0.024685544985704 
1182	 2.54635988838106E-02 
1183	 2.64242508030245E-02 
1184	 2.51204422386987E-02 
1185	 2.42518458304407E-02 
1186	 2.55198179686413E-02 
1187	 2.53055096675879E-02 
1188	 2.52307248136334E-02 
1189	 0.025245726608374 
1190	 2.41695374340369E-02 
1191	 2.51671378680964E-02 
1192	 2.54704433126874E-02 
1193	 2.65643512330415E-02 
1194	 2.58887028071841E-02 
1195	 2.59084751560328E-02 
1196	 2.61352263174447E-02 
1197	 2.55853157295402E-02 
1198	 2.61792467540877E-02 
1199	 2.74662985780928E-02 
1200	 2.59928655005626E-02 
1201	 0.024403972593543 
1202	 2.49846340600046E-02 
1203	 2.46580373910521E-02 
1204	 0.024955272440307 
1205	 2.69200954175611E-02 
1206	 2.63326152559018E-02 
1207	 0.023788264296103 
1208	 2.35146800624422E-02 
1209	 2.38139562819788E-02 
1210	 2.34331529009423E-02 
1211	 2.41174036843233E-02 
1212	 2.56031059457844E-02 
1213	 2.66526527760129E-02 
1214	 2.63397692597115E-02 
1215	 2.58201867452322E-02 
1216	 2.59542568016744E-02 
1217	 2.54767898662131E-02 
1218	 2.36934548913153E-02 
1219	 2.38390766122374E-02 
1220	 2.47268587765116E-02 
1221	 2.41308638955256E-02 
1222	 2.43277686858039E-02 
1223	 2.56092790816763E-02 
1224	 2.60352012731498E-02 
1225	 2.53146629790389E-02 
1226	 2.50278661622073E-02 
1227	 0.025386534521219 
1228	 2.55614609951641E-02 
1229	 0.026001889769048 
1230	 2.58960961966135E-02 
1231	 2.50711489460623E-02 
1232	 2.44945704630118E-02 
1233	 2.45491348635454E-02 
1234	 0.025268272640337 
1235	 2.55395066060874E-02 
1236	 2.55930332004873E-02 
1237	 2.57337689408791E-02 
1238	 2.59552303139575E-02 
1239	 2.56343653974325E-02 
1240	 2.57185717349341E-02 
1241	 2.64000239195958E-02 
1242	 2.63209200427661E-02 
1243	 2.58428701898831E-02 
1244	 2.55907050663184E-02 
1245	 2.57112552875419E-02 
1246	 2.59994952879192E-02 
1247	 2.59263611495886E-02 
1248	 2.59749581439928E-02 
1249	 2.57729344095411E-02 
1250	 2.50031266594005E-02 
1251	 2.49733036899938E-02 
1252	 2.52482693338659E-02 
1253	 2.47098101804736E-02 
1254	 0.023999553731208 
1255	 2.40200011086961E-02 
1256	 2.41491361821056E-02 
1257	 2.43573070873969E-02 
1258	 2.42740674558336E-02 
1259	 2.44628487169995E-02 
1260	 2.45928136766365E-02 
1261	 2.44209997106815E-02 
1262	 2.43194885159053E-02 
1263	 2.45157393886084E-02 
1264	 2.43436855359095E-02 
1265	 2.42751345290554E-02 
1266	 2.45565865335014E-02 
1267	 2.44234869276252E-02 
1268	 2.45043171027071E-02 
1269	 2.36629822079401E-02 
1270	 2.21545559232918E-02 
1271	 2.27851563577937E-02 
1272	 2.44742720913359E-02 
1273	 2.50873381814375E-02 
1274	 2.47632902389284E-02 
1275	 0.02442950117302 
1276	 0.024163070807797 
1277	 2.42292381750409E-02 
1278	 2.52111446826656E-02 
1279	 2.57268698081993E-02 
1280	 2.58210126151537E-02 
1281	 2.58493875767209E-02 
1282	 2.57384918303895E-02 
1283	 2.55855482627104E-02 
1284	 2.53275117587402E-02 
1285	 0.025153159673488 
1286	 2.52543232707772E-02 
1287	 2.48805540207092E-02 
1288	 2.35362263264461E-02 
1289	 2.34544005346911E-02 
1290	 2.35458122724762E-02 
1291	 2.43111636569368E-02 
1292	 2.52822639764079E-02 
1293	 2.54812002785424E-02 
1294	 2.46577984221785E-02 
1295	 2.44002308133531E-02 
1296	 2.46675996961341E-02 
1297	 2.51629628967977E-02 
1298	 2.67079330098127E-02 
1299	 2.76553150585149E-02 
1300	 2.72471826720508E-02 
1301	 2.72353815448699E-02 
1302	 2.77100668414978E-02 
1303	 2.60728314529368E-02 
1304	 2.40960646804318E-02 
1305	 2.58122889681719E-02 
1306	 2.67482927221837E-02 
1307	 2.70387179939148E-02 
1308	 2.62418392415316E-02 
1309	 2.58609016111282E-02 
1310	 2.58692545071189E-02 
1311	 2.47660484160257E-02 
1312	 2.34635133262245E-02 
1313	 2.17891121615979E-02 
1314	 2.27438444061716E-02 
1315	 2.49752869683327E-02 
1316	 2.53021980582941E-02 
1317	 2.88688824380497E-02 
1318	 3.03584176347176E-02 
1319	 2.54069660216185E-02 
1320	 2.45105021042812E-02 
1321	 2.54403249509438E-02 
1322	 3.08438798685467E-02 
1323	 3.49392921662137E-02 
1324	 3.35525788578829E-02 
1325	 3.33951812025458E-02 
1326	 3.24792910751342E-02 
1327	 2.83027310905284E-02 
1328	 2.84514259741761E-02 
1329	 3.05413874061077E-02 
1330	 0.032726601576543 
1331	 3.72538893797977E-02 
1332	 3.75592584587226E-02 
1333	 3.84412453975873E-02 
1334	 3.59058882085411E-02 
1335	 3.34532181571282E-02 
1336	 3.19017386939711E-02 
1337	 3.27938729692238E-02 
1338	 3.32889316860551E-02 
1339	 3.20831000095095E-02 
1340	 3.23794528953783E-02 
1341	 3.14407139074414E-02 
1342	 2.31415416857523E-02 
1343	 2.33300795431689E-02 
1344	 3.63677695598003E-02 
1345	 4.21036950760734E-02 
1346	 4.90392901597102E-02 
1347	 5.87622370403196E-02 
1348	 5.83718497677921E-02 
1349	 6.51445024486443E-02 
1350	 8.93370915335385E-02 
1351	 0.121027992435718 
1352	 0.147503117357217 
1353	 0.269955471670807 
1354	 0.814692482999599 
1355	 1.14917846381938 
1356	 0.852914463444518 
1357	 0.775256475720216 
1358	 0.388497356422296 
1359	-4.32787058924571E-02 
1360	-7.74019660791585E-03 
1361	 0.167029864157987 
1362	 0.457377939946465 
1363	 0.68069919533973 
1364	 0.825904700377031 
1365	 6.95419786260316 
1366	 2.52351020184226 
1367	 0.775394208791105 
1368	 0.517248099761955 
1369	 0.412698608023147 
1370	 0.359120009519578 
1371	 0.364800622264214 
1372	 0.383328267475582 
1373	 0.393574121789881 
1374	 0.331112700907421 
1375	 0.357453283336815 
1376	 0.308993015507064 
1377	 0.111127267668611 
1378	 0.16190576391434 
1379	 0.496225601451205 
1380	 0.652850141627465 
1381	 1.53681822506412 
1382	 1.97900457713829 
1383	 0.464574356945444 
1384	 0.467861954326339 
1385	 1.35504056671693 
1386	 1.58340334836324 
1387	 2.49494613958053 
1388	 2.4368522777289 
1389	 0.565802497157963 
1390	 0.305980722792804 
1391	 0.305997440011779 
1392	-0.383815783271417 
1393	-0.419171046181003 
1394	-0.123081217029899 
1395	-0.21794092910985 
1396	-0.094711412765834 
1397	 1.0992887724189 
1398	 2.40187699278666 
1399	 1.45550847499392 
1400	 0.904859792426432 
1401	 0.582209220240043 
1402	 0.445892619650271 
1403	 0.691885345018583 
1404	 0.376575848699742 
1405	 0.528192907338943 
1406	 0.862684997332746 
1407	 0.681626720120079 
1408	 0.404993566692668 
1409	 0.439783741507652 
1410	 0.388898116028632 
1411	 0.316226408596193 
1412	 0.484238402025887 
1413	 0.495445308957206 
1414	 0.055836981344905 
1415	-0.229299090280146 
1416	-0.288948285041523 
1417	-0.413132886438898 
1418	-0.214623632478784 
1419	-0.144290803210902 
1420	-4.39966156720396E-02 
1421	 0.122437248977238 
1422	 0.464780757035804 
1423	 0.684032011332505 
1424	 0.311819655470909 
1425	 0.409241910282133 
1426	 0.9300798381507 
1427	 0.913588463629532 
1428	 0.629423659291384 
1429	 0.506292382651773 
1430	 0.308060706887316 
1431	 0.160043489696652 
1432	-6.33311201103087E-02 
1433	-0.159282013113754 
1434	-0.238344248467686 
1435	-0.383961484114832 
1436	-0.920965061773239 
1437	-0.186381663958533 
1438	 1.1666804582346 
1439	 0.747869329831089 
1440	 0.104641385614658 
1441	 4.89486796751922E-02 
1442	 0.28178641359897 
1443	 0.331319027082151 
1444	 0.093138271897937 
1445	 0.204938988275401 
1446	 0.253668085403949 
1447	-5.76059291749627E-03 
1448	 5.79122198687974E-03 
1449	 0.169510156085039 
1450	 0.184372433529797 
1451	 0.128093038043893 
1452	-9.73495372951057E-03 
1453	-3.83758018678668E-02 
1454	 5.99104456770296E-03 
1455	 0.090902792626269 
1456	 7.31657818442561E-02 
1457	 9.65068515104266E-02 
1458	 8.97282108062342E-02 
1459	-8.14003952574601E-03 
1460	-2.52284521279179E-02 
1461	 2.24584401794213E-02 
1462	 2.22746557863318E-02 
1463	-2.31926516614316E-03 
1464	-2.61704588384577E-03 
1465	-1.54506767382742E-03 
1466	-5.02515549164313E-04 
1467	 1.08474156672622E-02 
1468	 2.40092549807002E-02 
1469	 4.02195615005875E-02 
1470	 5.81019240197507E-02 
1471	 0.113759320258323 
1472	 8.21262833451815E-02 
1473	-3.09271747065369E-02 
1474	-0.031186939144368 
1475	-6.54396933529645E-03 
1476	-1.03622124365284E-02 
1477	 3.87108151860714E-02 
1478	 3.88745348649556E-02 
1479	-3.00360868566886E-02 
1480	-5.36949569626535E-02 
1481	-6.49134430417379E-02 
1482	-4.81823260982971E-02 
1483	-8.80724383454373E-03 
1484	 5.4239006831066E-03 
1485	 2.37040184965363E-02 
1486	 3.39022973483722E-02 
1487	 2.77525793563654E-02 
1488	 3.06519129149179E-02 
1489	 4.67421977288071E-02 
1490	 4.66207271140324E-02 
1491	 3.77932534705553E-02 
1492	 0.032289555397119 
1493	 2.19548290241074E-02 
1494	 1.90903792481115E-02 
1495	 1.90496920803299E-02 
1496	 1.97082892696644E-02 
1497	 2.58545289722472E-02 
1498	 2.51858848767922E-02 
1499	 1.87123254459701E-02 
1500	 1.92640094926596E-02 
1501	 2.40869071268899E-02 
1502	 2.26750551516535E-02 
1503	 1.84976244853792E-02 
1504	 0.018679845904831 
1505	 1.93471297940203E-02 
1506	 1.74585622046692E-02 
1507	 0.013243377842751 
1508	 1.40698147484829E-02 
1509	 1.54898084308817E-02 
1510	 1.56429781231343E-02 
1511	 0.021188392911526 
1512	 2.50036067553483E-02 
1513	 2.35779812858708E-02 
1514	 2.15670548929042E-02 
1515	 1.99789047989562E-02 
1516	 2.08334543380818E-02 
1517	 2.19418472708429E-02 
1518	 0.020255920735926 
1519	 1.98368183638531E-02 
1520	 2.08468665582209E-02 
1521	 2.00094268449953E-02 
1522	 1.93489139608034E-02 
1523	 1.91015450404455E-02 
1524	 2.01538044756112E-02 
1525	 2.29836313593256E-02 
1526	 2.29062994551783E-02 
1527	 0.020089716675994 
1528	 1.79874021108046E-02 
1529	 1.64842363004808E-02 
1530	 1.70101466344254E-02 
1531	 0.019995373918655 
1532	 2.00117053335623E-02 
1533	 0.019009251693224 
1534	 1.99959376009707E-02 
1535	 1.88333807274874E-02 
1536	 1.85668952797315E-02 
1537	 1.93213057446619E-02 
1538	 0.017778496389567 
1539	 1.74826701842222E-02 
1540	 1.88729835089644E-02 
1541	 2.04463993853167E-02 
1542	 2.10407002021081E-02 
1543	 2.01530374050522E-02 
1544	 2.04763914546372E-02 
1545	 1.99884315387523E-02 
1546	 1.80429616365268E-02 
1547	 1.86396128406086E-02 
1548	 0.019648732220761 
1549	 2.02458800421871E-02 
1550	 2.14019888110557E-02 
1551	 0.021492789126679 
1552	 2.15995968079293E-02 
1553	 2.19469214823089E-02 
1554	 2.12003843797718E-02 
1555	 2.09032199383618E-02 
1556	 2.07930365119958E-02 
1557	 2.01885441116777E-02 
1558	 0.02093110216776 
1559	 2.17744198547705E-02 
1560	 2.18349955739518E-02 
1561	 2.15833934154949E-02 
1562	 2.07070554108212E-02 
1563	 2.00629513879397E-02 
1564	 1.99222701622868E-02 
1565	 1.93356510558769E-02 
1566	 1.99002766610756E-02 
1567	 2.25697605859651E-02 
1568	 0.023981697796631 
1569	 2.34021205196441E-02 
1570	 2.30260092240138E-02 
1571	 0.02296776664851 
1572	 2.26379923455338E-02 
1573	 2.36827438688181E-02 
1574	 2.48448738705531E-02 
1575	 2.26520734386885E-02 
1576	 2.13668810024891E-02 
1577	 2.27765953999745E-02 
1578	 2.20309305986673E-02 
1579	 2.12651530576701E-02 
1580	 2.22806166144666E-02 
1581	 2.21511196774994E-02 
1582	 0.021743136639901 
1583	 2.22656437368562E-02 
1584	 2.25237965718454E-02 
1585	 2.06680298888274E-02 
1586	 1.93865816994842E-02 
1587	 2.15209152482601E-02 
1588	 2.17634133135628E-02 
1589	 0.02055154751392 
1590	 2.12774714171434E-02 
1591	 2.07607164960098E-02 
1592	 1.91702096123486E-02 
1593	 1.82806219477765E-02 
1594	 1.84728381828749E-02 
1595	 1.94075124493717E-02 
1596	 2.03772839787092E-02 
1597	 2.16765297305621E-02 
1598	 2.17868944382527E-02 
1599	 1.95265312943913E-02 
1600	 1.80508132292249E-02 
1601	 1.91361795035961E-02 
1602	 2.05570615762775E-02 
1603	 2.18044721289321E-02 
1604	 2.30107040445431E-02 
1605	 2.31894609722958E-02 
1606	 2.25369024016964E-02 
1607	 2.20501801873685E-02 
1608	 2.21736064757122E-02 
1609	 2.33733652970509E-02 
1610	 2.44235227931924E-02 
1611	 2.38538726920704E-02 
1612	 2.38250784844173E-02 
1613	 2.23465135455101E-02 
1614	 1.96967476766161E-02 
1615	 2.15156115792133E-02 
1616	 2.34859507442418E-02 
1617	 2.40081295781673E-02 
1618	 2.53592791229076E-02 
1619	 2.55916167520197E-02 
1620	 2.49746011159265E-02 
1621	 2.24386552002905E-02 
1622	 0.020494150318638 
1623	 2.15339052290224E-02 
1624	 2.11256641329813E-02 
1625	 1.95781187490226E-02 
1626	 0.020205918956364 
1627	 2.04871758187537E-02 
1628	 2.06757663290518E-02 
1629	 2.23017501585503E-02 
1630	 2.29954879567358E-02 
1631	 2.23992475066898E-02 
1632	 2.13905124198176E-02 
1633	 2.16782770065471E-02 
1634	 0.022687609043462 
1635	 2.29591411564173E-02 
1636	 2.28723636300678E-02 
1637	 2.17239416030107E-02 
1638	 2.15594786708838E-02 
1639	 0.021712890459608 
1640	 1.97669594390111E-02 
1641	 2.02033909939152E-02 
1642	 2.21779269585631E-02 
1643	 2.17322227234633E-02 
1644	 0.022322714671703 
1645	 2.30088546053185E-02 
1646	 2.30531306441458E-02 
1647	 2.39717957546645E-02 
1648	 2.25961620061695E-02 
1649	 2.19956056659755E-02 
1650	 2.32443135158745E-02 
1651	 2.26121878254862E-02 
1652	 2.25071598880864E-02 
1653	 2.29475591763943E-02 
1654	 2.26761417313449E-02 
1655	 2.46766572557305E-02 
1656	 2.45505502104142E-02 
1657	 2.08263367802134E-02 
1658	 2.01819492045858E-02 
1659	 2.11441604613217E-02 
1660	 0.020422737411259 
1661	 1.97961897919121E-02 
1662	 2.01346604484541E-02 
1663	 1.97875366374943E-02 
1664	 1.99436596654287E-02 
1665	 2.13863380600654E-02 
1666	 2.25657449274703E-02 
1667	 2.37882369273353E-02 
1668	 2.38634643530783E-02 
1669	 2.44793694520939E-02 
1670	 2.70020540284035E-02 
1671	 0.025515560914768 
1672	 2.13742945962106E-02 
1673	 2.11807530884485E-02 
1674	 2.25174271626656E-02 
1675	 0.02163602273692 
1676	 2.22661476143506E-02 
1677	 2.49184574280117E-02 
1678	 2.48532134053105E-02 
1679	 2.39369538154122E-02 
1680	 2.50159272632354E-02 
1681	 2.53327675426118E-02 
1682	 2.36742053214662E-02 
1683	 2.36528302754363E-02 
1684	 2.38916619471357E-02 
1685	 2.07383254130373E-02 
1686	 1.96107899939148E-02 
1687	 2.15655814655854E-02 
1688	 2.23683193776275E-02 
1689	 2.37163426475588E-02 
1690	 2.54410727091063E-02 
1691	 2.43598312066374E-02 
1692	 2.24782222334979E-02 
1693	 2.35667505696016E-02 
1694	 2.41226614280203E-02 
1695	 2.15656996400594E-02 
1696	 2.24581779239749E-02 
1697	 2.51897594314125E-02 
1698	 0.024068884853297 
1699	 2.48967252878832E-02 
1700	 2.70070513050624E-02 
1701	 2.49061656999083E-02 
1702	 2.32092816629345E-02 
1703	 2.36873012458438E-02 
1704	 2.25624349648582E-02 
1705	 2.17032964311283E-02 
1706	 2.41119204049184E-02 
1707	 0.025683452782811 
1708	 2.34238653334973E-02 
1709	 2.20107864014383E-02 
1710	 2.10429471561661E-02 
1711	 1.87462470456359E-02 
1712	 0.021064631289407 
1713	 2.30178484027133E-02 
1714	 2.29603432420509E-02 
1715	 2.33180650635032E-02 
1716	 2.40203299575146E-02 
1717	 2.45563825899084E-02 
1718	 2.37085606303073E-02 
1719	 0.020282822537572 
1720	 0.020128728882624 
1721	 2.43187257846117E-02 
1722	 2.45722379430541E-02 
1723	 0.023330899084877 
1724	 2.41269401362431E-02 
1725	 2.19012808882472E-02 
1726	 2.23494735202619E-02 
1727	 2.81983666901028E-02 
1728	 0.027729061367883 
1729	 2.25417731290041E-02 
1730	 2.27935109676612E-02 
1731	 2.45351765970952E-02 
1732	 2.30157466284724E-02 
1733	 2.28266717782478E-02 
1734	 2.37389892758402E-02 
1735	 2.08981685020627E-02 
1736	 2.09401456748841E-02 
1737	 2.36112229644091E-02 
1738	 2.23696546920651E-02 
1739	 2.48765800114716E-02 
1740	 2.69424349253205E-02 
1741	 2.26121487703596E-02 
1742	 1.80962090044237E-02 
1743	 1.53686956783303E-02 
1744	 1.74059422439387E-02 
1745	 2.29533186493331E-02 
1746	 2.35588838475316E-02 
1747	 2.55168907709274E-02 
1748	 2.28529733155196E-02 
1749	 2.28384479534308E-02 
1750	 3.08378189409073E-02 
1751	 0.032626787828016 
1752	 2.70018687310567E-02 
1753	 2.61271845625908E-02 
1754	 2.78975262749115E-02 
1755	 2.65111912729226E-02 
1756	 2.55335123123384E-02 
1757	 2.57124477987431E-02 
1758	 2.01387394493612E-02 
1759	 1.96007414001647E-02 
1760	 2.28916584014043E-02 
1761	 2.62298233418955E-02 
1762	 3.01385917202803E-02 
1763	 2.60625144668917E-02 
1764	 2.19819690519369E-02 
1765	 2.35614400413566E-02 
1766	 1.95853439437431E-02 
1767	 1.81764736348861E-02 
1768	 0.021782681707061 
1769	 1.49190804666606E-02 
1770	 1.21096913567672E-02 
1771	 2.39927853416944E-02 
1772	 3.09855541674364E-02 
1773	 2.62259780930689E-02 
1774	 2.40155926664097E-02 
1775	 2.21890673545816E-02 
1776	 2.30287023512823E-02 
1777	 4.98951183219388E-02 
1778	 5.67003694367298E-02 
1779	 0.039851416146304 
1780	 3.57618660874961E-02 
1781	 1.82984988847154E-02 
1782	 1.61782517667558E-02 
1783	 4.74692143657531E-02 
1784	 5.22662257919135E-02 
1785	 0.049092783417726 
1786	 4.53191554463997E-02 
1787	 7.20316134818238E-03 
1788	 7.98618592023644E-03 
1789	 4.40327307348778E-02 
1790	 0.049022712739373 
1791	 8.16049180825205E-02 
1792	 4.59501267441281E-02 
1793	 2.43601079179128E-02 
1794	 0.110850065028516 
1795	 0.12597491115483 
1796	 0.124466142909248 
1797	 0.165345087950873 
1798	-3.17005089066532E-02 
1799	-0.15918594241864 
1800	-7.98989171056936E-02 
1801	-7.81486731791311E-02 
1802	 5.29696584751851E-02 
1803	 0.234272153295808 
1804	 0.441959454398411 
1805	 0.532036719483938 
1806	 0.679015058497901 
1807	 1.22078719854366 
1808	 0.553582281413079 
1809	 0.810416524223991 
1810	 7.23267618880929 
1811	 3.70179920242805 
1812	 2.21884416743368 
1813	 1.98904080243611 
1814	 1.52683126386157 
1815	 1.16003194920491 
1816	-0.916438081761031 
1817	-1.45204502602406 
1818	-0.373297187171688 
1819	 0.280968867099806 
1820	 3.09057907348457 
1821	 1.50608204920034 
1822	 1.30158927474368 
1823	 0.369857463883716 
1824	 0.310521475118874 
1825	 0.663630481745771 
1826	 0.851948884380119 
1827	-31.757177518503 
1828	-12.5808149873741 
1829	-0.48180351442709 
1830	-0.417186804403532 
1831	 0.246989637143532 
1832	 0.21286706383242 
1833	 0.14835062660049 
1834	 0.143788845944617 
1835	 0.352554479681101 
1836	 0.436468663791787 
1837	 0.457713258623988 
1838	 0.467591151455733 
1839	 0.476861829313297 
1840	 0.865189625512162 
1841	 1.78702033063269 
1842	 0.734802198761715 
1843	 0.139454335689735 
1844	-1.62188608311572 
1845	-4.07381066358692 
1846	 9.68268699558952 
1847	 5.29886674991019 
1848	-9.52528082971978 
1849	-1.12953363944545 
1850	-1.86385606482296 
1851	-1.64135583146647 
1852	-0.687650207319134 
1853	-4.50582367707091E-02 
1854	 1.67473756791458E-02 
1855	 0.244063592327116 
1856	-1.35363182022484 
1857	 184.262508183157 
1858	 6.15160624244423 
1859	 7.15800807696247 
1860	 2.37983708464715 
1861	 1.08360702404691 
1862	 0.366187815395608 
1863	 0.162808805939458 
1864	 0.543358907046676 
1865	 0.536182272280015 
1866	 0.574859074549242 
1867	 0.523428814265457 
1868	-0.37958288897698 
1869	-0.696403341774421 
1870	-1.61277888272759 
1871	 8.80406451510309 
1872	-2.89279880945213 
1873	-9.00665383318245E-02 
1874	 6.71868620410677 
1875	 0.243981121235688 
1876	-0.912771287481194 
1877	-6.88105026250046 
1878	-26.8124579061378 
1879	 4.17495209951234 
1880	 1.9203856406692 
1881	 0.531430531390887 
1882	-0.22765355545014 
1883	-0.15210355168521 
1884	 0.498057746558478 
1885	 0.451862121132289 
1886	 0.206882665360627 
1887	 0.67332760336209 
1888	 0.554048756832355 
1889	 0.542628011468151 
1890	 1.07846418961719 
1891	 1.05800453243703 
1892	 0.323569251881137 
1893	 0.457698978583839 
1894	 0.666068295780678 
1895	 0.862446657179734 
1896	 1.32064557702857 
1897	 1.04951167678174 
1898	 0.594384815269249 
1899	 0.892498304362968 
1900	 1.04095913305126 
1901	 0.913687621968884 
1902	 0.953486557244394 
1903	 1.78572605700696 
1904	 1.21804152375172 
1905	 0.51625629080776 
1906	 0.736599109127046 
1907	 0.337463925739418 
1908	 0.59682443629257 
1909	 1.48756163504175 
1910	 1.7229299893645 
1911	 1.67854086075879 
1912	 2.02870236778147 
1913	 3.392120642282 
1914	 57.3413721885555 
1915	-8.19149855163319 
1916	-2.11624906980382 
1917	-1.54270801404743 
1918	-2.12127298966007 
1919	-9.21869418160674 
1920	-14.5574728469643 
1921	-4.58189747713446 
1922	-6.51290158889629 
1923	-1.23078606659485 
1924	-2.8660298157314 
1925	 1.12546771803709 
1926	 0.799538594793032 
1927	 0.823786777586745 
1928	 0.818588118279548 
1929	 1.2265712764104 
1930	 2.09535180569232 
1931	 3.23914931926192 
1932	 16.283374430636 
1933	 2.72972508735165 
1934	 0.866351739426216 
1935	 0.945202582599568 
1936	 0.917974393053347 
1937	 1.42589203906569 
1938	 0.300387926866419 
1939	-0.39661267638273 
1940	-0.326754744666304 
1941	-0.208439554048259 
1942	-0.658053031748003 
1943	-1.64402698386478 
1944	-10.6071771395912 
1945	 15.1294054826454 
1946	 4.29387131520178 
1947	 1.33631418552989 
1948	 0.536164555602984 
1949	 0.220200787599722 
1950	-0.161441608188763 
1951	-1.82904320881539 
1952	-14.3670942259697 
1953	-7.17761178881776 
1954	-3.75886893413968 
1955	 17.7825552690854 
1956	 8.64465074425524 
1957	 16.8673941819627 
1958	 1.446950270668 
1959	 0.196186589841389 
1960	-0.120574056497912 
1961	-0.717136019728223 
1962	-0.531456278691757 
1963	-0.547218555927239 
1964	-0.799395678764931 
1965	-0.818817153603827 
1966	-0.789658829634396 
1967	-0.730106201895993 
1968	-0.68283024596711 
1969	-0.73931295511583 
1970	-0.702843912931566 
1971	-0.437042290646847 
1972	-0.253963195772546 
1973	-8.12637648399142E-02 
1974	 9.57016649385865E-02 
1975	 0.126230337072943 
1976	 7.74512722899655E-02 
1977	 7.96908822744135E-02 
1978	 5.05568418777438E-02 
1979	 5.68831799363167E-02 
1980	 0.078022158769566 
1981	 0.162205586477163 
1982	 0.148218939564223 
1983	 0.133829674176219 
1984	 0.161626849366534 
1985	 0.118411911525949 
1986	 4.17675830474163E-02 
1987	-1.23073419953508E-03 
1988	-4.31678535068325E-02 
1989	-4.26289652371503E-02 
1990	-7.67992943584627E-03 
1991	 2.21671519781738E-02 
1992	 4.77951606821791E-02 
1993	 3.25694543013018E-02 
1994	 1.63177495235397E-02 
1995	-5.2794842757576E-03 
1996	-8.4286731259037E-03 
1997	-2.32889173519195E-02 
1998	-4.73383629228885E-02 
1999	-3.39138998513593E-04 
2000	 0.182120649744699 
2001	 0.187756981209814 
2002	 0.123792465707334 
2003	 9.16199811517103E-02 
2004	-8.58505373172209E-02 
2005	-9.23261120438643E-02 
2006	 2.15134500961596E-02 
2007	 6.15339165789194E-02 
2008	 0.1240430061107 
2009	 0.153028934748114 
2010	 0.18923872908892 
2011	 0.194530127832634 
2012	 0.178825211380566 
2013	 0.11009810809746 
2014	 7.16483591355344E-02 
2015	 4.11284028720832E-02 
2016	-4.25148202459121E-02 
2017	-6.43956302995311E-02 
2018	-5.83741152443303E-02 
2019	-9.25862041404456E-02 
2020	-9.48150851114099E-02 
2021	-0.122842765984722 
2022	-0.120484581951467 
2023	-0.106596181214169 
2024	-8.02972293777122E-02 
2025	-0.011782585604989 
2026	 1.76877634530023E-02 
2027	 3.54367726883937E-02 
2028	 5.67842349283149E-02 
2029	 3.36068870798646E-02 
2030	-3.37261616892287E-04 
2031	-4.67311007123116E-03 
2032	-0.023877229878576 
2033	-2.07971786745705E-02 
2034	-6.06293388457665E-03 
2035	 0.010085340864377 
2036	 3.15939845272284E-02 
2037	 5.05833784024713E-02 
2038	 6.40076367565132E-02 
2039	 6.15724319596481E-02 
2040	 2.91075531157869E-02 
2041	 1.64882655274432E-02 
2042	 1.19030151698654E-03 
2043	-1.16542512965923E-03 
2044	 1.35229516356364E-02 
2045	 2.24809467620458E-02 
2046	 5.19414427984709E-03 
2047	-1.60989813877035E-02 
2048	-2.34522045835212E-02 
2049	-2.62742850555834E-02 
2050	-9.81468820736436E-03 
2051	 2.19869583814502E-02 
2052	 3.87524395658472E-02 
2053	 4.59055994431693E-02 
2054	 6.86867765051496E-02 
2055	 5.51463806792888E-02 
2056	 4.26105736635381E-02 
2057	 1.08434517082055E-02 
2058	-3.52150313088184E-03 
2059	-2.13947076817136E-02 
2060	-9.23751798579878E-03 
2061	 3.13280838503919E-02 
2062	 4.27192572813314E-02 
2063	 4.09034695492328E-02 
2064	 2.88624584357543E-02 
2065	 1.73216806046539E-03 
2066	-1.93728896190836E-02 
2067	-2.0314461141296E-03 
2068	 9.58949890019915E-04 
2069	-8.09568083050477E-03 
2070	-2.91163119462193E-04 
2071	-6.26574619860443E-03 
2072	 1.55299104839302E-02 
2073	 2.37829442748014E-02 
2074	 2.96244266886908E-02 
2075	 3.15672439290917E-02 
2076	 3.38994644206668E-02 
2077	 2.49952325833861E-02 
2078	 1.50509719112734E-02 
2079	 4.75198388339746E-03 
2080	-2.02573263251202E-02 
2081	-3.34311805918119E-02 
2082	-2.62716420530947E-02 
2083	-2.53613621095228E-02 
2084	-9.48478599832043E-03 
2085	 8.98674971968836E-03 
2086	 1.87015012983065E-02 
2087	 2.35445100601061E-02 
2088	 2.52690108025936E-02 
2089	 3.52345618666912E-02 
2090	 4.13473403245006E-02 
2091	 4.15156340261745E-02 
2092	 0.045600430503867 
2093	 5.73505664208575E-02 
2094	 5.18625096560199E-02 
2095	 3.20991154361558E-02 
2096	 2.93362769764383E-02 
2097	 2.90923143151037E-02 
2098	 2.52515307522013E-02 
2099	 2.59794108366041E-02 
2100	 3.01944053974757E-02 
2101	 2.71216581462768E-02 
2102	 1.20665360142621E-02 
2103	 1.29280567099796E-03 
2104	-2.54733713405903E-03 
2105	-1.99066970433494E-03 
2106	 3.43581117213359E-03 
2107	 1.19129037168787E-02 
2108	 6.74494628842045E-03 
2109	-2.99982909670922E-03 
2110	-3.2173988473046E-04 
2111	 1.57880934162022E-03 
2112	 2.71423998189765E-03 
2113	 6.21879700797718E-03 
2114	 0.015066226276228 
2115	 1.41198276457308E-02 
2116	 4.19510913737854E-03 
2117	 8.6392695619984E-03 
2118	 1.69069458144667E-02 
2119	 1.66657492969739E-02 
2120	 2.11555324205645E-02 
2121	 2.53724324136671E-02 
2122	 1.03168316430166E-02 
2123	 0.007742102641967 
2124	 2.79361757463259E-03 
2125	 7.43063691500447E-03 
2126	 1.99563927147086E-02 
2127	 1.73739361120444E-02 
2128	 1.48310377067253E-02 
2129	 1.18902187077593E-02 
2130	 4.54030038983155E-03 
2131	 3.08031395566923E-03 
2132	 0.009660772207378 
2133	 8.99495390228883E-03 
2134	 4.03272757510633E-03 
2135	-7.93032268739425E-03 
2136	-9.30500097281136E-03 
2137	-1.51590627484258E-02 
2138	-1.38989120854104E-02 
2139	 2.35401650826983E-03 
2140	 1.09521126746769E-02 
2141	 2.47010285757159E-02 
2142	 2.68137620918429E-02 
2143	 2.41421248031519E-02 
2144	 1.16149570106396E-02 
2145	 2.14013079262917E-03 
2146	-1.04103840632424E-02 
2147	-1.81164193714976E-02 
2148	-1.30373250625724E-02 
2149	-2.83278465600516E-03 
2150	 5.1765455155188E-03 
2151	 1.55230257831286E-02 
2152	 1.28234369561197E-02 
2153	 9.61333721626278E-04 
2154	-6.73034927689148E-03 
2155	-3.42707872553651E-03 
2156	 1.23065510766448E-02 
2157	 1.93248290609404E-02 
2158	 3.20711717873778E-02 
2159	 2.82160084708691E-02 
2160	 3.49463060027399E-03 
2161	 4.69811436088726E-04 
2162	 1.5511035009933E-03 
2163	-7.13716265699117E-04 
2164	 6.05166726364197E-03 
2165	 1.42706484116663E-02 
2166	 2.19888264291575E-02 
2167	 2.46099052398445E-02 
2168	 3.15011988383236E-02 
2169	 3.30821789201157E-02 
2170	 2.58553664381988E-02 
2171	 1.53044243910509E-02 
2172	 1.30828455479346E-02 
2173	 0.016320551727637 
2174	 1.24619110865225E-02 
2175	 1.04243906038863E-02 
2176	 2.91407887113213E-03 
2177	 1.78322788285629E-03 
2178	 1.47629605267653E-02 
2179	 0.014501442616574 
2180	 1.24133438588539E-02 
2181	 2.35123111685491E-02 
2182	 1.77984938410403E-02 
2183	 1.88285052652534E-02 
2184	 4.05660327131491E-02 
2185	 4.59366344813836E-02 
2186	 5.16192908538328E-02 
2187	 6.37405493919701E-02 
2188	 0.069092616983128 
2189	 6.31034368800032E-02 
2190	 5.62957342696707E-02 
2191	 5.82477704540306E-02 
2192	 5.06490107259866E-02 
2193	 2.10669430605592E-02 
2194	 1.28534915176518E-02 
2195	 7.58058535396905E-03 
2196	-2.01414605307459E-03 
2197	-1.18851071494474E-03 
2198	-2.96259596551812E-03 
2199	-1.15657093158563E-02 
2200	-3.87021278499682E-03 
2201	 3.61567659340819E-03 
2202	 0.01544643260509 
2203	 6.18388260771232E-03 
2204	-2.3601908551288E-03 
2205	 4.59748912282083E-03 
2206	-5.42520732382908E-03 
2207	-5.94076024547338E-03 
2208	-8.03884127312186E-03 
2209	-0.040299637413339 
2210	-5.70617764635307E-02 
2211	-3.72408210704884E-02 
2212	-4.57110694538743E-03 
2213	 1.07797648109366E-02 
2214	 1.40915999252513E-02 
2215	 1.70281184855564E-02 
2216	 4.57414935290539E-03 
2217	 4.17126435315906E-03 
2218	 0.038779390796599 
2219	 2.28050179978838E-02 
2220	-3.25156466718746E-02 
2221	-4.67753188929463E-02 
2222	-7.81043415121339E-02 
2223	-8.10902707886577E-02 
2224	-4.12825692529754E-02 
2225	-2.47761449690019E-02 
2226	-2.26815499632603E-03 
2227	 1.27172042638306E-02 
2228	 1.52766142393032E-02 
2229	 2.29261587815695E-02 
2230	 2.91420524772247E-02 
2231	 3.04420346279431E-02 
2232	 3.60233860395841E-02 
2233	 4.18038754521121E-02 
2234	 4.33826852013934E-02 
2235	 4.13120525062561E-02 
2236	 2.93024785175862E-02 
2237	 1.43139046701147E-02 
2238	 2.2101116622095E-03 
2239	-9.51158673349168E-03 
2240	-1.37736365267697E-02 
2241	-9.50002354715363E-03 
2242	 9.6900115340256E-06 
2243	-7.87500335813488E-03 
2244	-7.6185421382416E-03 
2245	 2.17044925545332E-03 
2246	 3.38901050115798E-03 
2247	 1.85123713111501E-02 
2248	 3.71002876697094E-02 
2249	 5.15094471598908E-02 
2250	 5.87000365317916E-02 
2251	 3.50276417256578E-02 
2252	 1.81938874796415E-02 
2253	 4.16383658185928E-03 
2254	-0.017305695630477 
2255	-4.84407630287508E-04 
2256	-5.45062840577359E-03 
2257	-1.75487813486758E-02 
2258	-3.65364830517961E-03 
2259	-2.28447526543207E-03 
2260	-6.66987393845929E-03 
2261	-8.06272205085637E-03 
2262	-1.67462168050202E-02 
2263	-6.00983059943726E-02 
2264	-5.91529910802262E-02 
2265	-3.57124354311521E-02 
2266	-9.56211968721304E-03 
2267	 6.49349369174173E-02 
2268	 8.82128357079128E-02 
2269	 9.17650261967229E-02 
2270	 9.46578006397328E-02 
2271	 5.91264502114072E-02 
2272	 5.65319420164961E-02 
2273	 6.43137020289466E-02 
2274	 7.32590646394673E-02 
2275	 0.106763192584267 
2276	 0.112447379319879 
2277	 0.104209989169824 
2278	 0.116404459002832 
2279	 0.133634123207423 
2280	 0.123491577339353 
2281	 0.121171319782404 
2282	 8.63649495601306E-02 
2283	 2.58179625020396E-02 
2284	-1.75669889863291E-02 
2285	-3.30013741357191E-02 
2286	-2.05424378408285E-02 
2287	-3.54793868704433E-02 
2288	-0.021026519003461 
2289	 2.12782173674763E-02 
2290	 8.17591960477816E-03 
2291	 9.26052978382309E-03 
2292	-1.37509197960052E-03 
2293	-6.95669665705897E-02 
2294	-0.100694007289996 
2295	-8.72740078504432E-02 
2296	-7.17684398641041E-02 
2297	-6.51143473062286E-02 
2298	-2.44603326793967E-02 
2299	 2.15750805343884E-02 
2300	 3.68394840580761E-02 
2301	 4.63271102878572E-02 
2302	-1.26694413060441E-02 
2303	-9.64301724067013E-02 
2304	-0.122590728671254 
2305	-0.183688724102652 
2306	-0.158895333682985 
2307	-8.69201810658804E-02 
2308	-8.93913085329106E-02 
2309	-3.02760261877076E-02 
2310	-9.65126711161076E-03 
2311	-7.53447995333054E-02 
2312	-9.81208754495694E-02 
2313	-0.113000641537219 
2314	-0.101988921382446 
2315	-2.36504945251821E-02 
2316	 1.52590380716471E-02 
2317	 0.108965481560172 
2318	 0.230078791508942 
2319	 0.220557232993734 
2320	 0.278069204383004 
2321	 0.302578483709611 
2322	 0.205026052015678 
2323	 0.160765956418703 
2324	 0.133541838119713 
2325	 0.101564646037643 
2326	 7.51794002395355E-02 
2327	 0.119948573739017 
2328	 0.172960538951898 
2329	 0.122904071755848 
2330	 0.142601543079006 
2331	 0.173643182188219 
2332	 8.60976747710548E-02 
2333	-4.27308782545017E-02 
2334	-2.24170287864059E-02 
2335	-3.77709310121858E-03 
2336	-0.070192285490289 
2337	 8.19979282318342E-02 
2338	 0.193544069989533 
2339	 0.11041043418908 
2340	 0.263995032351862 
2341	 7.52071364492999E-02 
2342	-0.501340440018412 
2343	-0.388444907363152 
2344	-0.47078715500794 
2345	-0.470546396386067 
2346	-0.24515951188571 
2347	-0.496982049054251 
2348	-0.317329405903212 
2349	-0.230461798119483 
2350	-0.422534685362204 
2351	-0.31317734754159 
2352	-0.251873626288064 
2353	-0.251492028455315 
2354	 3.36332406341814E-02 
2355	 0.030356552189903 
2356	-0.220674296004741 
2357	-0.250737802369473 
2358	-2.98473605839496E-02 
2359	 0.189541553349061 
2360	 0.333570631244405 
2361	 0.274550405975867 
2362	 1.25512423423842E-02 
2363	-0.275786582492086 
2364	-0.295794003375325 
2365	-0.255538382300586 
2366	-0.402968155109353 
2367	-0.903488767212864 
2368	-1.57449062677585 
2369	-2.3473787121324 
2370	-7.56268523914401 
2371	-4.98079759631935 
2372	-5.37076400572901 
2373	 2.77635788139689 
2374	 2.22594543377816 
2375	 1.18838759880949 
2376	 0.443629044806043 
2377	 0.182222479981946 
2378	 3.39908127247304E-02 
2379	-1.70801769573572 
2380	-3.44640845945591 
2381	 5.66184007314371 
2382	 2.04349205876232 
2383	 1.45548038728081 
2384	-0.370953481294657 
2385	 15.8553140681983 
2386	 1.17922674099249 
2387	 0.819056353647775 
2388	 0.750472156077052 
2389	 0.865242329568354 
2390	 0.791386582248097 
2391	 1.31219514481533 
2392	-2.11350989623559 
2393	-1.44312226319541 
2394	-1.08733957945404 
2395	-1.17464253131613 
2396	-0.704132885867881 
2397	-0.420713318050038 
2398	-0.633533838018578 
2399	-0.316605890561424 
2400	 2.72884710191705 
2401	 22.5843749142187 
2402	 5.90636138209385 
2403	 0.54195205409764 
2404	-1.33320286046998 
2405	-9.06474484453017 
2406	-23.982193922874 
2407	 3.02615988675421 
2408	 2.87937300303667 
2409	-8.62475918654501 
2410	 2.61274463437482 
2411	 1.37739713758788 
2412	 2.48518167733309 
2413	 1.14931061941162 
2414	 0.370640810816886 
2415	 0.458722365885142 
2416	 2.83824489187552 
2417	 3.97809709630193 
2418	 2.20436630374534 
2419	 2.32951870396257 
2420	 6.96057334171927 
2421	 1.77963031185501 
2422	 1.15079886749912 
2423	 45.9597242201958 
2424	 1.72076637099455 
2425	-17.4793546183623 
2426	-8.23787992198078 
2427	 16.2364991638942 
2428	 6.91852585454493 
2429	 5.27227052405336 
2430	-494.133299460752 
2431	-12.9886973130804 
2432	-4.04271521614478 
2433	-2.1104420609457 
2434	-1.1616376427081 
2435	-0.541981647746313 
2436	-2.79183175582996E-02 
2437	-9.80868953093091E-02 
2438	-5.0562776439824 
2439	 1.78962511178151 
2440	 1.71610492927156 
2441	 1.06323719445145 
2442	 7.61878545593056E-02 
2443	 2.33706862068935E-02 
2444	-0.106209933197493 
2445	-0.573425852956235 
2446	-0.272738795376553 
2447	 0.488377457804811 
2448	 1.05944924490292 
2449	 2.3443153733463 
2450	 2.26279042860739 
2451	 0.455229536406563 
2452	 0.349362263664748 
2453	 0.515326994838871 
2454	 0.662003737996512 
2455	 0.900407860997082 
2456	 1.13518357697686 
2457	 0.709427220234928 
2458	 0.383781581185891 
2459	 0.68144428632182 
2460	 0.82659251003978 
2461	 1.0848346457337 
2462	 1.46023574747025 
2463	 1.37852252705498 
2464	 0.757112679253666 
2465	 0.425840781589571 
2466	 0.357434030354334 
2467	 0.109193437538843 
2468	 5.27313669291619E-02 
2469	 1.22731327721937 
2470	 0.717675252700952 
2471	 7.83222477313265E-02 
2472	 0.30756041821256 
2473	 0.616995360495642 
2474	 0.501473723691367 
2475	 0.601688851338946 
2476	 0.603923383462171 
2477	 0.464382718025067 
2478	 0.474294821828398 
2479	 0.931952086527803 
2480	 0.715686884034931 
2481	 0.387070351808753 
2482	 0.880706369154338 
2483	 1.75615221451901 
2484	-10.0570595551009 
2485	-0.508853402312154 
2486	-0.302337373355774 
2487	 0.675587846168801 
2488	 0.440766821622275 
2489	 0.42382438215671 
2490	 0.236755375037016 
2491	-0.28962159132277 
2492	-0.516584523422111 
2493	-0.506180195348005 
2494	 6.65276466140517E-02 
2495	 0.726353142707147 
2496	 1.30141480416415 
2497	 1.16586896148469 
2498	 0.939990951342129 
2499	 1.76605417798642 
2500	 10.0519078924658 
