Wavelength	rt0727far200007.asd
350	 5.57478382335434E-02 
351	 5.60819852094732E-02 
352	 5.55558950926937E-02 
353	 5.50837292301116E-02 
354	 5.52678656157441E-02 
355	 5.55163030556681E-02 
356	 5.55373044881751E-02 
357	 5.53265906117131E-02 
358	 5.51489137003516E-02 
359	 5.59209179111267E-02 
360	 5.59354039765823E-02 
361	 5.55121206959137E-02 
362	 5.61764204139554E-02 
363	 5.61669698014801E-02 
364	 5.62436222618272E-02 
365	 0.056564470089907 
366	 5.59083155381041E-02 
367	 5.56243534238579E-02 
368	 5.58262721743285E-02 
369	 5.62895495358955E-02 
370	 5.70409432355914E-02 
371	 5.67039305789037E-02 
372	 5.57121199506671E-02 
373	 5.55899006156182E-02 
374	 5.68894469026942E-02 
375	 0.057418821742753 
376	 5.66435017145208E-02 
377	 5.66576737106933E-02 
378	 5.71708359442362E-02 
379	 0.05774673758235 
380	 5.80703336165417E-02 
381	 0.058433028593853 
382	 5.90874368200023E-02 
383	 5.91609274016164E-02 
384	 5.77682861887949E-02 
385	 5.77202963548452E-02 
386	 5.81491000817357E-02 
387	 5.84381256137848E-02 
388	 5.86413406247235E-02 
389	 0.059154331516711 
390	 5.94250963547294E-02 
391	 5.91956951190613E-02 
392	 5.93476406558383E-02 
393	 0.059281744639006 
394	 5.92366162737516E-02 
395	 5.96053232706335E-02 
396	 5.99427163773875E-02 
397	 6.01893698738581E-02 
398	 6.02245991876975E-02 
399	 5.99053601358868E-02 
400	 6.02197340448255E-02 
401	 6.06849737275061E-02 
402	 6.08617189024632E-02 
403	 0.060945557816231 
404	 6.07180678886054E-02 
405	 0.060676894246927 
406	 6.13065020911212E-02 
407	 6.14525650316924E-02 
408	 6.16121690304897E-02 
409	 6.18578706199247E-02 
410	 6.17761340129217E-02 
411	 6.18499644027022E-02 
412	 6.21164912744491E-02 
413	 6.24001640267098E-02 
414	 6.21853802662044E-02 
415	 6.22409252468118E-02 
416	 6.26573388032538E-02 
417	 6.31523675498342E-02 
418	 6.31023261980062E-02 
419	 6.32234993023219E-02 
420	 6.36266262830524E-02 
421	 6.36906063314843E-02 
422	 6.37609547303792E-02 
423	 6.40893942057079E-02 
424	 6.46465388527428E-02 
425	 6.46528235118412E-02 
426	 6.49664391871506E-02 
427	 6.54710013078062E-02 
428	 6.56424201444436E-02 
429	 0.06574541318531 
430	 6.59756187224723E-02 
431	 6.63566884395154E-02 
432	 6.67200501238589E-02 
433	 6.70826267768551E-02 
434	 6.73894931037526E-02 
435	 6.76371521527308E-02 
436	 6.79997317371788E-02 
437	 6.83994617218922E-02 
438	 6.87754077457804E-02 
439	 6.90874763513069E-02 
440	 6.93949594322535E-02 
441	 6.97416164731188E-02 
442	 7.01206048186432E-02 
443	 0.070457836154012 
444	 7.07302724856785E-02 
445	 7.10548258245811E-02 
446	 7.14926823858033E-02 
447	 7.17245573900462E-02 
448	 7.21057485036928E-02 
449	 7.25165747296224E-02 
450	 7.25422634224606E-02 
451	 7.27915359058763E-02 
452	 7.31822677980273E-02 
453	 7.35686473932729E-02 
454	 0.073898059457894 
455	 7.41610868814241E-02 
456	 7.43124841255884E-02 
457	 7.43761392408381E-02 
458	 7.47714085641011E-02 
459	 7.50677828828534E-02 
460	 7.51758178573732E-02 
461	 7.53837907362459E-02 
462	 7.55761343870608E-02 
463	 0.075762995440245 
464	 7.59635569157129E-02 
465	 7.61525966456714E-02 
466	 7.64338336050068E-02 
467	 7.67484081530328E-02 
468	 7.69742117623934E-02 
469	 7.71791117383383E-02 
470	 7.74592072099561E-02 
471	 7.78078195137451E-02 
472	 7.80800793534629E-02 
473	 7.84067487658448E-02 
474	 7.87810299326432E-02 
475	 7.91250257255172E-02 
476	 7.92158573166543E-02 
477	 7.94515112622758E-02 
478	 7.98635273951025E-02 
479	 0.080228750601008 
480	 0.080593635469343 
481	 8.08897850516156E-02 
482	 8.10975155955623E-02 
483	 8.12991128473874E-02 
484	 8.16859764396333E-02 
485	 8.20744099670648E-02 
486	 8.22528172897641E-02 
487	 8.27114643466476E-02 
488	 8.31037839237536E-02 
489	 8.33657828871582E-02 
490	 8.37456366981253E-02 
491	 8.42685203734453E-02 
492	 8.47050291170796E-02 
493	 8.49809965448412E-02 
494	 8.56043375473796E-02 
495	 8.61826927848872E-02 
496	 8.66631807362021E-02 
497	 8.71584761575207E-02 
498	 8.75958643906634E-02 
499	 8.81433457299242E-02 
500	 8.88040439498081E-02 
501	 8.92938009572363E-02 
502	 8.98613673419588E-02 
503	 9.04767592782867E-02 
504	 0.091063817240879 
505	 0.091717511482 
506	 9.22291705137715E-02 
507	 0.092752143418608 
508	 9.36616729883066E-02 
509	 9.41226145329691E-02 
510	 9.44694412356665E-02 
511	 9.50720309081916E-02 
512	 9.59831589183842E-02 
513	 9.67300301451831E-02 
514	 9.72884589940239E-02 
515	 9.78684425099499E-02 
516	 9.87303382067492E-02 
517	 9.96224060526265E-02 
518	 0.100392340143398 
519	 0.101081345609871 
520	 0.101803335315383 
521	 0.102542822234126 
522	 0.103286743427062 
523	 0.104139103360047 
524	 0.105001205167497 
525	 0.105836434506576 
526	 0.106663498456942 
527	 0.107560931153652 
528	 0.108447038412448 
529	 0.109232856282829 
530	 0.109836996938834 
531	 0.110561667792279 
532	 0.111417514406376 
533	 0.112307098430291 
534	 0.113276743367464 
535	 0.114132349632477 
536	 0.114908521295987 
537	 0.11589909058043 
538	 0.116856084466111 
539	 0.117760080321274 
540	 0.118640093498028 
541	 0.119495609721697 
542	 0.120413039868839 
543	 0.121335416383389 
544	 0.12214939152547 
545	 0.123109550386684 
546	 0.124106435435468 
547	 0.12505138410052 
548	 0.12598934897286 
549	 0.126936976682444 
550	 0.127824781784227 
551	 0.12860136817389 
552	 0.129476191895825 
553	 0.130446161301493 
554	 0.1314399815984 
555	 0.132323469675557 
556	 0.133169388594403 
557	 0.134101773402428 
558	 0.135142818934262 
559	 0.135981652004603 
560	 0.136840380922297 
561	 0.13767341153965 
562	 0.138295929938917 
563	 0.138873874258445 
564	 0.139512137619673 
565	 0.140203568784134 
566	 0.140743597214082 
567	 0.141244586540541 
568	 0.141719175055638 
569	 0.142158764196246 
570	 0.14264599971942 
571	 0.143023486051923 
572	 0.143290264238323 
573	 0.143618773373131 
574	 0.143847501747281 
575	 0.143966791861075 
576	 0.144045866872569 
577	 0.144320777381418 
578	 0.144335388660587 
579	 0.144138906485973 
580	 0.144061050474369 
581	 0.143798746262686 
582	 0.143539087107025 
583	 0.143356597416501 
584	 0.14300987373473 
585	 0.142726935323949 
586	 0.142409872461366 
587	 0.141896561324773 
588	 0.141461107034621 
589	 0.14110885807087 
590	 0.14074836235044 
591	 0.140193817455726 
592	 0.139725463023392 
593	 0.139086732438285 
594	 0.138120817892324 
595	 0.137261889036709 
596	 0.136187394796193 
597	 0.134968792840864 
598	 0.133862792793975 
599	 0.132567659735307 
600	 0.131397938827523 
601	 0.130557304402494 
602	 0.129959261414797 
603	 0.129449343279193 
604	 0.12900847879172 
605	 0.128679423119368 
606	 0.128519882849473 
607	 0.128460809902394 
608	 0.128333161651628 
609	 0.127906209297767 
610	 0.127953950951494 
611	 0.127983397854244 
612	 0.127595064454102 
613	 0.12748573535487 
614	 0.127384731511489 
615	 0.127219839668294 
616	 0.127030758616547 
617	 0.12684351302218 
618	 0.12674616859298 
619	 0.126687101216324 
620	 0.126372117292471 
621	 0.126297127354004 
622	 0.126367399405569 
623	 0.126323690785933 
624	 0.126146697252513 
625	 0.126020903800797 
626	 0.125962703601292 
627	 0.12582482191731 
628	 0.125740559409348 
629	 0.125621219817741 
630	 0.125378702746409 
631	 0.124991992166693 
632	 0.124929515509983 
633	 0.12502866304048 
634	 0.12487199293983 
635	 0.124755799543643 
636	 0.124532480363644 
637	 0.12426968469604 
638	 0.124396673818905 
639	 0.124403384887043 
640	 0.124193439992362 
641	 0.123874885813559 
642	 0.123804953295112 
643	 0.123784068356248 
644	 0.123699893675351 
645	 0.123530202398649 
646	 0.123442301011814 
647	 0.123254555641881 
648	 0.122872150148522 
649	 0.12255936226443 
650	 0.121930404628724 
651	 0.121280726441831 
652	 0.120999306906115 
653	 0.120012757864307 
654	 0.118985434135423 
655	 0.118102677969229 
656	 0.116856203716077 
657	 0.115690087506807 
658	 0.114519918381136 
659	 0.11325895480199 
660	 0.112281580306133 
661	 0.111345422542053 
662	 0.110424030065433 
663	 0.109630743324568 
664	 0.108823818731266 
665	 0.108196034548613 
666	 0.107749044571188 
667	 0.107088344286037 
668	 0.106491659497608 
669	 0.10605732505093 
670	 0.105808849762839 
671	 0.10566999712956 
672	 0.105712439690887 
673	 0.105802732999491 
674	 0.105646993718928 
675	 0.105677080957502 
676	 0.106007642752911 
677	 0.106528949502156 
678	 0.106733069787925 
679	 0.107003585373462 
680	 0.107456514388168 
681	 0.108071549918213 
682	 0.108797141978464 
683	 0.109418168379738 
684	 0.10993740069288 
685	 0.110733586852817 
686	 0.111547387155398 
687	 0.112269103716639 
688	 0.112853891035942 
689	 0.113419735952897 
690	 0.113850651432976 
691	 0.114247652333768 
692	 0.114787963432776 
693	 0.114875091851779 
694	 0.114580578254232 
695	 0.114093244850733 
696	 0.113411996333466 
697	 0.113017389454693 
698	 0.112632866266167 
699	 0.111865828294735 
700	 0.110915081225522 
701	 0.109904948200189 
702	 0.108807696864383 
703	 0.107439156191586 
704	 0.106122495405684 
705	 0.104801757442197 
706	 0.103390917841591 
707	 0.101687546646667 
708	 9.99541368715951E-02 
709	 9.82114094888549E-02 
710	 9.63590521029013E-02 
711	 9.40439107019677E-02 
712	 9.17605877785694E-02 
713	 8.96573851918538E-02 
714	 8.74250527379843E-02 
715	 8.57101844427984E-02 
716	 8.40487819188216E-02 
717	 8.18474177943011E-02 
718	 7.87732784067204E-02 
719	 7.55555047283325E-02 
720	 7.31696561069693E-02 
721	 7.12912677890257E-02 
722	 6.94932209354798E-02 
723	 6.72229475229046E-02 
724	 6.48923179470533E-02 
725	 0.063235531799586 
726	 6.10985530740118E-02 
727	 5.86080206437167E-02 
728	 0.056076895974629 
729	 5.34404737755788E-02 
730	 5.08300503173629E-02 
731	 4.87093067445667E-02 
732	 4.71743689761843E-02 
733	 4.58417236186465E-02 
734	 4.47068230588209E-02 
735	 4.37161588750876E-02 
736	 4.26759994962437E-02 
737	 4.19891131875847E-02 
738	 0.041488654492593 
739	 4.10303569218613E-02 
740	 4.09123038558029E-02 
741	 4.07363032225624E-02 
742	 4.05523433735042E-02 
743	 4.05582107418259E-02 
744	 0.040151395687979 
745	 4.00260311453777E-02 
746	 0.040327928244698 
747	 4.03198771617454E-02 
748	 0.040273963950646 
749	 4.01073319949552E-02 
750	 3.98090016275666E-02 
751	 3.98183458200413E-02 
752	 4.00013103627971E-02 
753	 4.00912496738132E-02 
754	 0.039838727971481 
755	 3.97146833285743E-02 
756	 3.98115435509495E-02 
757	 3.99843140870236E-02 
758	 3.97210761469342E-02 
759	 4.00150744932708E-02 
760	 4.08786310841713E-02 
761	 4.08850599854722E-02 
762	 4.05144858386996E-02 
763	 4.03609946758976E-02 
764	 4.02806351748524E-02 
765	 4.00514409048184E-02 
766	 0.040317877588157 
767	 4.04098290124244E-02 
768	 4.03031796583425E-02 
769	 4.05206652056291E-02 
770	 4.06021047725094E-02 
771	 4.06460567100239E-02 
772	 4.07726233744003E-02 
773	 4.08540118211595E-02 
774	 4.09540636118969E-02 
775	 4.12140845018964E-02 
776	 0.041677617608805 
777	 0.041601039429668 
778	 4.16520130903871E-02 
779	 4.20594491215419E-02 
780	 4.24923730793156E-02 
781	 4.27263937653787E-02 
782	 4.27342704904963E-02 
783	 4.27058197365762E-02 
784	 0.043240008209713 
785	 4.35429013056456E-02 
786	 4.36964622718596E-02 
787	 4.40491318233669E-02 
788	 4.44400260996665E-02 
789	 4.48151769345478E-02 
790	 4.51447947351115E-02 
791	 4.54387195008804E-02 
792	 0.045761371189293 
793	 4.61211455447088E-02 
794	 4.65048102450639E-02 
795	 4.68546453206971E-02 
796	 0.047111570454305 
797	 4.72975136534965E-02 
798	 4.74982192681844E-02 
799	 4.78576197212593E-02 
800	 0.048192326336318 
801	 4.85246900518737E-02 
802	 0.048938265988113 
803	 4.90075294365206E-02 
804	 4.90704524179687E-02 
805	 4.92450829228803E-02 
806	 0.049347446040685 
807	 4.93062063141712E-02 
808	 4.93769640351196E-02 
809	 4.95955793647697E-02 
810	 4.91626436775643E-02 
811	 4.88969590952487E-02 
812	 4.87819268226472E-02 
813	 4.84552727274296E-02 
814	 4.80975459270026E-02 
815	 4.76325663719309E-02 
816	 4.72136578975065E-02 
817	 4.70318220422502E-02 
818	 0.04619030896613 
819	 4.57488123853029E-02 
820	 4.55836394295587E-02 
821	 4.40634535521926E-02 
822	 4.35453569292889E-02 
823	 4.31557582834413E-02 
824	 4.19841671589085E-02 
825	 4.09654329808488E-02 
826	 0.039850040119346 
827	 3.86792262307133E-02 
828	 3.76746440944551E-02 
829	 0.036823599822077 
830	 3.60163362369594E-02 
831	 3.51993568705763E-02 
832	 3.44388596965312E-02 
833	 3.40752101459599E-02 
834	 0.033709465189584 
835	 3.33256610452451E-02 
836	 3.34691004000845E-02 
837	 0.033530126690998 
838	 3.34087287119874E-02 
839	 0.033111164684692 
840	 3.25150777216133E-02 
841	 3.26443648142282E-02 
842	 3.29047900397826E-02 
843	 3.24677028287666E-02 
844	 3.24222850372903E-02 
845	 3.20809897407892E-02 
846	 0.031728751375526 
847	 3.21342522845237E-02 
848	 3.18289876746065E-02 
849	 3.16644697424853E-02 
850	 3.19290759431382E-02 
851	 3.18669885679957E-02 
852	 3.15072293546452E-02 
853	 3.12610722891964E-02 
854	 3.13727206982909E-02 
855	 3.15462888219227E-02 
856	 3.14662793076289E-02 
857	 3.14507370232273E-02 
858	 3.16651196310087E-02 
859	 3.10205166798611E-02 
860	 0.030824633708009 
861	 3.09785824831212E-02 
862	 3.07651669866641E-02 
863	 3.05568863238944E-02 
864	 0.030842921037807 
865	 3.12662707112553E-02 
866	 0.030842969432111 
867	 3.04574646979391E-02 
868	 3.05031336795838E-02 
869	 3.07558064299438E-02 
870	 3.03583731927439E-02 
871	 3.02552406841933E-02 
872	 3.05622425251134E-02 
873	 3.09081096450145E-02 
874	 3.02500666758934E-02 
875	 3.01453013366285E-02 
876	 3.01604098622817E-02 
877	 2.96526485751987E-02 
878	 2.96097601671139E-02 
879	 0.029994957583183 
880	 3.00393794288768E-02 
881	 2.91553843190655E-02 
882	 2.97282677668758E-02 
883	 2.99973565731527E-02 
884	 2.96230772133201E-02 
885	 0.029530161016539 
886	 3.01787020067691E-02 
887	 2.95752127466445E-02 
888	 2.81677799659154E-02 
889	 2.91919224883802E-02 
890	 2.93382797588916E-02 
891	 2.93386915434772E-02 
892	 2.96416215134752E-02 
893	 2.86424270178621E-02 
894	 2.88265040598007E-02 
895	 2.87369579364603E-02 
896	 2.72127062797822E-02 
897	 2.90005129258783E-02 
898	 3.01806801724375E-02 
899	 0.029728118822672 
900	 2.85231343084452E-02 
901	 2.86354936690597E-02 
902	 2.91984028740667E-02 
903	 2.92455853547195E-02 
904	 2.82874079420349E-02 
905	 2.80501786368267E-02 
906	 2.78801225799002E-02 
907	 2.78237633143116E-02 
908	 0.028406260093199 
909	 2.92443638998043E-02 
910	 2.88942873597047E-02 
911	 2.81698464806167E-02 
912	 2.94774174655962E-02 
913	 2.93058803958106E-02 
914	 2.78880945635357E-02 
915	 2.69838883589475E-02 
916	 2.85927888883921E-02 
917	 2.66129302369158E-02 
918	 2.54849885073775E-02 
919	 2.66758610658153E-02 
920	 2.64920316375857E-02 
921	 2.75277320239689E-02 
922	 0.027780229786943 
923	 2.63043075403163E-02 
924	 2.62977760938456E-02 
925	 2.70806601698663E-02 
926	 2.68127805548731E-02 
927	 2.44215998253749E-02 
928	 2.46493433291744E-02 
929	 2.87680938810729E-02 
930	 3.11132014705887E-02 
931	 2.38727215092707E-02 
932	 4.13153160220323E-02 
933	 3.44785287924045E-02 
934	 1.28190335784182E-02 
935	 1.97927595365764E-02 
936	 2.60851138298293E-02 
937	 3.21777414362912E-02 
938	 0.034648568396243 
939	 3.16783232448075E-02 
940	 3.10374244663836E-02 
941	 1.95190537694352E-02 
942	 1.50816563846253E-02 
943	 3.96798308562017E-02 
944	 3.04561663958628E-02 
945	 2.14500085195811E-02 
946	 2.20876305295223E-02 
947	 2.20419045486662E-02 
948	 2.45523364462039E-02 
949	 1.62052973163657E-02 
950	 1.40374512982549E-02 
951	 3.82429903204759E-02 
952	 3.19820094426291E-02 
953	 1.97275824349427E-02 
954	 2.07443075822281E-02 
955	 3.73249391950482E-02 
956	 2.98689842990975E-02 
957	 1.98932107032705E-02 
958	 1.69634490914091E-02 
959	 1.93169627500851E-02 
960	 0.030626717269 
961	 2.44074528752307E-02 
962	 1.43905740428217E-02 
963	 0.028692871799761 
964	 2.78416127585159E-02 
965	 2.60181756298208E-02 
966	 2.70003866944857E-02 
967	 2.56314291366029E-02 
968	 2.28174980303838E-02 
969	 2.26431342752563E-02 
970	 2.51672128737639E-02 
971	 0.027273267443776 
972	 3.04991746831496E-02 
973	 3.22435459628931E-02 
974	 3.24088803359661E-02 
975	 3.31849695384905E-02 
976	 3.07530325000293E-02 
977	 2.98507968873108E-02 
978	 3.04331262927942E-02 
979	 2.82719174018591E-02 
980	 2.47410463515727E-02 
981	 2.52942528959566E-02 
982	 2.71489513209581E-02 
983	 2.33568332730233E-02 
984	 2.37219127460979E-02 
985	 2.64365729956946E-02 
986	 2.70535215665113E-02 
987	 2.25584936131714E-02 
988	 2.69118732434053E-02 
989	 2.81677319743227E-02 
990	 2.54885012736248E-02 
991	 2.65615731603319E-02 
992	 2.68876840412994E-02 
993	 2.68992268170554E-02 
994	 2.63171542776137E-02 
995	 2.46723150972203E-02 
996	 2.41041775863649E-02 
997	 2.59434172499304E-02 
998	 2.69877834222434E-02 
999	 2.39662421410708E-02 
1000	 2.86077441162001E-02 
1001	 2.65678349465118E-02 
1002	 2.49821890803246E-02 
1003	 2.53910436683761E-02 
1004	 2.78768556742975E-02 
1005	 2.92733759397151E-02 
1006	 3.10027872055642E-02 
1007	 3.26912701114387E-02 
1008	 3.25968324246982E-02 
1009	 0.031679020154656 
1010	 3.12038837618379E-02 
1011	 3.07967910480909E-02 
1012	 3.20047788955128E-02 
1013	 3.28340284586014E-02 
1014	 3.30222622934345E-02 
1015	 3.29560459718327E-02 
1016	 3.25329157312085E-02 
1017	 3.15755861924843E-02 
1018	 3.05505004472266E-02 
1019	 2.85369210780111E-02 
1020	 2.77978894171712E-02 
1021	 2.72715899722189E-02 
1022	 2.69993502164168E-02 
1023	 2.85969352929838E-02 
1024	 2.94833500781966E-02 
1025	 2.97679958557125E-02 
1026	 3.01235863283346E-02 
1027	 3.05438691469319E-02 
1028	 3.08270448453268E-02 
1029	 3.08559790348592E-02 
1030	 3.11440667389394E-02 
1031	 0.030993646173607 
1032	 0.029718303942029 
1033	 0.029302068692079 
1034	 2.94129686196126E-02 
1035	 2.93265348231468E-02 
1036	 2.97554175115965E-02 
1037	 2.97361580226105E-02 
1038	 2.96022674702706E-02 
1039	 2.86772337103613E-02 
1040	 2.88939331092595E-02 
1041	 2.83885943732324E-02 
1042	 2.86414716949747E-02 
1043	 2.98113696082115E-02 
1044	 2.99329082431521E-02 
1045	 2.97108231053975E-02 
1046	 2.97194857563884E-02 
1047	 0.029198317312561 
1048	 2.92518636859459E-02 
1049	 0.030212355536673 
1050	 3.01227224664341E-02 
1051	 2.92684472325159E-02 
1052	 2.91227518636414E-02 
1053	 2.83872023423133E-02 
1054	 2.84323915980033E-02 
1055	 3.02863888332078E-02 
1056	 0.03083214916479 
1057	 3.09571552685787E-02 
1058	 3.10588623652707E-02 
1059	 3.02122666138424E-02 
1060	 2.74468755705065E-02 
1061	 2.70507461350569E-02 
1062	 2.72998136735883E-02 
1063	 2.74200956183852E-02 
1064	 2.91644396669648E-02 
1065	 2.94311905685401E-02 
1066	 2.79651281153442E-02 
1067	 2.81238695941167E-02 
1068	 2.90819821637851E-02 
1069	 2.95114810249104E-02 
1070	 3.09578557353052E-02 
1071	 3.14928915468382E-02 
1072	 3.06683423020457E-02 
1073	 3.03012566702878E-02 
1074	 3.03913373965087E-02 
1075	 3.12373501592227E-02 
1076	 3.03831953457823E-02 
1077	 2.85118026270146E-02 
1078	 2.81202586365798E-02 
1079	 2.70864344006321E-02 
1080	 2.67064912483364E-02 
1081	 2.81335454183953E-02 
1082	 2.88679183697677E-02 
1083	 2.92082443871275E-02 
1084	 2.92213129624729E-02 
1085	 2.95281419638045E-02 
1086	 2.95011601279266E-02 
1087	 2.83240953349614E-02 
1088	 2.77721903715611E-02 
1089	 2.74943664298154E-02 
1090	 2.76890110418728E-02 
1091	 2.73512416297174E-02 
1092	 2.62298168199088E-02 
1093	 2.70810519210483E-02 
1094	 0.029080603138867 
1095	 2.99329501303357E-02 
1096	 3.23630779190128E-02 
1097	 3.30810802130125E-02 
1098	 3.11363422258647E-02 
1099	 0.031030616280578 
1100	 3.20387150405496E-02 
1101	 3.23029512268713E-02 
1102	 3.16251276987533E-02 
1103	 3.23774076041363E-02 
1104	 3.53753171188581E-02 
1105	 3.53898318746484E-02 
1106	 3.27716603165887E-02 
1107	 3.35393704308933E-02 
1108	 3.31857600070655E-02 
1109	 2.96143452741527E-02 
1110	 2.88580355951752E-02 
1111	 3.27703628188239E-02 
1112	 3.46896188065112E-02 
1113	 3.54072472109084E-02 
1114	 3.79269873600641E-02 
1115	 4.69652203989365E-02 
1116	 4.83968685760795E-02 
1117	 3.55801583144385E-02 
1118	 3.55968175052992E-02 
1119	 4.32107819039653E-02 
1120	 4.40448826537531E-02 
1121	 5.84439788632829E-02 
1122	 0.078996794294417 
1123	 5.96467605151227E-02 
1124	 2.00906820544916E-02 
1125	 3.66816305480888E-02 
1126	 0.048695777139583 
1127	 4.74702685297475E-02 
1128	 7.48738543408527E-02 
1129	 7.72385124335657E-02 
1130	 5.65568110648019E-02 
1131	 5.92069581110676E-02 
1132	 6.90106300240112E-02 
1133	 6.72052612486489E-02 
1134	 6.37345016142642E-02 
1135	 6.09454828261279E-02 
1136	 6.36724898961365E-02 
1137	 5.58165653444654E-02 
1138	 3.41741394678344E-02 
1139	 3.17588148065995E-02 
1140	 5.62736099741345E-02 
1141	 5.86822727849538E-02 
1142	 5.68023411031457E-02 
1143	 6.57304227042449E-02 
1144	 4.47731563962102E-02 
1145	 2.19759990823106E-02 
1146	 4.43679682729837E-02 
1147	 6.07151502166434E-02 
1148	 5.12556820855302E-02 
1149	 0.048471676752071 
1150	 4.34726308219485E-02 
1151	 2.42615110802926E-02 
1152	 2.07132576826463E-02 
1153	 2.74498475921362E-02 
1154	 2.70841084603077E-02 
1155	 2.23915158343097E-02 
1156	 2.85676217669785E-02 
1157	 3.43106681145297E-02 
1158	 3.83433945289937E-02 
1159	 4.51358536584193E-02 
1160	 4.40923396154816E-02 
1161	 3.77293583324131E-02 
1162	 3.53090948915707E-02 
1163	 3.27167205696403E-02 
1164	 2.93436958397455E-02 
1165	 2.88997571283986E-02 
1166	 2.75653483018632E-02 
1167	 0.025136856979399 
1168	 2.60720827682552E-02 
1169	 2.73057066511038E-02 
1170	 2.68274950288953E-02 
1171	 2.73773876473031E-02 
1172	 2.89017447818907E-02 
1173	 2.94846846790147E-02 
1174	 2.99237065726992E-02 
1175	 0.030158899738637 
1176	 2.94456165064941E-02 
1177	 2.83402666068333E-02 
1178	 0.027506437534005 
1179	 0.028423331320281 
1180	 2.97364949412503E-02 
1181	 0.029727643511693 
1182	 2.93346539735295E-02 
1183	 2.83386041112947E-02 
1184	 2.78529594615335E-02 
1185	 2.82101174169122E-02 
1186	 2.79091478369531E-02 
1187	 2.75453301826181E-02 
1188	 2.70998028918233E-02 
1189	 2.62625579904872E-02 
1190	 2.59972042176469E-02 
1191	 2.68318332913162E-02 
1192	 2.69282626131067E-02 
1193	 2.70307098672903E-02 
1194	 2.61589771169421E-02 
1195	 0.026232691878435 
1196	 2.75837421490231E-02 
1197	 2.81302417487286E-02 
1198	 2.82123511518431E-02 
1199	 2.89927671158071E-02 
1200	 2.83063662818016E-02 
1201	 2.73510317462675E-02 
1202	 2.93431468480844E-02 
1203	 3.05868811153738E-02 
1204	 2.92118567737374E-02 
1205	 2.86204881929967E-02 
1206	 2.93928466190228E-02 
1207	 0.029353413417066 
1208	 2.79645754206804E-02 
1209	 2.67785705643291E-02 
1210	 2.62067482976641E-02 
1211	 2.57469748363371E-02 
1212	 2.68481634528822E-02 
1213	 0.029103088368185 
1214	 2.92538733378336E-02 
1215	 2.75494344193782E-02 
1216	 2.58153044702961E-02 
1217	 2.62735789263376E-02 
1218	 2.65040228201285E-02 
1219	 2.71411354836547E-02 
1220	 2.76434818095671E-02 
1221	 2.70824056264052E-02 
1222	 0.027317283028463 
1223	 2.78238719892589E-02 
1224	 2.79374042487325E-02 
1225	 2.81393374946008E-02 
1226	 2.69498157696989E-02 
1227	 2.62276743089277E-02 
1228	 2.71703221915027E-02 
1229	 2.73421961874578E-02 
1230	 2.68033010744792E-02 
1231	 2.65155906385269E-02 
1232	 2.69432274989418E-02 
1233	 2.72465058941615E-02 
1234	 2.66688539344083E-02 
1235	 2.65195714705116E-02 
1236	 2.59620307817015E-02 
1237	 2.58641571619537E-02 
1238	 2.59172360103117E-02 
1239	 2.68784634685588E-02 
1240	 2.70659022221112E-02 
1241	 2.60616684848958E-02 
1242	 2.57527440368765E-02 
1243	 2.57862503227108E-02 
1244	 2.51252338729234E-02 
1245	 0.025618679711632 
1246	 0.026246756423056 
1247	 2.58366488484078E-02 
1248	 2.66299018313168E-02 
1249	 2.77968283793352E-02 
1250	 2.71907468140074E-02 
1251	 2.59555443869895E-02 
1252	 2.59461674647518E-02 
1253	 0.026514833956665 
1254	 0.027079602083681 
1255	 2.76290964146228E-02 
1256	 2.78177821908405E-02 
1257	 2.71146660479725E-02 
1258	 2.70059312961145E-02 
1259	 2.74032138704959E-02 
1260	 2.72550461927985E-02 
1261	 2.63630898067777E-02 
1262	 2.64735810633237E-02 
1263	 2.67517417671047E-02 
1264	 2.72396035933462E-02 
1265	 2.76804282443516E-02 
1266	 2.74627432794038E-02 
1267	 2.67921410168287E-02 
1268	 2.68071560988216E-02 
1269	 2.79338340430687E-02 
1270	 0.028197678474941 
1271	 2.67358174995373E-02 
1272	 2.61400825822051E-02 
1273	 2.67249707509183E-02 
1274	 2.72533793538866E-02 
1275	 2.76265647586455E-02 
1276	 2.78516335362565E-02 
1277	 2.70630048217833E-02 
1278	 2.64392647398967E-02 
1279	 2.69740221271759E-02 
1280	 2.74386214124871E-02 
1281	 2.78548324606673E-02 
1282	 2.84035773253003E-02 
1283	 2.83605313251742E-02 
1284	 2.78212047670375E-02 
1285	 2.81048561417443E-02 
1286	 2.86497505665697E-02 
1287	 2.81154248562934E-02 
1288	 2.74875494014437E-02 
1289	 2.72749033889321E-02 
1290	 2.60329834342392E-02 
1291	 2.55029810518755E-02 
1292	 2.60124080820326E-02 
1293	 2.64306347643249E-02 
1294	 2.68092217642417E-02 
1295	 2.72839223900477E-02 
1296	 2.80777002337151E-02 
1297	 2.91971641572269E-02 
1298	 2.86131792421982E-02 
1299	 2.62226752201386E-02 
1300	 2.43265346196144E-02 
1301	 2.33259889701836E-02 
1302	 2.35415560796588E-02 
1303	 2.45960383693265E-02 
1304	 2.59674430010904E-02 
1305	 2.70704024704254E-02 
1306	 2.71678821898792E-02 
1307	 2.52641286425854E-02 
1308	 2.54541638605928E-02 
1309	 2.65854770941386E-02 
1310	 2.62233512206195E-02 
1311	 2.52086903978307E-02 
1312	 2.56180893233988E-02 
1313	 2.68166464992128E-02 
1314	 0.026287141730038 
1315	 2.49120482742241E-02 
1316	 2.57831130717564E-02 
1317	 2.73016822183824E-02 
1318	 2.70346993690564E-02 
1319	 2.69977481995965E-02 
1320	 0.028535502176231 
1321	 2.90394713247436E-02 
1322	 2.97324122364377E-02 
1323	 2.98762640425145E-02 
1324	 3.15466237591579E-02 
1325	 3.51211219588518E-02 
1326	 3.34001131543065E-02 
1327	 2.76860900433376E-02 
1328	 2.90063783303729E-02 
1329	 3.44655586547212E-02 
1330	 3.65514681401875E-02 
1331	 3.76803845758692E-02 
1332	 4.33851522781052E-02 
1333	 5.31749150270635E-02 
1334	 4.59287439214294E-02 
1335	 3.67274548457986E-02 
1336	 2.87390943784808E-02 
1337	 0.030859721063132 
1338	 2.79305136463825E-02 
1339	 1.79314094917955E-02 
1340	 1.49896916002596E-02 
1341	 1.80300710224021E-02 
1342	 2.86810261432559E-05 
1343	-4.77566516426255E-03 
1344	 4.33362207515325E-02 
1345	 6.57361331849902E-02 
1346	 4.82199730326774E-02 
1347	 4.69649343743849E-02 
1348	 6.20669265220271E-02 
1349	 6.62141951126562E-02 
1350	 3.68984125360641E-02 
1351	 4.19387478363334E-02 
1352	 0.105431192119348 
1353	 0.170671807763679 
1354	 0.336064407740266 
1355	 0.559841208660048 
1356	 0.624621725639393 
1357	 0.309671943458811 
1358	-0.378623550987043 
1359	-0.188637798978812 
1360	 3.40591447628586E-02 
1361	 0.180046039417204 
1362	 0.982736324880649 
1363	 1.67179350018226 
1364	 2.12090382352081 
1365	 12.5039947833825 
1366	 4.35537130012453 
1367	 1.59208751288672 
1368	 0.870142194308755 
1369	 0.513525857462495 
1370	 0.507593252086923 
1371	 0.495182841194785 
1372	 0.471166624123397 
1373	 0.889630755732668 
1374	 0.822577467515331 
1375	 0.229077247856824 
1376	 0.209807172377522 
1377	 0.322141296585954 
1378	 0.399002144481845 
1379	 0.9687993287081 
1380	 1.39972818114265 
1381	 2.34787637679124 
1382	 2.17184282414897 
1383	 0.274475669987886 
1384	 0.338612496045392 
1385	 1.70719860936187 
1386	 1.84073766250438 
1387	 1.9592553760226 
1388	 2.49781810839745 
1389	 1.49695023282402 
1390	 1.18444744886286 
1391	 1.2992786601193 
1392	 1.83088195056055 
1393	 0.854404745139206 
1394	 0.469191395036583 
1395	 0.810319986175989 
1396	 1.683989683997 
1397	 1.94731726410444 
1398	 1.87418418495214 
1399	 1.2900279889294 
1400	 0.881951506993677 
1401	 0.451247859959427 
1402	 0.689726646286133 
1403	 2.50106807372199 
1404	 1.82791586161847 
1405	 1.83545469786962 
1406	 2.52343527023572 
1407	 2.28165745863231 
1408	 1.08846113270126 
1409	 0.754703805289685 
1410	 0.594090583311742 
1411	 0.581735780012008 
1412	 0.570154227808746 
1413	 0.518915078824393 
1414	 0.937256790503594 
1415	 0.908384435909486 
1416	-0.918399671999459 
1417	-0.890036000320792 
1418	 0.267257152181383 
1419	 0.583318486512558 
1420	 2.51089490962952 
1421	 2.81171690154733 
1422	 2.10371848192752 
1423	 2.090354458648 
1424	 1.60100787680395 
1425	 1.2669627856796 
1426	 1.14899824981069 
1427	 1.02969753891815 
1428	 0.693984489053686 
1429	 0.533793653304012 
1430	 0.516851573710787 
1431	 0.506811266007277 
1432	 0.429256719998586 
1433	 0.385477282850183 
1434	 0.329170316529294 
1435	 0.467647677976962 
1436	 1.47382394478229 
1437	 1.70007112335184 
1438	 1.88961328087663 
1439	 1.75436159329776 
1440	 0.852195152898095 
1441	 0.677666682691532 
1442	 0.68476899355809 
1443	 0.586172693924349 
1444	 0.753927139847496 
1445	 0.589720408423316 
1446	 0.232983610865375 
1447	 7.90544919135535E-02 
1448	-4.99792798429027E-02 
1449	-5.81284988194534E-02 
1450	 2.53071156311309E-02 
1451	 1.93830441915803E-02 
1452	 0.055097407508171 
1453	 0.102943657133894 
1454	 8.92760768344336E-02 
1455	 9.29415698153729E-02 
1456	 0.133492245939953 
1457	 0.143355377646113 
1458	 0.106896577030772 
1459	 9.65909021204405E-02 
1460	 0.109590167498045 
1461	 6.12224695596191E-02 
1462	 4.40696486053722E-02 
1463	 0.1032771539067 
1464	 0.131315275761903 
1465	 0.111187224188402 
1466	 9.27678028230312E-02 
1467	 0.112899193769616 
1468	 0.125743951439562 
1469	 0.086027814452715 
1470	 6.96039768438255E-02 
1471	 8.66696908981508E-02 
1472	 0.108927964988563 
1473	 0.149696108361983 
1474	 0.138332082421864 
1475	 0.116517403452285 
1476	 0.109540111736574 
1477	 0.053920905984839 
1478	 3.77578946793695E-02 
1479	 8.78752477351546E-02 
1480	 8.53717845647527E-02 
1481	 4.64421629668041E-02 
1482	 4.01087053246089E-02 
1483	 3.95339064490975E-02 
1484	 3.67180714577369E-02 
1485	 0.047290041314666 
1486	 0.04321268287035 
1487	 2.57413927112259E-02 
1488	 2.32395447338278E-02 
1489	 2.69087919675511E-02 
1490	 2.44444293099912E-02 
1491	 2.19451879252947E-02 
1492	 2.18482381608568E-02 
1493	 1.96268026202201E-02 
1494	 1.89914194236181E-02 
1495	 2.21989550562173E-02 
1496	 2.35910995718158E-02 
1497	 2.37257740703757E-02 
1498	 2.33995718422607E-02 
1499	 1.97452433187732E-02 
1500	 0.02108533948286 
1501	 2.95217147863964E-02 
1502	 2.90881052754176E-02 
1503	 2.27578323660459E-02 
1504	 2.36958849700889E-02 
1505	 2.60227281938868E-02 
1506	 0.023740152630719 
1507	 2.22255161482264E-02 
1508	 2.47561799655464E-02 
1509	 2.13381263098966E-02 
1510	 1.63464100801779E-02 
1511	 1.92126279771822E-02 
1512	 0.024070963449302 
1513	 2.57570570219659E-02 
1514	 2.51542361189737E-02 
1515	 2.18517808767152E-02 
1516	 0.019270667530237 
1517	 0.019644514205818 
1518	 2.05398682830012E-02 
1519	 2.04244153436771E-02 
1520	 2.09737007794644E-02 
1521	 2.36178727116029E-02 
1522	 0.024563781587753 
1523	 2.51268175419926E-02 
1524	 2.72562140281727E-02 
1525	 0.027689236619737 
1526	 2.73317766817638E-02 
1527	 2.85058595861238E-02 
1528	 3.00126218259211E-02 
1529	 2.83019485673577E-02 
1530	 2.58128711699648E-02 
1531	 2.54793210839091E-02 
1532	 2.47329333603167E-02 
1533	 2.46187498221421E-02 
1534	 2.56001633118147E-02 
1535	 2.52870886127424E-02 
1536	 2.50351325481709E-02 
1537	 2.42567726282034E-02 
1538	 2.18499201658607E-02 
1539	 2.14047683869189E-02 
1540	 0.021974208481225 
1541	 2.28893016305674E-02 
1542	 2.52369621059974E-02 
1543	 2.53479979802745E-02 
1544	 2.38951010911283E-02 
1545	 0.024753422071538 
1546	 2.51118139976988E-02 
1547	 2.43842317479218E-02 
1548	 0.025737895861562 
1549	 2.55497168214287E-02 
1550	 2.41713016102659E-02 
1551	 2.41476147200273E-02 
1552	 2.28264032999108E-02 
1553	 2.26610101300442E-02 
1554	 2.44458577807538E-02 
1555	 2.54409383577286E-02 
1556	 2.61190524787603E-02 
1557	 2.63554802618046E-02 
1558	 2.61766021346151E-02 
1559	 2.58197046917018E-02 
1560	 2.57765411993369E-02 
1561	 2.57036220792517E-02 
1562	 2.48732922584517E-02 
1563	 2.44101667560402E-02 
1564	 2.46738596173339E-02 
1565	 0.024928569601377 
1566	 2.48040343512275E-02 
1567	 2.48926324702804E-02 
1568	 2.58025714194873E-02 
1569	 2.63437315127553E-02 
1570	 2.58101019237088E-02 
1571	 2.66868884726546E-02 
1572	 2.80608572345105E-02 
1573	 2.69500507331373E-02 
1574	 2.62953314385946E-02 
1575	 2.61481842116617E-02 
1576	 2.40603324276562E-02 
1577	 2.33078851504263E-02 
1578	 2.41439172373642E-02 
1579	 2.50551315895218E-02 
1580	 2.57695882019316E-02 
1581	 2.60290101296632E-02 
1582	 2.72329157791156E-02 
1583	 0.026063326952595 
1584	 2.30376228304335E-02 
1585	 2.29870833290558E-02 
1586	 2.33823408344822E-02 
1587	 2.33722841404025E-02 
1588	 2.41284117881233E-02 
1589	 2.51200806960121E-02 
1590	 2.55770531855978E-02 
1591	 2.39204943086788E-02 
1592	 2.29961773493382E-02 
1593	 2.36989872857695E-02 
1594	 2.32002330768382E-02 
1595	 2.26743217115087E-02 
1596	 2.37535781599962E-02 
1597	 2.45546691480199E-02 
1598	 2.38349814303097E-02 
1599	 2.30146892995137E-02 
1600	 2.34431328900272E-02 
1601	 2.47026313274241E-02 
1602	 2.39229292108942E-02 
1603	 2.25829745197391E-02 
1604	 2.35117872081959E-02 
1605	 2.32515315970578E-02 
1606	 2.20054157070611E-02 
1607	 2.33480037566991E-02 
1608	 0.025360996859862 
1609	 2.61754760856633E-02 
1610	 2.57528654635244E-02 
1611	 0.024954543540027 
1612	 2.51477808908616E-02 
1613	 2.49640319270647E-02 
1614	 0.024452093139263 
1615	 2.41095274371154E-02 
1616	 2.44384204328372E-02 
1617	 2.52011363949993E-02 
1618	 2.57724895274749E-02 
1619	 2.68147629179465E-02 
1620	 2.59872718297769E-02 
1621	 2.42229076175169E-02 
1622	 2.41248079466425E-02 
1623	 2.40582456099423E-02 
1624	 2.27889655165526E-02 
1625	 2.24298002173971E-02 
1626	 2.36553562146672E-02 
1627	 0.023568406679372 
1628	 2.45977017381538E-02 
1629	 2.58941173674979E-02 
1630	 2.42659445678428E-02 
1631	 2.42864996925475E-02 
1632	 2.59623448066911E-02 
1633	 2.59760566931809E-02 
1634	 2.54485967597638E-02 
1635	 2.50424705695935E-02 
1636	 2.37236946070939E-02 
1637	 2.36519184730978E-02 
1638	 2.42524402315515E-02 
1639	 2.37199412836072E-02 
1640	 2.45398909132586E-02 
1641	 2.44919567669585E-02 
1642	 2.32991677969264E-02 
1643	 2.44190725413313E-02 
1644	 2.39329939093727E-02 
1645	 2.15342648039902E-02 
1646	 2.25469385230262E-02 
1647	 2.29353978516658E-02 
1648	 0.022910170469426 
1649	 2.53286785521603E-02 
1650	 2.40749643773247E-02 
1651	 2.25888735259864E-02 
1652	 2.46771402921605E-02 
1653	 2.53415810360537E-02 
1654	 2.54466090203294E-02 
1655	 2.47081463402753E-02 
1656	 2.35700385761932E-02 
1657	 0.021558703701891 
1658	 2.12624102952713E-02 
1659	 2.19636463564445E-02 
1660	 2.21576499907127E-02 
1661	 2.32293631763432E-02 
1662	 2.33069087882591E-02 
1663	 2.19548594607163E-02 
1664	 2.19538626921677E-02 
1665	 0.022668704570105 
1666	 2.32458131709529E-02 
1667	 2.44625254069342E-02 
1668	 2.37261708700044E-02 
1669	 2.35410901109202E-02 
1670	 2.26222578693638E-02 
1671	 2.29729939712738E-02 
1672	 2.41647501473477E-02 
1673	 2.30354429690553E-02 
1674	 2.20062993228594E-02 
1675	 2.16471658206971E-02 
1676	 2.16186794134768E-02 
1677	 2.33591288779582E-02 
1678	 2.41645391550176E-02 
1679	 2.47623751842492E-02 
1680	 2.51667356873477E-02 
1681	 2.38398459731035E-02 
1682	 2.38924458853013E-02 
1683	 2.44108460123235E-02 
1684	 0.023228796197534 
1685	 2.32469810162424E-02 
1686	 2.44695813478884E-02 
1687	 2.45530486971049E-02 
1688	 2.50019275190341E-02 
1689	 0.025848496224107 
1690	 2.72506686656498E-02 
1691	 2.77084812204178E-02 
1692	 2.56618507843643E-02 
1693	 0.022967211009203 
1694	 2.06511090392551E-02 
1695	 2.21574845768766E-02 
1696	 2.60638388276966E-02 
1697	 2.62971210115072E-02 
1698	 2.38845914212213E-02 
1699	 0.022730449901562 
1700	 2.09550981442528E-02 
1701	 0.02018891327549 
1702	 0.023058766224136 
1703	 2.27209901963225E-02 
1704	 2.12667357373922E-02 
1705	 2.44378609993078E-02 
1706	 0.02746575317619 
1707	 2.64627731963053E-02 
1708	 2.30265962088965E-02 
1709	 2.25030560773013E-02 
1710	 2.31080471637519E-02 
1711	 2.25350847252497E-02 
1712	 2.41148564694795E-02 
1713	 2.09158611959532E-02 
1714	 1.98599347738265E-02 
1715	 2.04414458044647E-02 
1716	 2.26419851383755E-02 
1717	 2.63833569153985E-02 
1718	 2.89379549065438E-02 
1719	 2.75498567326796E-02 
1720	 2.62378210896184E-02 
1721	 2.51246603384249E-02 
1722	 2.33742195913011E-02 
1723	 0.024501294208578 
1724	 2.70012883960964E-02 
1725	 2.65756393399705E-02 
1726	 0.0250263743837 
1727	 2.49699152401611E-02 
1728	 2.45426433098457E-02 
1729	 2.30872828991142E-02 
1730	 0.02282100283223 
1731	 2.26338949168366E-02 
1732	 0.022130324565508 
1733	 2.41819236691126E-02 
1734	 2.46705940571527E-02 
1735	 2.11144130946596E-02 
1736	 1.80669998805062E-02 
1737	 1.69127915200498E-02 
1738	 1.70494670716823E-02 
1739	 2.06828479281663E-02 
1740	 2.64361468922392E-02 
1741	 2.80614438585503E-02 
1742	 2.86301475866768E-02 
1743	 2.85264901181805E-02 
1744	 2.74636190440137E-02 
1745	 2.73539752495921E-02 
1746	 2.75244600711481E-02 
1747	 2.70924641354978E-02 
1748	 2.30214536061521E-02 
1749	 0.021555557609573 
1750	 2.28327775696379E-02 
1751	 2.29017242632945E-02 
1752	 2.13047411442104E-02 
1753	 0.02426481085574 
1754	 3.18069466527775E-02 
1755	 3.23374515415842E-02 
1756	 0.032062781232604 
1757	 2.66196605852806E-02 
1758	 2.37960831610208E-02 
1759	 2.71261247387131E-02 
1760	 3.23132570994727E-02 
1761	 0.028939229517438 
1762	 2.38966879779903E-02 
1763	 0.025658675180598 
1764	 2.80441607976616E-02 
1765	 0.037890512763525 
1766	 4.45912274055788E-02 
1767	 0.036708893700996 
1768	 3.36115054015808E-02 
1769	 3.58211454632387E-02 
1770	 3.86244678594346E-02 
1771	 4.01117968359762E-02 
1772	 3.23267600262459E-02 
1773	 2.65491849995999E-02 
1774	 2.26830931292994E-02 
1775	 4.30372362984579E-02 
1776	 4.44671420131613E-02 
1777	 2.13200927692439E-02 
1778	 1.49541002872585E-02 
1779	-2.01323897940057E-03 
1780	-0.010018454279382 
1781	 2.44699614329509E-02 
1782	 1.78278197032019E-02 
1783	-2.89525143326931E-02 
1784	-2.56425718868918E-02 
1785	-0.013346139971778 
1786	-1.54891236448285E-02 
1787	 1.37369996414355E-02 
1788	 2.60995300729046E-02 
1789	-4.86267419749909E-03 
1790	 3.92776937521754E-02 
1791	 6.02849308117884E-02 
1792	 6.50666193990154E-02 
1793	 8.10638206718406E-02 
1794	 0.015840066796382 
1795	 1.34939469151584E-03 
1796	 5.82684368409114E-02 
1797	 4.96726109758698E-02 
1798	 0.13319505744216 
1799	 0.233893669408675 
1800	 0.15104566960991 
1801	 0.183704845042525 
1802	 0.44826177527287 
1803	 0.570521926685813 
1804	 0.46481396221508 
1805	 0.586095452123192 
1806	 0.958793938858225 
1807	 1.54490784420378 
1808	 7.47258926885807 
1809	-42.5961120645586 
1810	-1.87382020017471 
1811	-1.2582658021801 
1812	-0.322095767430243 
1813	-0.170875655325448 
1814	 0.96023732910955 
1815	 1.21082467477325 
1816	 1.66868090410385 
1817	 1.47578220278164 
1818	 0.601537939257774 
1819	 1.14048513800577 
1820	 3.62902471766287 
1821	 1.82490022419707 
1822	 1.60596670665307 
1823	 0.623096978849673 
1824	 0.469344929572538 
1825	 0.473916557237579 
1826	 0.444624586942727 
1827	-18.5156416169473 
1828	-5.58945529763141 
1829	-0.20844456305109 
1830	-0.328104857172213 
1831	 0.517768927146302 
1832	 0.604652915616308 
1833	 1.07612840166954 
1834	 1.04426756882221 
1835	 0.782133924760246 
1836	 0.657504869046458 
1837	 0.147779914383761 
1838	-0.063146822998234 
1839	-0.529506643981293 
1840	-0.924977925155317 
1841	 1.93113112830999 
1842	 3.2019450425525 
1843	 4.63294367393905 
1844	 6.50119919671499 
1845	 8.10404647097232 
1846	 7.08872416180453 
1847	 6.39977160134429 
1848	-29.6470177738757 
1849	 3.21607528725455 
1850	 0.338064313719834 
1851	-1.22345120780668 
1852	-0.550202500961561 
1853	-0.161686341242469 
1854	-0.155044567805081 
1855	 0.331155867328019 
1856	 1.71145732475534 
1857	 49.4323051570835 
1858	 1.36213029782865 
1859	 0.568887011513606 
1860	-0.613955883810371 
1861	-0.728235391882855 
1862	-0.521608493976771 
1863	-0.227549677121079 
1864	 0.108079245607025 
1865	 0.257482796620387 
1866	 0.331117172181495 
1867	 0.749584636019235 
1868	 0.525850186827619 
1869	 0.798078389885186 
1870	 5.27292244126753 
1871	-36.1982743536524 
1872	 21.429702526037 
1873	 9.70292716160816 
1874	-12.5347903394758 
1875	-3.06375067959596 
1876	-2.97894296548437 
1877	-6.98878681361526 
1878	-31.6105835866131 
1879	 6.50723594221227 
1880	 3.51985724794626 
1881	 3.0902960702342 
1882	 2.57194855101675 
1883	 1.73078696165817 
1884	 1.29456013576926 
1885	 0.627067171645867 
1886	 0.467117569442821 
1887	 1.02820352952673 
1888	 1.57763809634395 
1889	 1.26249380787549 
1890	 1.27988371391767 
1891	 1.36666311937892 
1892	 0.708731392278021 
1893	 0.451714767595187 
1894	 1.02060542700974 
1895	 1.13160929463783 
1896	 0.8702540827659 
1897	 0.881703871802966 
1898	 0.667533535609779 
1899	 0.846867658767314 
1900	 1.00762122600601 
1901	 1.15272348905287 
1902	 1.07698446542021 
1903	 1.35792133362711 
1904	 0.509422539831625 
1905	-0.56761372779753 
1906	-1.37751881228308 
1907	-0.781546894707941 
1908	-0.213336591795914 
1909	 0.115688195895881 
1910	 0.37900709795592 
1911	 0.483446747541781 
1912	 0.984425360531835 
1913	 1.91408327533703 
1914	 46.6782199526632 
1915	-7.78831455928274 
1916	-2.05742708749404 
1917	-1.14310031254946 
1918	-2.26642845347827 
1919	-10.6936027334486 
1920	-12.7790026063845 
1921	-4.02712708368969 
1922	-5.23309363152078 
1923	-0.873027501663004 
1924	-0.696629718743316 
1925	-1.64174349886141E-02 
1926	 0.145785635334254 
1927	 0.269769954863179 
1928	 0.249039017550809 
1929	 0.591915394228258 
1930	 1.2464204121176 
1931	 9.28698590692756E-02 
1932	-6.93241306464655 
1933	-3.99933794230611 
1934	-1.74678825255763 
1935	-1.62314939149774 
1936	-2.21315735015503 
1937	-2.25276457245422 
1938	-1.04976766080799 
1939	-0.307839965316513 
1940	-1.26121446863937E-02 
1941	-0.005690757860311 
1942	 3.16070677321176E-02 
1943	 0.411102235247636 
1944	 1.51883009976922 
1945	-2.68379590492391 
1946	-1.60937100660352 
1947	-0.464388359857646 
1948	-8.23076624778023E-02 
1949	-2.80737039800012E-02 
1950	 0.328406658090023 
1951	 2.19495520700949 
1952	 13.4039695813777 
1953	 3.2742828531068 
1954	-3.35164472145217 
1955	 20.986033654574 
1956	 10.0445429612127 
1957	 10.1573137996742 
1958	 6.51249403937549E-02 
1959	-0.683879357455844 
1960	 0.046771917284388 
1961	 0.56499341116208 
1962	 0.491757823863966 
1963	 0.812997881606962 
1964	 0.85048521976812 
1965	 0.534429149238639 
1966	 0.405390961088089 
1967	 0.423777400964631 
1968	 0.189103405724661 
1969	 0.054306001576592 
1970	 0.115668970581543 
1971	 6.04657761268558E-02 
1972	 0.140024186367138 
1973	 0.147152382673562 
1974	 8.89001536941274E-02 
1975	 0.110105302190723 
1976	 7.87288697749536E-02 
1977	 8.90799407326579E-02 
1978	 0.17328077124432 
1979	 0.19640590895099 
1980	 0.208967488740287 
1981	 0.209452814776978 
1982	 0.173794937213987 
1983	 8.30858903725177E-02 
1984	 3.14416009838202E-02 
1985	-4.47888809489467E-03 
1986	-7.20911121058424E-02 
1987	-0.104850847805629 
1988	-8.25837721305586E-02 
1989	-2.58989869902509E-02 
1990	 5.21373969707506E-02 
1991	 5.24095055230308E-02 
1992	 2.42969059474388E-03 
1993	 3.63857303831876E-03 
1994	 5.29876038409362E-03 
1995	 1.18506199419578E-02 
1996	 0.092468671606555 
1997	 0.201374736436643 
1998	 0.166780192426289 
1999	 0.127332367939221 
2000	 0.149548308003375 
2001	 8.90912676254339E-02 
2002	 1.09580296644911E-02 
2003	 3.46000534315289E-02 
2004	 1.35471370641026E-02 
2005	 9.27376946483781E-03 
2006	 0.124046681844414 
2007	 0.203992904758957 
2008	 0.243082066404118 
2009	 0.234063674020166 
2010	 0.171291789085973 
2011	 0.167553093969632 
2012	 0.146338798100232 
2013	 0.105006536828044 
2014	 0.182850696357669 
2015	 0.187651655041008 
2016	 0.100124728544723 
2017	 3.79284140576634E-02 
2018	-2.02258802104761E-03 
2019	-7.27044700060245E-03 
2020	-0.016899343434403 
2021	 5.16303819239525E-04 
2022	 2.58599595632716E-03 
2023	-4.39912404354835E-02 
2024	-5.66834440836163E-02 
2025	-6.20375883054037E-02 
2026	-4.94392770076107E-02 
2027	-3.17178772331215E-02 
2028	-6.2685471768557E-03 
2029	 5.17949683016962E-02 
2030	 5.65945155774517E-02 
2031	 4.64831914381392E-02 
2032	 6.40623881268644E-02 
2033	 6.90533096380863E-02 
2034	 0.058647351771791 
2035	 5.44639490495551E-02 
2036	 5.79001833586113E-02 
2037	 4.10252791389664E-02 
2038	 3.63855228348126E-02 
2039	 3.24700066851892E-02 
2040	 0.033048118317948 
2041	 2.36640027880482E-02 
2042	 3.26538103715387E-03 
2043	-7.54600808451709E-03 
2044	-1.90427917093316E-02 
2045	-1.77810364946037E-02 
2046	-2.36198088688916E-02 
2047	-7.39999121205169E-03 
2048	-0.002290412844186 
2049	-6.25476672282756E-03 
2050	-1.23756160852865E-02 
2051	-2.12579173980976E-02 
2052	-1.97980949419947E-02 
2053	-2.50836730754358E-02 
2054	-1.61857672816217E-02 
2055	 1.34654297624954E-02 
2056	 2.69063755498572E-02 
2057	 3.19678181618223E-02 
2058	 2.80911687678094E-02 
2059	 1.19453551192488E-02 
2060	 8.78246290329191E-03 
2061	-1.01170626902026E-03 
2062	 1.28158409394522E-02 
2063	 0.020272191530143 
2064	-3.19766441106233E-03 
2065	-3.36356580677419E-02 
2066	-4.91608055626942E-02 
2067	-6.15347356436607E-02 
2068	-6.74651775910708E-02 
2069	-3.69913617602868E-02 
2070	-1.37933192853535E-02 
2071	 1.30224128084852E-02 
2072	 5.20993397175058E-02 
2073	 0.06259680533889 
2074	 4.64140118814656E-02 
2075	 4.90662094633204E-02 
2076	 5.21105819352986E-02 
2077	 4.81707451833853E-02 
2078	 4.50624395504468E-02 
2079	 4.19341847809371E-02 
2080	 3.10384333011852E-02 
2081	 2.66048914901084E-02 
2082	 2.30598362630622E-02 
2083	 2.57742808496012E-02 
2084	 3.65456030625489E-02 
2085	 4.22619313629267E-02 
2086	 4.58667548363211E-02 
2087	 4.70803323871449E-02 
2088	 3.20262228024757E-02 
2089	 1.89174336632683E-02 
2090	 0.022962647660484 
2091	 3.36512609537067E-02 
2092	 3.38496765315802E-02 
2093	 3.59626738564231E-02 
2094	 0.035298931786182 
2095	 2.56007273601508E-02 
2096	 1.73608069754279E-02 
2097	 1.13123192946966E-02 
2098	 6.55233970140147E-03 
2099	-4.53857421214858E-03 
2100	-8.3895034966076E-03 
2101	-4.21377942278286E-03 
2102	 2.09127003788595E-03 
2103	 7.10979467724994E-03 
2104	 8.47857262221816E-04 
2105	-6.34501985818663E-03 
2106	-3.04680248989851E-03 
2107	 2.25538572831258E-03 
2108	 1.81113339104178E-02 
2109	 3.24538418126842E-02 
2110	 4.13089693086428E-02 
2111	 5.10309672297858E-02 
2112	 4.62501057174975E-02 
2113	 4.05828202568825E-02 
2114	 0.027910937937522 
2115	 0.023920521612301 
2116	 2.16940813207701E-02 
2117	 1.37627457748901E-02 
2118	 2.67267088881407E-04 
2119	-2.95020749922125E-03 
2120	-1.14366904887565E-02 
2121	-1.54506980276903E-03 
2122	 1.27818680831719E-02 
2123	 2.37463042548623E-02 
2124	 4.06697831167276E-02 
2125	 3.20786141584413E-02 
2126	 1.51622644522623E-02 
2127	 2.28996697772213E-02 
2128	 2.91414002633826E-02 
2129	 3.57036268837009E-02 
2130	 4.64074795038449E-02 
2131	 4.63473350078221E-02 
2132	 0.044232651476544 
2133	 3.94159449457338E-02 
2134	 3.68169399307048E-02 
2135	 4.26615199513141E-02 
2136	 3.91685708963684E-02 
2137	 2.56108412572285E-02 
2138	 2.48557979587854E-02 
2139	 3.06729311312904E-02 
2140	 2.99865238161036E-02 
2141	 2.74370068751269E-02 
2142	 2.85861829147901E-02 
2143	 3.05152916691188E-02 
2144	 0.026252682325517 
2145	 2.38052577967955E-02 
2146	 3.37360843549151E-02 
2147	 0.026465509162788 
2148	 9.37327796737041E-03 
2149	 1.17578603813177E-02 
2150	 1.23980850245971E-02 
2151	 3.86352059074612E-03 
2152	 6.92539416500271E-03 
2153	 9.7838198005719E-03 
2154	-2.40073974270622E-03 
2155	-1.08130506534056E-03 
2156	 1.65001059524266E-02 
2157	 1.82541701779939E-02 
2158	 9.14305222022144E-03 
2159	 2.03240967295006E-02 
2160	 4.01300676357539E-02 
2161	 4.26788397201156E-02 
2162	 5.28269841279349E-02 
2163	 5.28874380159268E-02 
2164	 2.84868187511272E-02 
2165	 2.12715669230619E-02 
2166	 2.96788009068228E-02 
2167	 2.52302750220023E-02 
2168	 1.27016869839094E-02 
2169	 6.21162052971498E-03 
2170	-5.72360228850668E-03 
2171	-1.30774772745306E-02 
2172	 3.27621830931257E-03 
2173	 4.33594851353472E-03 
2174	 0.014749648774374 
2175	 0.030498911047473 
2176	 0.021442724339288 
2177	 2.23137788139903E-02 
2178	 2.83038215811953E-02 
2179	 2.24951351632782E-02 
2180	 2.98573040637104E-03 
2181	-4.45718739410857E-03 
2182	-1.58809322275889E-02 
2183	-3.02710175220172E-02 
2184	-6.05491142178739E-03 
2185	 1.02420711727513E-02 
2186	 1.50795061065874E-02 
2187	 1.41278734080263E-02 
2188	 1.65636877672587E-02 
2189	 1.15291921440499E-03 
2190	 3.4591136141116E-03 
2191	 2.51902734955723E-02 
2192	 2.89988481714006E-02 
2193	 3.43091449298647E-02 
2194	 3.40234783030712E-02 
2195	 1.06700850590641E-02 
2196	 8.22941533998209E-03 
2197	 1.89364445707169E-02 
2198	 2.15191922581576E-02 
2199	 2.79873937470374E-02 
2200	 4.35630849887126E-02 
2201	 4.17915264012085E-02 
2202	 2.55615093976169E-02 
2203	-1.68418181131962E-03 
2204	-2.93531373478806E-02 
2205	-3.78516859757289E-02 
2206	-0.032185321014983 
2207	-1.78148662865668E-02 
2208	-6.56544928942248E-03 
2209	 1.92351704333553E-02 
2210	 3.42758884870317E-02 
2211	 4.78594202465827E-02 
2212	 7.27182737197357E-02 
2213	 6.93755040712906E-02 
2214	 0.063647406660518 
2215	 6.79484287555279E-02 
2216	 7.72088090251897E-02 
2217	 8.31660575174501E-02 
2218	 9.34027332669128E-02 
2219	 9.34118523129155E-02 
2220	 8.82871291712752E-02 
2221	 8.33094814655783E-02 
2222	 7.33629389602606E-02 
2223	 6.26755064729903E-02 
2224	 4.36458887597077E-02 
2225	 3.70749879165539E-02 
2226	 3.42317269416267E-02 
2227	 3.29352444900462E-02 
2228	 5.36157686866115E-02 
2229	 5.01405337294136E-02 
2230	 1.59182904882325E-02 
2231	 1.15649155041594E-02 
2232	 1.78744227579727E-02 
2233	 2.13625018356502E-02 
2234	 3.58575265989783E-02 
2235	 6.30131924231466E-02 
2236	 7.24373343662179E-02 
2237	 5.53112334750744E-02 
2238	 0.038604833764871 
2239	 2.52805510849384E-02 
2240	 1.24687117796953E-02 
2241	-3.01050927962906E-04 
2242	 1.05690766805358E-02 
2243	 2.40904600186279E-02 
2244	 4.10408116075002E-02 
2245	 0.058914573238641 
2246	 4.86649319751746E-02 
2247	 4.83134573770442E-02 
2248	 5.79350659992235E-02 
2249	 3.08887986551515E-02 
2250	 4.63543737837093E-03 
2251	 2.90403069154136E-03 
2252	-1.76010567320153E-02 
2253	-2.51209760109721E-02 
2254	-1.97741798039031E-02 
2255	-6.97561288505059E-03 
2256	 7.5898493793677E-03 
2257	 1.40379423706173E-03 
2258	 3.21072725043425E-03 
2259	-2.31876559657257E-02 
2260	-4.45970582626814E-02 
2261	-9.60177347409193E-02 
2262	-0.106745987909471 
2263	-9.32639199789908E-02 
2264	-0.070051558653642 
2265	-6.09693427555198E-03 
2266	 1.33026749415233E-02 
2267	 9.15234538675664E-03 
2268	 1.24456239112709E-02 
2269	-8.76877766719926E-03 
2270	-1.72514306431875E-02 
2271	 5.51139562224923E-03 
2272	 5.12455724434492E-03 
2273	-2.09549749542749E-02 
2274	-3.10467850976003E-02 
2275	-4.71877336990898E-02 
2276	-5.11928080384307E-02 
2277	-3.50064892737161E-02 
2278	-2.02303520024814E-02 
2279	 3.93480597184917E-03 
2280	 6.96588125122587E-03 
2281	 4.06373947651353E-03 
2282	-1.08742269764623E-02 
2283	-4.42702880473343E-02 
2284	-2.98369328194849E-02 
2285	-1.83374813288049E-02 
2286	-2.23340190268276E-02 
2287	 1.61819040838669E-03 
2288	 9.79858850704122E-03 
2289	 2.87435851384656E-02 
2290	 5.83636079313045E-02 
2291	 4.47450331822943E-02 
2292	 2.34152742257496E-02 
2293	 4.57463071477984E-02 
2294	 1.48205981269648E-02 
2295	-4.46675212515041E-02 
2296	-0.05548700835391 
2297	-9.27963353685225E-02 
2298	-7.92266529140842E-02 
2299	-9.19931951747478E-03 
2300	 4.08604993094565E-02 
2301	 5.62903586021829E-02 
2302	 4.99329138097878E-02 
2303	 6.15878236401395E-02 
2304	 7.51667862808244E-02 
2305	 9.84197073704738E-02 
2306	 0.131473936105099 
2307	 0.113416727435167 
2308	 6.99913273863221E-02 
2309	-1.82149464285972E-02 
2310	-0.107328027630226 
2311	-0.155883930663686 
2312	-0.197489224578802 
2313	-0.172882421920129 
2314	-0.134119277134797 
2315	-0.11706644748897 
2316	-7.33941492577535E-02 
2317	-4.40479866320537E-02 
2318	 5.41421268217574E-02 
2319	 0.162374878656259 
2320	 0.188252257706784 
2321	 0.170719393002535 
2322	 6.90078005386921E-02 
2323	-5.54350524931286E-02 
2324	-5.87204168868132E-02 
2325	-2.73617749674798E-02 
2326	-1.29365480465482E-02 
2327	 0.128468468413808 
2328	 0.130772464760974 
2329	 1.57538408384714E-02 
2330	 7.41459195237049E-02 
2331	 5.36279647435267E-02 
2332	 0.016248533627151 
2333	 4.10396693605295E-02 
2334	-5.82143176527909E-02 
2335	-0.252102809979521 
2336	-0.363941529854955 
2337	-0.314939324333571 
2338	-0.295322854431497 
2339	-0.314762003749893 
2340	-9.15757084899997E-02 
2341	-1.24234679438729E-02 
2342	-3.01718142618342E-03 
2343	 0.105456470650262 
2344	 8.77918643036833E-02 
2345	-0.020857162726524 
2346	-5.35646947306534E-02 
2347	 0.173060008764905 
2348	 0.125513562222031 
2349	 4.28944369221484E-02 
2350	 0.154661371546945 
2351	 0.197722230033307 
2352	 0.172329622689384 
2353	-3.35485705348029E-02 
2354	-0.185379590703278 
2355	-0.325552772017105 
2356	-0.338812076278851 
2357	-3.08794541457125E-02 
2358	 0.259311981478648 
2359	 0.336233800337426 
2360	 0.57180402560508 
2361	 0.238506286289508 
2362	 5.56845126747616E-02 
2363	-0.145827188291793 
2364	-0.382833882878431 
2365	-0.429766796054989 
2366	-0.559762736372549 
2367	-0.540600805064883 
2368	-4.17115756988907E-02 
2369	-9.08218726988855E-02 
2370	-1.24182046854778 
2371	-0.488652967577314 
2372	-0.558394487742066 
2373	 0.835956421283857 
2374	 0.547648566469933 
2375	 0.899869983980287 
2376	 1.18882182952584 
2377	 1.14438901057099 
2378	 1.39269260781914 
2379	 2.03800211478674 
2380	 2.20767430648664 
2381	-3.84928438450699 
2382	-1.66988690547943 
2383	-2.73848447028608 
2384	-2.32943021714984 
2385	 30.7190574253185 
2386	 1.56951346589927 
2387	 0.469580566154112 
2388	 0.53222532412459 
2389	 0.496186115744632 
2390	 0.277201172026751 
2391	 0.788227863929749 
2392	 0.267216501260355 
2393	 0.860580505392171 
2394	 0.887731596841813 
2395	 0.204105665700449 
2396	-0.210813591548898 
2397	-0.179465844119498 
2398	-0.504069364124835 
2399	-1.67017405710615 
2400	-2.40313541450916 
2401	-1.72840412395121 
2402	-3.17099159240866 
2403	-1.49607491745984 
2404	-2.99023220956993 
2405	-8.33060889954237 
2406	-19.3463797317646 
2407	 3.51845259448218 
2408	 2.84963304348005 
2409	-8.69080024411703 
2410	 2.08286003523964 
2411	 0.454845381821586 
2412	 1.49926319440243 
2413	 1.47648373040555 
2414	 2.80722832686416 
2415	 11.6330345796319 
2416	 4.13105590505688 
2417	 4.58093398902193 
2418	 1.18653650476145 
2419	 0.320981741103916 
2420	 6.4728070255791 
2421	 2.5061078028555 
2422	 4.26033781390969 
2423	 151.018556302608 
2424	 4.94037632390737 
2425	-31.3642825754762 
2426	-9.93767718708572 
2427	 21.3067753956128 
2428	 11.5005243922538 
2429	 7.54419855336894 
2430	-448.12056859721 
2431	-5.82427339095247 
2432	-0.83134624603206 
2433	-1.04376362872966 
2434	-0.906318774350357 
2435	-0.600158710710287 
2436	-1.44300372081987 
2437	-2.97482130963622 
2438	-9.8821154654097 
2439	 7.03170047499818 
2440	 1.31270130230488 
2441	-0.204094729968554 
2442	-0.528989675102931 
2443	-0.341525797861133 
2444	-9.17565271614511E-02 
2445	 0.131241313052639 
2446	 0.438085916126308 
2447	-0.148758915248628 
2448	-0.242088883895134 
2449	-0.346137151900402 
2450	-8.01405569911414E-02 
2451	 1.0912496482612 
2452	 0.58463884470341 
2453	 0.209537932695779 
2454	-0.256895257276582 
2455	-0.653364252189286 
2456	-0.774503957061589 
2457	-1.36683137259331 
2458	-0.524325568754017 
2459	 0.191202076120453 
2460	 0.316568541865085 
2461	 0.596576938294162 
2462	 0.666900499457453 
2463	 0.246146562866385 
2464	 0.336663906760839 
2465	 0.562126673613591 
2466	 0.598959986786989 
2467	 0.833407358182349 
2468	 1.08015000507261 
2469	 0.978751086679069 
2470	 0.601319426858951 
2471	 0.362610736018416 
2472	 0.344321013284831 
2473	 9.66610719857751E-02 
2474	 0.182797869527481 
2475	 0.530535322615569 
2476	 0.498607873059752 
2477	 0.832953817600298 
2478	 1.38661349465173 
2479	 2.12673669581351 
2480	 3.80529172048488 
2481	 1.72253447446551 
2482	 1.33561524355283 
2483	 1.54158845863 
2484	 3.04976063359753 
2485	-0.018332922504949 
2486	-1.29318345540634 
2487	 3.58073207043423 
2488	 1.49682641024213 
2489	 0.580036140632434 
2490	-8.20821720448008E-02 
2491	-0.440459205771828 
2492	-0.521941163487685 
2493	-0.526472507131166 
2494	-0.282013024214883 
2495	-0.437251604837463 
2496	-0.346953065360007 
2497	 1.31757046639899E-02 
2498	 0.199300956268458 
2499	 0.430775608135019 
2500	 8.21809994641206 
