Wavelength	rt0628west00009.asd
350	 4.10675800085393E-02 
351	 4.12487630498597E-02 
352	 4.13416390535759E-02 
353	 4.14878316244994E-02 
354	 4.16718407836014E-02 
355	 4.14675813679729E-02 
356	 4.15720612861766E-02 
357	 4.20199729330419E-02 
358	 4.24879919668313E-02 
359	 4.21299115794506E-02 
360	 4.21688401768535E-02 
361	 4.25590832156342E-02 
362	 4.24509026238714E-02 
363	 0.042616986239688 
364	 4.24943490169019E-02 
365	 4.21940461583498E-02 
366	 0.043083846409112 
367	 4.28924048456204E-02 
368	 4.26258594000453E-02 
369	 4.34304301067344E-02 
370	 4.37860140962607E-02 
371	 4.41741731741263E-02 
372	 4.43956851993174E-02 
373	 4.40124583127258E-02 
374	 4.39981321770609E-02 
375	 4.43150521674214E-02 
376	 4.47662526298499E-02 
377	 4.51133942869497E-02 
378	 4.60243395640769E-02 
379	 4.63938964831547E-02 
380	 4.57083722393631E-02 
381	 4.65260024021239E-02 
382	 4.69894742041172E-02 
383	 0.047280492330267 
384	 4.82274852279113E-02 
385	 4.78869236128166E-02 
386	 4.77489886184868E-02 
387	 4.82864549960309E-02 
388	 4.85636206860941E-02 
389	 4.91616742941249E-02 
390	 4.95639187543402E-02 
391	 4.95493177897204E-02 
392	 5.00733056988671E-02 
393	 5.04068989272659E-02 
394	 5.06563293069586E-02 
395	 5.11353297590494E-02 
396	 5.15446195807858E-02 
397	 5.17121590075236E-02 
398	 5.17842881852902E-02 
399	 5.21230482038533E-02 
400	 0.052143375428125 
401	 0.052275373083179 
402	 5.27228960095394E-02 
403	 5.28403550763926E-02 
404	 5.31003563171476E-02 
405	 5.35275168826998E-02 
406	 5.39527688387777E-02 
407	 5.41203793026214E-02 
408	 5.43519794706476E-02 
409	 5.47009970124752E-02 
410	 5.49367270658204E-02 
411	 5.52450294701477E-02 
412	 5.55854328164358E-02 
413	 5.59309768935867E-02 
414	 5.64031320370044E-02 
415	 5.67731984644179E-02 
416	 0.057007257672126 
417	 5.72268832740468E-02 
418	 5.79473133182697E-02 
419	 5.84872395789743E-02 
420	 5.87065670541411E-02 
421	 5.91191723998785E-02 
422	 5.94843428967614E-02 
423	 6.00059650486247E-02 
424	 0.06074010642024 
425	 0.061087720409652 
426	 6.16038682995555E-02 
427	 6.22272620220423E-02 
428	 6.26776111767017E-02 
429	 6.34363019553008E-02 
430	 6.41371358963433E-02 
431	 6.46715776130148E-02 
432	 0.065321773553229 
433	 6.58319054095688E-02 
434	 6.64097128272405E-02 
435	 6.71803951348732E-02 
436	 6.77257337226621E-02 
437	 6.83383895094104E-02 
438	 6.89987597458117E-02 
439	 6.95524130651882E-02 
440	 7.02997865343904E-02 
441	 7.10113573535801E-02 
442	 7.15485187094465E-02 
443	 7.19812670865403E-02 
444	 7.25339868370925E-02 
445	 7.31217711259664E-02 
446	 7.36338460841555E-02 
447	 7.42561410514759E-02 
448	 7.47951161515338E-02 
449	 7.52008033688992E-02 
450	 7.55578079296862E-02 
451	 7.61286255657796E-02 
452	 0.076623672968741 
453	 7.69248011578153E-02 
454	 7.74326302935154E-02 
455	 7.78356113092755E-02 
456	 7.81853461312927E-02 
457	 7.86178807793161E-02 
458	 7.90024530888571E-02 
459	 7.93543631840734E-02 
460	 7.96861036060869E-02 
461	 8.00034884162009E-02 
462	 8.04329524892197E-02 
463	 8.08199764402348E-02 
464	 8.10690742727583E-02 
465	 8.13864431838698E-02 
466	 8.18123798673115E-02 
467	 8.22297836357413E-02 
468	 8.24743777935753E-02 
469	 0.08268440045936 
470	 8.30727565972649E-02 
471	 8.35966012076005E-02 
472	 8.38733344944793E-02 
473	 8.42576873671406E-02 
474	 8.46882164801915E-02 
475	 8.50534984350582E-02 
476	 8.54491498070141E-02 
477	 8.59262980973637E-02 
478	 8.64190833627845E-02 
479	 0.086799045924115 
480	 8.71666474964135E-02 
481	 8.75780874605268E-02 
482	 8.80599098381498E-02 
483	 8.85887015069672E-02 
484	 8.92040278481151E-02 
485	 8.98173338672495E-02 
486	 9.03447447946416E-02 
487	 9.09917138141936E-02 
488	 9.16090671648824E-02 
489	 9.21588218984403E-02 
490	 9.27339442758156E-02 
491	 9.35028356447137E-02 
492	 9.42292221059894E-02 
493	 9.47634508973049E-02 
494	 9.54075308375065E-02 
495	 9.61480615732428E-02 
496	 9.69285962803189E-02 
497	 0.09767280988025 
498	 9.84004006125753E-02 
499	 9.91191622947276E-02 
500	 9.98809797819455E-02 
501	 0.100808848227046 
502	 0.101656616522671 
503	 0.102420017727155 
504	 0.103179190357603 
505	 0.104012559429528 
506	 0.104878160980445 
507	 0.105729000503321 
508	 0.106518280924749 
509	 0.107204770016848 
510	 0.107985236628965 
511	 0.108948613710868 
512	 0.1098719488495 
513	 0.110792170041175 
514	 0.111703124795313 
515	 0.112602259804621 
516	 0.113623239036025 
517	 0.114702109650427 
518	 0.115752833358099 
519	 0.116696243893652 
520	 0.117651384631019 
521	 0.118669349637569 
522	 0.119744504602965 
523	 0.12070489107525 
524	 0.121803701913008 
525	 0.122993359713789 
526	 0.124037911585876 
527	 0.125145499425762 
528	 0.126245152852235 
529	 0.127314614872001 
530	 0.128522771927031 
531	 0.129638061589164 
532	 0.130739220613567 
533	 0.131974884882833 
534	 0.133207216391578 
535	 0.134328107570752 
536	 0.13540725325333 
537	 0.136696492239985 
538	 0.138022030594408 
539	 0.139355452314591 
540	 0.140677466620566 
541	 0.141885172613582 
542	 0.143160605028062 
543	 0.144460724933012 
544	 0.145630270265768 
545	 0.146865419933197 
546	 0.148161355808114 
547	 0.149469095158318 
548	 0.15071905695537 
549	 0.151895132079519 
550	 0.153059070453266 
551	 0.154293843503339 
552	 0.155599704589243 
553	 0.156860980271093 
554	 0.158052905554627 
555	 0.159252811018081 
556	 0.160518500224153 
557	 0.161787044720227 
558	 0.162993285152811 
559	 0.164220333800302 
560	 0.165447636498681 
561	 0.166631796123487 
562	 0.167732910830154 
563	 0.168823501542853 
564	 0.169931500191623 
565	 0.171047666902679 
566	 0.172108943756889 
567	 0.173135803806103 
568	 0.174146146506093 
569	 0.175144108531553 
570	 0.176079390677735 
571	 0.176907133832966 
572	 0.177677564597387 
573	 0.178533336082974 
574	 0.179406101903091 
575	 0.1801856465214 
576	 0.180830203237926 
577	 0.181569296796518 
578	 0.182217320173678 
579	 0.182803158692476 
580	 0.183463984731098 
581	 0.184000118537593 
582	 0.184531560072823 
583	 0.185121980809117 
584	 0.185661414924721 
585	 0.186154296791417 
586	 0.186712420835526 
587	 0.187437713371367 
588	 0.188067760792894 
589	 0.188527478111925 
590	 0.1887953140145 
591	 0.188937255215786 
592	 0.189159849691868 
593	 0.189319551102196 
594	 0.189294891681553 
595	 0.189297362911464 
596	 0.189160384577096 
597	 0.188930521200607 
598	 0.18875254767847 
599	 0.188463712883804 
600	 0.188217862405902 
601	 0.188131827679988 
602	 0.188203259996506 
603	 0.188320029573943 
604	 0.188463131703003 
605	 0.188648686017671 
606	 0.188889068989195 
607	 0.189141622285106 
608	 0.189395901078142 
609	 0.189674986672222 
610	 0.189955040341623 
611	 0.190206551312735 
612	 0.190411617306408 
613	 0.190570763922692 
614	 0.190802847944588 
615	 0.191103074395005 
616	 0.191386278569435 
617	 0.191624774076198 
618	 0.191786222018547 
619	 0.191909731192831 
620	 0.192137764460214 
621	 0.19242056661346 
622	 0.192718275044348 
623	 0.192994737575863 
624	 0.193242729881691 
625	 0.193510688138363 
626	 0.193822876745002 
627	 0.194165208556743 
628	 0.194325224374224 
629	 0.194522923043505 
630	 0.194862353995317 
631	 0.194893637945848 
632	 0.195031090794476 
633	 0.195269408913431 
634	 0.195421047533841 
635	 0.195539258755366 
636	 0.195790380300085 
637	 0.196118972995239 
638	 0.19614399725082 
639	 0.19624597168142 
640	 0.196392931004126 
641	 0.196494524508845 
642	 0.19673736335281 
643	 0.196993945559897 
644	 0.197251136726713 
645	 0.197585036968469 
646	 0.197899553756429 
647	 0.19806098378948 
648	 0.198007852502296 
649	 0.197822659879929 
650	 0.197849482815764 
651	 0.197910584829125 
652	 0.197695184515277 
653	 0.197543268980646 
654	 0.197319199469359 
655	 0.196945038263102 
656	 0.196526659816871 
657	 0.196285804763939 
658	 0.19602497214734 
659	 0.195620849294468 
660	 0.195466043235382 
661	 0.195314574169614 
662	 0.195112000814885 
663	 0.194943036325172 
664	 0.19498644256309 
665	 0.195043185580878 
666	 0.195006495884562 
667	 0.195012246803221 
668	 0.195153403941831 
669	 0.195274565328382 
670	 0.19524257793752 
671	 0.195488541932104 
672	 0.19577077689095 
673	 0.195996579614684 
674	 0.196242413248878 
675	 0.196507946412691 
676	 0.196880716122767 
677	 0.197350729638435 
678	 0.197608186252379 
679	 0.19802297600045 
680	 0.198492015120581 
681	 0.198766416208662 
682	 0.199216716246618 
683	 0.199630487424965 
684	 0.19998311145117 
685	 0.200615264136084 
686	 0.201444030691987 
687	 0.202021314936186 
688	 0.202099894179736 
689	 0.20254226219653 
690	 0.202691949930889 
691	 0.202783726282959 
692	 0.203481346671792 
693	 0.203634201044587 
694	 0.203447808375481 
695	 0.203216852260668 
696	 0.202930588392838 
697	 0.202867248685786 
698	 0.202898341090828 
699	 0.202789011758903 
700	 0.202547834274927 
701	 0.202030195817357 
702	 0.201420698372573 
703	 0.201075763956929 
704	 0.200510020150945 
705	 0.199841485058994 
706	 0.199164869622959 
707	 0.198248444187921 
708	 0.197325985357183 
709	 0.196368341209651 
710	 0.19525352958411 
711	 0.193878186592813 
712	 0.192570516954976 
713	 0.1913974490224 
714	 0.1901010909986 
715	 0.189011620825232 
716	 0.187890512602826 
717	 0.186439303761205 
718	 0.184531500503874 
719	 0.18186443102799 
720	 0.179333418952772 
721	 0.177275314692822 
722	 0.175613643475086 
723	 0.173639632917648 
724	 0.171260096120737 
725	 0.168655662450943 
726	 0.165848480143546 
727	 0.162762846053999 
728	 0.159318706954818 
729	 0.155410472520969 
730	 0.151415412572914 
731	 0.147550058703301 
732	 0.143728202715483 
733	 0.140631497642188 
734	 0.138134177077632 
735	 0.136035370168224 
736	 0.134015865227912 
737	 0.132500149795786 
738	 0.131343833969889 
739	 0.130393754244759 
740	 0.129822471329746 
741	 0.129312859855293 
742	 0.128899689130982 
743	 0.128757615544298 
744	 0.128651543522075 
745	 0.128512907321775 
746	 0.128354568693507 
747	 0.128269137022244 
748	 0.12831649736029 
749	 0.128331439998701 
750	 0.128216866588302 
751	 0.128298953470072 
752	 0.128366865233572 
753	 0.128329241054603 
754	 0.128207073936363 
755	 0.128298661971654 
756	 0.128477128664159 
757	 0.12867703522506 
758	 0.129058421128781 
759	 0.129964904827877 
760	 0.131221339952273 
761	 0.131572548649164 
762	 0.131849709874916 
763	 0.131425850424946 
764	 0.130816990799553 
765	 0.130626796647052 
766	 0.130609634662079 
767	 0.130564948632083 
768	 0.130540268851643 
769	 0.130789214876489 
770	 0.131180876757185 
771	 0.131594945257188 
772	 0.131954931233498 
773	 0.13228999829861 
774	 0.132716403374527 
775	 0.133235504649093 
776	 0.133787194145906 
777	 0.134279613794065 
778	 0.134818959272446 
779	 0.135453494309577 
780	 0.136156198967133 
781	 0.136867281392457 
782	 0.137527559173846 
783	 0.138197965301029 
784	 0.13923149139617 
785	 0.140070961537377 
786	 0.14078101484639 
787	 0.141629154870409 
788	 0.142636593474639 
789	 0.143511713345122 
790	 0.144246402472405 
791	 0.14507541461418 
792	 0.145811939136089 
793	 0.146618879818644 
794	 0.147554410328505 
795	 0.148395409309116 
796	 0.149281126674227 
797	 0.150087283374413 
798	 0.150750752277652 
799	 0.151497135377766 
800	 0.152275023097257 
801	 0.152989730733591 
802	 0.153533929896628 
803	 0.153827778953874 
804	 0.154089353946187 
805	 0.15436593180324 
806	 0.154501149560972 
807	 0.154691235648648 
808	 0.154916053027643 
809	 0.155059435648915 
810	 0.154831222893287 
811	 0.155049911967315 
812	 0.155367852546749 
813	 0.155007691509748 
814	 0.154413228434328 
815	 0.153924471495159 
816	 0.153378113561878 
817	 0.152260751668499 
818	 0.150883027074149 
819	 0.149637830104876 
820	 0.148440597523108 
821	 0.14675380901681 
822	 0.144610645778455 
823	 0.142010848663766 
824	 0.13922173132301 
825	 0.136671509586118 
826	 0.133539201604457 
827	 0.129867537339656 
828	 0.126310842051662 
829	 0.123023804752574 
830	 0.119760851808644 
831	 0.116773088232589 
832	 0.114658267667716 
833	 0.112474734746908 
834	 0.110385819754944 
835	 0.108690369465558 
836	 0.107687832941741 
837	 0.106591855225541 
838	 0.105449138333475 
839	 0.104440937785927 
840	 0.10355638461256 
841	 0.102945050343168 
842	 0.102347246443306 
843	 0.10147127607052 
844	 0.100591012533039 
845	 9.99018277473745E-02 
846	 9.93328157949344E-02 
847	 9.86434403280626E-02 
848	 9.78847886386932E-02 
849	 9.70986405671467E-02 
850	 9.64513147223566E-02 
851	 9.62005148756963E-02 
852	 0.095467428725832 
853	 9.45752942040473E-02 
854	 9.39336509313874E-02 
855	 9.35148143387907E-02 
856	 0.09296900183296 
857	 9.23740719446936E-02 
858	 9.18152490722659E-02 
859	 9.08876403187819E-02 
860	 9.04040693648622E-02 
861	 9.01263558430972E-02 
862	 8.94179397540576E-02 
863	 8.88928128424128E-02 
864	 8.84135905254067E-02 
865	 8.78526939852353E-02 
866	 8.71660588361344E-02 
867	 8.65868576707551E-02 
868	 8.60289442110413E-02 
869	 8.54662493351485E-02 
870	 8.50039666378734E-02 
871	 8.41021224384627E-02 
872	 8.31707293047533E-02 
873	 8.24732314664551E-02 
874	 8.14414000669251E-02 
875	 8.07091080227308E-02 
876	 8.01095549382942E-02 
877	 0.079379970811795 
878	 7.89281177677092E-02 
879	 7.80420878888894E-02 
880	 7.70129281902731E-02 
881	 7.64478742974814E-02 
882	 7.57405932702426E-02 
883	 7.47867060752264E-02 
884	 7.38821050067186E-02 
885	 7.34677421977251E-02 
886	 7.26603481606817E-02 
887	 0.071767633598159 
888	 7.10620699524397E-02 
889	 7.06015999891547E-02 
890	 7.03076077530791E-02 
891	 6.99501366084946E-02 
892	 6.93673103180559E-02 
893	 6.85887746436788E-02 
894	 6.83142443024029E-02 
895	 6.80704827177048E-02 
896	 6.72957719801697E-02 
897	 6.65230462303579E-02 
898	 6.60995188864204E-02 
899	 0.065753975420636 
900	 6.50919836199962E-02 
901	 6.42110212307856E-02 
902	 6.37027042676391E-02 
903	 6.32123123797696E-02 
904	 6.22343144935496E-02 
905	 6.13595535490519E-02 
906	 6.10881568489653E-02 
907	 6.05818851596237E-02 
908	 5.85491356455307E-02 
909	 5.84418242583196E-02 
910	 5.82640957762951E-02 
911	 5.72264607189382E-02 
912	 5.62190067381105E-02 
913	 5.57796923515711E-02 
914	 5.51124666067344E-02 
915	 5.37427049976503E-02 
916	 5.18860659536881E-02 
917	 4.98551362464443E-02 
918	 0.048408906927797 
919	 4.76049091381549E-02 
920	 4.66063977515318E-02 
921	 4.54563318984514E-02 
922	 0.043679672510327 
923	 0.041568813385723 
924	 4.12851043735798E-02 
925	 4.04897031352596E-02 
926	 3.91078486017709E-02 
927	 3.81251200449138E-02 
928	 0.039734919635477 
929	 4.00725287948133E-02 
930	 3.71301483303268E-02 
931	 3.18663849500655E-02 
932	 0.035391658744539 
933	 3.83984945920121E-02 
934	 3.70509790126015E-02 
935	 3.35586061962028E-02 
936	 2.77188803276881E-02 
937	 2.64965152364506E-02 
938	 0.027429881254103 
939	 2.65711669989847E-02 
940	 2.44493350224981E-02 
941	 2.85430340378161E-02 
942	 2.98675752514895E-02 
943	 1.68818222891692E-02 
944	 0.017228344675355 
945	 2.04038526601704E-02 
946	 0.018913841196847 
947	 1.28430399928043E-02 
948	 2.01196043940516E-02 
949	 2.04884210223329E-02 
950	 1.72564929057287E-02 
951	 2.46295164400541E-02 
952	 2.27494103744217E-02 
953	 2.28960118577539E-02 
954	 2.32364456971742E-02 
955	 1.55689977278174E-02 
956	 1.73884798389237E-02 
957	 1.90421838890436E-02 
958	 1.68240312167503E-02 
959	 1.35345464522434E-02 
960	 1.52296240566116E-02 
961	 1.56810425493295E-02 
962	 1.42717405590497E-02 
963	 1.42878694723222E-02 
964	 1.25776914935173E-02 
965	 0.012728968173041 
966	 1.41656380003679E-02 
967	 1.36505613397782E-02 
968	 0.012327949147717 
969	 1.13066380402494E-02 
970	 1.12416736734939E-02 
971	 1.22519733712989E-02 
972	 1.38919744111239E-02 
973	 1.33838357924115E-02 
974	 1.17171449452863E-02 
975	 0.013026378157267 
976	 1.37580893489461E-02 
977	 1.26656616311561E-02 
978	 1.13095206487171E-02 
979	 1.24296974772966E-02 
980	 1.18905746446665E-02 
981	 1.11762780182295E-02 
982	 1.18056420334512E-02 
983	 1.40891511178826E-02 
984	 1.36561475420175E-02 
985	 0.012084371664581 
986	 1.18305615487763E-02 
987	 1.43606909280747E-02 
988	 1.35508596551631E-02 
989	 1.33981403035734E-02 
990	 1.42429004916322E-02 
991	 1.34407531798045E-02 
992	 1.24150708857315E-02 
993	 1.33505703323091E-02 
994	 1.43390209010053E-02 
995	 1.18436944337291E-02 
996	 1.00471276805304E-02 
997	 1.15184766656118E-02 
998	 1.36502891718149E-02 
999	 1.23014491105086E-02 
1000	 1.29587169230869E-02 
1001	 0.011971414198793 
1002	 0.012025013037929 
1003	 1.21954545759773E-02 
1004	 1.30524318561301E-02 
1005	 1.32619815043648E-02 
1006	 1.32675050716715E-02 
1007	 1.29488340150448E-02 
1008	 1.26509150305819E-02 
1009	 1.30074697941659E-02 
1010	 1.33836687539675E-02 
1011	 1.38555486028676E-02 
1012	 1.44647072163609E-02 
1013	 1.43944551554119E-02 
1014	 1.44566304168305E-02 
1015	 0.014437062480917 
1016	 1.44271061253505E-02 
1017	 1.42447659347965E-02 
1018	 1.43365867812626E-02 
1019	 1.44584793115373E-02 
1020	 1.46073303630424E-02 
1021	 1.48678369177054E-02 
1022	 1.52105521386374E-02 
1023	 1.55740452668485E-02 
1024	 1.57488906412148E-02 
1025	 1.55321667834975E-02 
1026	 1.55267192785801E-02 
1027	 1.56375346942781E-02 
1028	 1.55907571396775E-02 
1029	 1.59137237103079E-02 
1030	 1.67958694826414E-02 
1031	 1.70079836582438E-02 
1032	 1.70176650792202E-02 
1033	 1.71075911180796E-02 
1034	 1.66147185364041E-02 
1035	 1.68718852407987E-02 
1036	 1.77884158180078E-02 
1037	 1.83410592551009E-02 
1038	 1.90603934813396E-02 
1039	 1.98491673286059E-02 
1040	 2.01490375777251E-02 
1041	 1.95665994046331E-02 
1042	 1.94522752725644E-02 
1043	 0.01901199132342 
1044	 1.90773279352554E-02 
1045	 1.92286987761066E-02 
1046	 1.98364960078538E-02 
1047	 2.11720828244469E-02 
1048	 0.021801085537778 
1049	 2.26625666222206E-02 
1050	 2.29922626784215E-02 
1051	 2.23316878123472E-02 
1052	 0.022337869935577 
1053	 2.26124767276365E-02 
1054	 2.27140374793894E-02 
1055	 2.28547029134029E-02 
1056	 2.31625249728891E-02 
1057	 0.023498974143678 
1058	 2.37187750341261E-02 
1059	 2.40151972874127E-02 
1060	 2.45854427795426E-02 
1061	 2.49134041411308E-02 
1062	 2.50336038092891E-02 
1063	 2.52378825772265E-02 
1064	 2.56179476790341E-02 
1065	 2.56777462582179E-02 
1066	 2.52995165537048E-02 
1067	 2.53795526256977E-02 
1068	 2.56753190309339E-02 
1069	 2.57392233585939E-02 
1070	 2.59821419064373E-02 
1071	 0.026109816494338 
1072	 2.59632608123272E-02 
1073	 2.58061635764485E-02 
1074	 0.025650894000299 
1075	 2.56255426591351E-02 
1076	 2.54687052405899E-02 
1077	 2.50439394899574E-02 
1078	 0.024954122402587 
1079	 2.51196782257246E-02 
1080	 2.49794195628361E-02 
1081	 2.48766832956294E-02 
1082	 2.46571803103799E-02 
1083	 2.41101888520216E-02 
1084	 2.38154057747834E-02 
1085	 0.023657929129632 
1086	 2.34438405519813E-02 
1087	 2.31732498144987E-02 
1088	 2.30452909330184E-02 
1089	 2.31896409550233E-02 
1090	 2.28312148370126E-02 
1091	 2.28834402585486E-02 
1092	 2.35135133986821E-02 
1093	 2.30377611315006E-02 
1094	 2.19501203335365E-02 
1095	 2.13645423075816E-02 
1096	 1.99707285673488E-02 
1097	 1.95484392446706E-02 
1098	 2.04404066583693E-02 
1099	 2.03298626685143E-02 
1100	 0.01959368439796 
1101	 1.95173079676368E-02 
1102	 1.97047264701095E-02 
1103	 1.95988083143548E-02 
1104	 1.97804515761275E-02 
1105	 2.02509566287798E-02 
1106	 1.98780966257913E-02 
1107	 1.84013977466893E-02 
1108	 1.82556272337424E-02 
1109	 1.89106067685133E-02 
1110	 1.90493007700331E-02 
1111	 1.99328670280944E-02 
1112	 1.99546030894375E-02 
1113	 1.84370552883643E-02 
1114	 1.82917838506133E-02 
1115	 0.018992860713285 
1116	 1.90894568658155E-02 
1117	 2.02091002417863E-02 
1118	 2.05671030837919E-02 
1119	 0.018636892755254 
1120	 1.75449721948483E-02 
1121	 1.64234335997257E-02 
1122	 1.70073582803099E-02 
1123	 0.01887857891358 
1124	 1.77006595962781E-02 
1125	 1.07384911718743E-02 
1126	 6.35521686531105E-03 
1127	 7.35680530433728E-03 
1128	 1.69774940661751E-02 
1129	 2.01424581213356E-02 
1130	 2.78699628448426E-02 
1131	 2.66585889267424E-02 
1132	 1.66665917166196E-02 
1133	 1.41740579243948E-02 
1134	 1.49647239396338E-02 
1135	 1.48111767686199E-02 
1136	 1.51943407465449E-02 
1137	 0.014607985810653 
1138	 1.26626575836739E-02 
1139	 1.18084729735748E-02 
1140	 0.012719556096283 
1141	 1.25232828355954E-02 
1142	 1.23515588409679E-02 
1143	 1.29980202771915E-02 
1144	 0.012049033809331 
1145	 1.37052240545234E-02 
1146	 1.57056930163866E-02 
1147	 1.37293670799703E-02 
1148	 1.17787679768694E-02 
1149	 1.03312868623874E-02 
1150	 0.01038525928393 
1151	 1.22484111072773E-02 
1152	 1.23480061115312E-02 
1153	 1.25002528890267E-02 
1154	 1.22919280680466E-02 
1155	 0.011618631041064 
1156	 0.010709222774436 
1157	 9.77077935741798E-03 
1158	 9.98202989739353E-03 
1159	 1.03469249647213E-02 
1160	 1.05480476511382E-02 
1161	 1.11083440372644E-02 
1162	 1.05503493496672E-02 
1163	 9.84068999638192E-03 
1164	 9.9250957910693E-03 
1165	 9.54488247006907E-03 
1166	 9.29409710520853E-03 
1167	 9.88799292870415E-03 
1168	 9.92342934797971E-03 
1169	 9.39831893706581E-03 
1170	 9.47526336682956E-03 
1171	 9.66640655701951E-03 
1172	 0.009666460920255 
1173	 9.51567135134705E-03 
1174	 9.62538203441651E-03 
1175	 9.78878083066339E-03 
1176	 9.41785071534528E-03 
1177	 9.46939497807577E-03 
1178	 9.55055036058324E-03 
1179	 9.45626926684821E-03 
1180	 9.5968750111045E-03 
1181	 9.29539383441527E-03 
1182	 9.04466437439149E-03 
1183	 9.38380709534286E-03 
1184	 9.4133156611044E-03 
1185	 8.98517789298771E-03 
1186	 9.30650630621138E-03 
1187	 9.8577706087509E-03 
1188	 9.56024830957385E-03 
1189	 9.39478269785081E-03 
1190	 9.67516741103052E-03 
1191	 9.54901698924948E-03 
1192	 9.27944933583173E-03 
1193	 9.02716233767968E-03 
1194	 9.19919742943893E-03 
1195	 9.33575461441217E-03 
1196	 9.3586453403855E-03 
1197	 9.63144769470593E-03 
1198	 9.92732560660904E-03 
1199	 9.57953833886385E-03 
1200	 9.07124398781029E-03 
1201	 9.02540354606413E-03 
1202	 9.24677823332686E-03 
1203	 9.30064390635739E-03 
1204	 9.08631791715603E-03 
1205	 9.08759594834451E-03 
1206	 9.27109390120268E-03 
1207	 9.46101848383074E-03 
1208	 9.37982819469013E-03 
1209	 9.24843383535383E-03 
1210	 9.44405848205016E-03 
1211	 9.23056023587908E-03 
1212	 8.97962101000953E-03 
1213	 9.34435189080557E-03 
1214	 9.56152649197943E-03 
1215	 9.58810628727584E-03 
1216	 9.54529333066768E-03 
1217	 9.52426035834193E-03 
1218	 9.08733088248865E-03 
1219	 8.94560492239085E-03 
1220	 9.22594957145174E-03 
1221	 9.25858598308442E-03 
1222	 9.30595258404957E-03 
1223	 9.29121342677559E-03 
1224	 8.95262340412275E-03 
1225	 9.01003141983784E-03 
1226	 9.35992358353812E-03 
1227	 9.2724277367091E-03 
1228	 9.06990536322038E-03 
1229	 9.05305980433051E-03 
1230	 9.14493702513815E-03 
1231	 9.33853797240216E-03 
1232	 9.40733229185766E-03 
1233	 9.29753447485986E-03 
1234	 9.1900991470872E-03 
1235	 9.13873307737944E-03 
1236	 8.93926160571826E-03 
1237	 8.94553865088867E-03 
1238	 9.11661390035004E-03 
1239	 9.33491430753905E-03 
1240	 9.42184724716906E-03 
1241	 9.52780587743771E-03 
1242	 9.54129159280505E-03 
1243	 9.25184287221746E-03 
1244	 9.20081698120708E-03 
1245	 9.34505263549873E-03 
1246	 9.10669503809068E-03 
1247	 9.07299249815755E-03 
1248	 9.33731964107374E-03 
1249	 9.37181106868116E-03 
1250	 9.29174928319451E-03 
1251	 9.16632648521508E-03 
1252	 8.96897113398967E-03 
1253	 8.77987897910385E-03 
1254	 8.87753240943728E-03 
1255	 9.22304924705457E-03 
1256	 9.29263703322555E-03 
1257	 8.99325332699646E-03 
1258	 9.03618659966695E-03 
1259	 9.43309250780213E-03 
1260	 9.40269286369298E-03 
1261	 8.97419866021709E-03 
1262	 9.06702092745641E-03 
1263	 9.28108715419637E-03 
1264	 9.26668449561247E-03 
1265	 9.27968503867238E-03 
1266	 9.66455892791887E-03 
1267	 9.48488442613683E-03 
1268	 8.81723572868222E-03 
1269	 8.77963437890972E-03 
1270	 9.40904050117765E-03 
1271	 9.44335956334876E-03 
1272	 9.14514721576953E-03 
1273	 9.30545514934061E-03 
1274	 9.13990402014111E-03 
1275	 8.82753936981648E-03 
1276	 9.1005548430071E-03 
1277	 9.26564386704317E-03 
1278	 8.96560426546176E-03 
1279	 8.89713319446437E-03 
1280	 0.009075549658985 
1281	 9.15119663850233E-03 
1282	 9.22628188622424E-03 
1283	 9.14455962579123E-03 
1284	 8.95916580621179E-03 
1285	 9.01628359451653E-03 
1286	 9.00375489264321E-03 
1287	 8.97318830166392E-03 
1288	 9.16546788507005E-03 
1289	 9.2728788858434E-03 
1290	 9.18193110747426E-03 
1291	 9.32253478413622E-03 
1292	 9.27663698844695E-03 
1293	 8.95322468734393E-03 
1294	 8.39373619157023E-03 
1295	 8.21425934005295E-03 
1296	 8.67528262508788E-03 
1297	 8.98501547862035E-03 
1298	 9.19154606489328E-03 
1299	 9.53648341788075E-03 
1300	 1.00190949211865E-02 
1301	 9.98635693003426E-03 
1302	 9.14321670731434E-03 
1303	 8.71627363097186E-03 
1304	 8.96710617658724E-03 
1305	 8.87189203518836E-03 
1306	 8.48512520383698E-03 
1307	 8.43283460149859E-03 
1308	 8.66612641383208E-03 
1309	 8.40320896782501E-03 
1310	 8.17686571840455E-03 
1311	 8.60906569496465E-03 
1312	 9.09245780713276E-03 
1313	 9.25936805720576E-03 
1314	 8.96355144420997E-03 
1315	 9.08730334567409E-03 
1316	 9.47048310874532E-03 
1317	 8.78337795461944E-03 
1318	 8.40562482974483E-03 
1319	 9.34618797996132E-03 
1320	 9.70671837756147E-03 
1321	 9.26114164010112E-03 
1322	 8.81546264297692E-03 
1323	 8.87438417912562E-03 
1324	 9.15205729310253E-03 
1325	 9.02252522696862E-03 
1326	 8.99612438310112E-03 
1327	 1.01562034177059E-02 
1328	 1.02050859815127E-02 
1329	 8.39139861552873E-03 
1330	 8.81241065885673E-03 
1331	 1.02444397174702E-02 
1332	 8.78052017682965E-03 
1333	 7.96417303422198E-03 
1334	 8.91048329921075E-03 
1335	 0.009217002729833 
1336	 8.63842042413557E-03 
1337	 9.05029207677394E-03 
1338	 0.010652311749488 
1339	 1.13029849627871E-02 
1340	 1.18983870856306E-02 
1341	 1.23637823061322E-02 
1342	 1.25444575494946E-02 
1343	 1.25440798709132E-02 
1344	 1.19042780902249E-02 
1345	 1.11180652413873E-02 
1346	 9.61052424642426E-03 
1347	 9.12469527304927E-03 
1348	 7.92668519566178E-03 
1349	 7.53766657795969E-03 
1350	 1.21477920625846E-02 
1351	 1.51786912752286E-02 
1352	 2.89867927681842E-02 
1353	 2.95350191046397E-02 
1354	-1.07632484170374E-02 
1355	-6.43814726632228E-02 
1356	-5.09305392272569E-02 
1357	-3.14441706549663E-02 
1358	-4.38863212647083E-02 
1359	-4.16307653000849E-02 
1360	 2.16021589109527E-03 
1361	-7.17251295805353E-02 
1362	-0.148838264023805 
1363	 4.61885551791473E-02 
1364	 0.115094532913716 
1365	 2.16703289538491E-02 
1366	-6.69655017095894E-02 
1367	-0.12600937876632 
1368	-4.24207316116026E-02 
1369	-6.05610856473922E-03 
1370	-4.60183947468804E-02 
1371	 0.188657395448501 
1372	 0.235640214212192 
1373	-4.19448322957568E-03 
1374	-0.130566109562278 
1375	-0.119377746952518 
1376	-7.25779818495107E-02 
1377	 0.121213730023844 
1378	 7.37874836620363E-02 
1379	-0.122691707601569 
1380	-0.03867755186274 
1381	-0.109484763138239 
1382	-0.192802811827634 
1383	 0.111792797641291 
1384	 0.348473500558669 
1385	 0.180693516363131 
1386	 0.104740438337005 
1387	 0.186137447352754 
1388	 0.126392626785014 
1389	-0.161520884014681 
1390	-0.294979755660671 
1391	-0.336613959394869 
1392	-0.428107531066286 
1393	-0.736039410240636 
1394	-0.986479051304957 
1395	-1.88950186091162 
1396	-1.05939731524886 
1397	-0.312779466295063 
1398	-0.142707837707335 
1399	 9.28175952613254E-02 
1400	 0.184739674986656 
1401	 0.146844494808697 
1402	 0.1122494735003 
1403	 2.28659528502492E-02 
1404	-8.49769199744919E-02 
1405	 2.06262302220245E-02 
1406	 0.668676924909801 
1407	 0.777745959741631 
1408	 0.178341486052255 
1409	 0.242179061792009 
1410	 0.492439699535271 
1411	 0.330963022350842 
1412	 0.239705772412211 
1413	 0.226027215799968 
1414	 4.41960342175299E-02 
1415	-2.56059930335052E-02 
1416	 5.55979601178757E-02 
1417	 8.57384979654653E-02 
1418	 0.058050583236682 
1419	 7.45052387777602E-02 
1420	 0.171242442490004 
1421	 0.160150392076147 
1422	 9.16361997034419E-02 
1423	 7.79331691504261E-02 
1424	 7.39904179370716E-02 
1425	 4.92815293470188E-02 
1426	 7.24249523168562E-03 
1427	 0.02411037896115 
1428	 9.41000058232916E-02 
1429	 0.071773771215763 
1430	 3.4321813904359E-03 
1431	 4.46404583910255E-03 
1432	-7.75777026145152E-03 
1433	-3.12220713111986E-02 
1434	-7.2541465785286E-03 
1435	 2.50290844228265E-02 
1436	 3.64971168733782E-02 
1437	 3.44250258773048E-02 
1438	 2.05615934026732E-02 
1439	 8.88590508333279E-03 
1440	 1.55171929098846E-02 
1441	 9.42453619425713E-03 
1442	 1.59403648191626E-02 
1443	 0.03150016915062 
1444	 1.58715371986569E-02 
1445	 8.3263341148291E-03 
1446	 2.40632272122025E-02 
1447	 2.18853012642537E-02 
1448	 1.50615348521036E-02 
1449	 0.008728577619318 
1450	 2.76610137101139E-03 
1451	 1.09657778892599E-02 
1452	 0.015008837977062 
1453	 9.92737414058462E-03 
1454	 8.16178793935284E-03 
1455	 5.25148170094435E-03 
1456	 6.16239381169505E-03 
1457	 8.65758903932615E-03 
1458	 8.30836631036664E-03 
1459	 8.3397633181319E-03 
1460	 8.91937324802552E-03 
1461	 6.69530935158875E-03 
1462	 7.70181618778234E-03 
1463	 1.34685690643262E-02 
1464	 1.47157543850766E-02 
1465	 1.56346426693744E-02 
1466	 1.50384952762514E-02 
1467	 7.95971663671149E-03 
1468	 7.80538382548466E-03 
1469	 0.012531015799119 
1470	 1.35676873245894E-02 
1471	 0.018894305381583 
1472	 1.68949944277919E-02 
1473	 3.82276261517184E-03 
1474	 4.60202655110753E-03 
1475	 1.24375195972228E-02 
1476	 1.23620030653072E-02 
1477	 0.014381096011645 
1478	 1.49451275400051E-02 
1479	 9.23744592033398E-03 
1480	 7.94921685265001E-03 
1481	 1.22517596821309E-02 
1482	 1.19252906810556E-02 
1483	 7.25125434158361E-03 
1484	 6.77094382546567E-03 
1485	 8.46186938287208E-03 
1486	 8.37876858245973E-03 
1487	 8.31314782699336E-03 
1488	 8.78157861986589E-03 
1489	 9.03864865075463E-03 
1490	 8.50951907251615E-03 
1491	 8.08025199528527E-03 
1492	 8.21215060641034E-03 
1493	 8.19922079881857E-03 
1494	 7.73825504538607E-03 
1495	 7.25718138935734E-03 
1496	 7.17851198176397E-03 
1497	 6.98163138458908E-03 
1498	 6.73988306563136E-03 
1499	 6.86726184462482E-03 
1500	 6.93463794088032E-03 
1501	 6.40868990153332E-03 
1502	 6.41653836722175E-03 
1503	 7.33079249317164E-03 
1504	 7.41956851562871E-03 
1505	 7.05233366886178E-03 
1506	 7.00959329518855E-03 
1507	 6.94878942305556E-03 
1508	 6.85383799422429E-03 
1509	 6.97384409447869E-03 
1510	 7.00217270187778E-03 
1511	 0.006687916409177 
1512	 6.26006894327423E-03 
1513	 0.006583729698605 
1514	 7.22178249594572E-03 
1515	 7.23177043528919E-03 
1516	 7.2126751207098E-03 
1517	 7.43821799586349E-03 
1518	 7.23763359855735E-03 
1519	 7.02938625745522E-03 
1520	 6.94171020600705E-03 
1521	 6.5383633512442E-03 
1522	 6.40335051326194E-03 
1523	 6.52059693732942E-03 
1524	 6.73562746493353E-03 
1525	 7.13413346545254E-03 
1526	 7.05832553968034E-03 
1527	 6.70142943036986E-03 
1528	 6.61628660214399E-03 
1529	 6.47347249426831E-03 
1530	 6.37085835867534E-03 
1531	 6.55880703016991E-03 
1532	 6.90673663564815E-03 
1533	 7.0515681657293E-03 
1534	 6.82914927385522E-03 
1535	 6.59828760316604E-03 
1536	 6.74177529316551E-03 
1537	 7.16216378446367E-03 
1538	 7.1404580985399E-03 
1539	 6.81716802468025E-03 
1540	 6.63725190196629E-03 
1541	 6.2793407118008E-03 
1542	 5.94041027273688E-03 
1543	 5.95499332908457E-03 
1544	 6.07506780671388E-03 
1545	 6.41815592100621E-03 
1546	 6.74396552763617E-03 
1547	 6.72738470530611E-03 
1548	 6.9552313267558E-03 
1549	 7.12742972499575E-03 
1550	 6.88466023665894E-03 
1551	 6.65515145288947E-03 
1552	 6.4601634078998E-03 
1553	 6.25154811286922E-03 
1554	 6.17029662382529E-03 
1555	 6.47798228993135E-03 
1556	 6.86797367444939E-03 
1557	 6.80220573281627E-03 
1558	 6.69371588490131E-03 
1559	 6.75720666006582E-03 
1560	 6.64433012886241E-03 
1561	 6.4334816410413E-03 
1562	 6.49445787392841E-03 
1563	 6.82665000873291E-03 
1564	 6.81003358923186E-03 
1565	 6.71394849235158E-03 
1566	 7.01260225552023E-03 
1567	 6.8475189961926E-03 
1568	 6.38069549499548E-03 
1569	 6.57894998655507E-03 
1570	 6.79632270647997E-03 
1571	 6.74481486954434E-03 
1572	 7.01607092605264E-03 
1573	 7.0459577913903E-03 
1574	 6.67889774084234E-03 
1575	 6.49860069804587E-03 
1576	 6.47377501460681E-03 
1577	 6.39581229571215E-03 
1578	 6.41794382276001E-03 
1579	 6.99055708203665E-03 
1580	 7.39442908768913E-03 
1581	 6.7659463032022E-03 
1582	 6.22945103147069E-03 
1583	 6.27102311084424E-03 
1584	 6.13167458610927E-03 
1585	 6.18539270117847E-03 
1586	 6.64798511385551E-03 
1587	 6.82968851927122E-03 
1588	 6.71192012288267E-03 
1589	 6.76839927864801E-03 
1590	 6.89656363119376E-03 
1591	 6.7418278688715E-03 
1592	 6.58982467996664E-03 
1593	 6.74483187109738E-03 
1594	 6.8351412114451E-03 
1595	 6.77342130445367E-03 
1596	 6.81378315690826E-03 
1597	 6.88147119514191E-03 
1598	 6.77120272515095E-03 
1599	 6.57855976394661E-03 
1600	 6.59478618225772E-03 
1601	 6.70439791382277E-03 
1602	 6.84441983082402E-03 
1603	 7.15980922899535E-03 
1604	 7.30534789683112E-03 
1605	 7.30023108270608E-03 
1606	 7.52520502691251E-03 
1607	 7.44510268516508E-03 
1608	 6.9725390599503E-03 
1609	 6.7609035132265E-03 
1610	 6.60401742900878E-03 
1611	 6.59797146247297E-03 
1612	 7.04703666861617E-03 
1613	 7.38959353166767E-03 
1614	 7.20137194315832E-03 
1615	 6.82974495428095E-03 
1616	 6.98078219938162E-03 
1617	 7.18813280696087E-03 
1618	 7.07802186630065E-03 
1619	 7.37923415065922E-03 
1620	 7.49418071059408E-03 
1621	 6.98034857745629E-03 
1622	 6.87652933694253E-03 
1623	 7.18761784610449E-03 
1624	 7.37462406209647E-03 
1625	 7.42241381508479E-03 
1626	 7.40730957524388E-03 
1627	 7.38195734758929E-03 
1628	 7.03068865476838E-03 
1629	 6.86754183390878E-03 
1630	 7.1210087722669E-03 
1631	 7.07554564758482E-03 
1632	 7.07707815102232E-03 
1633	 7.28397476623684E-03 
1634	 7.25809132809168E-03 
1635	 7.17937184098785E-03 
1636	 7.1974905108344E-03 
1637	 7.16398817094469E-03 
1638	 7.31857846511016E-03 
1639	 7.56921507023066E-03 
1640	 7.57677986266797E-03 
1641	 7.45976529309313E-03 
1642	 7.31924465987576E-03 
1643	 7.33766263963584E-03 
1644	 7.38622557412739E-03 
1645	 7.53237474329001E-03 
1646	 7.68379260717023E-03 
1647	 7.41018032376622E-03 
1648	 7.17141806236862E-03 
1649	 6.97408399950481E-03 
1650	 6.68006926155402E-03 
1651	 6.93774259530052E-03 
1652	 7.5515530913579E-03 
1653	 7.33199085864687E-03 
1654	 7.29839398376507E-03 
1655	 7.23480782096422E-03 
1656	 7.21579149052592E-03 
1657	 7.33348875144247E-03 
1658	 7.31942957752554E-03 
1659	 7.3980445318829E-03 
1660	 7.27944186206248E-03 
1661	 6.78869443142412E-03 
1662	 6.77496117033344E-03 
1663	 6.90223657076322E-03 
1664	 6.66198530536147E-03 
1665	 6.52968218644294E-03 
1666	 6.76707182644359E-03 
1667	 6.83643152123722E-03 
1668	 7.10612675496088E-03 
1669	 7.63604926675049E-03 
1670	 7.44327455201836E-03 
1671	 7.11582451922486E-03 
1672	 7.30264408665873E-03 
1673	 7.38806878959728E-03 
1674	 7.32664292495469E-03 
1675	 7.49211886164509E-03 
1676	 7.41222857833059E-03 
1677	 7.00340651893906E-03 
1678	 6.79784385740441E-03 
1679	 6.91736459179227E-03 
1680	 7.1121616436867E-03 
1681	 7.12542102594799E-03 
1682	 0.007299864298093 
1683	 7.4741138792158E-03 
1684	 7.44613430395396E-03 
1685	 7.61184853599538E-03 
1686	 7.72541651456896E-03 
1687	 7.62985819246549E-03 
1688	 7.42060465129225E-03 
1689	 7.33509811213872E-03 
1690	 7.69006211537461E-03 
1691	 7.75360782934554E-03 
1692	 7.41669777621774E-03 
1693	 7.35298979756689E-03 
1694	 6.97330543477304E-03 
1695	 6.61600995323862E-03 
1696	 6.71243769561897E-03 
1697	 6.84390789441898E-03 
1698	 7.15150526149485E-03 
1699	 6.94771346587215E-03 
1700	 6.80110619106312E-03 
1701	 7.40064301736074E-03 
1702	 7.16137915615275E-03 
1703	 6.48739309217474E-03 
1704	 6.75035954989013E-03 
1705	 7.06819303280284E-03 
1706	 7.24879249406675E-03 
1707	 7.83857621020157E-03 
1708	 8.32238927849038E-03 
1709	 8.22763045817889E-03 
1710	 8.04400429501035E-03 
1711	 8.31799857949233E-03 
1712	 8.27853912066965E-03 
1713	 6.74521091030301E-03 
1714	 6.77527093841861E-03 
1715	 8.12511479856226E-03 
1716	 8.25991392400036E-03 
1717	 8.64872827806788E-03 
1718	 8.68676925323846E-03 
1719	 7.39135409857727E-03 
1720	 7.34089867414127E-03 
1721	 8.27067544121522E-03 
1722	 8.01670175774814E-03 
1723	 7.81397459434637E-03 
1724	 7.91845185809649E-03 
1725	 7.37358312624786E-03 
1726	 7.5438863999677E-03 
1727	 8.34216853020092E-03 
1728	 8.30009690494767E-03 
1729	 7.89290361410775E-03 
1730	 7.56578596062646E-03 
1731	 7.03570335019477E-03 
1732	 6.95238328008465E-03 
1733	 7.25222934138992E-03 
1734	 7.28007645705514E-03 
1735	 0.007654852137187 
1736	 8.16819903275795E-03 
1737	 8.14651836221674E-03 
1738	 7.6383528671594E-03 
1739	 7.0668701056176E-03 
1740	 7.58655284106794E-03 
1741	 8.24801544874051E-03 
1742	 7.84835434108556E-03 
1743	 7.78237267394638E-03 
1744	 6.95232700725143E-03 
1745	 5.45470437469115E-03 
1746	 6.84847222827574E-03 
1747	 7.11044378855765E-03 
1748	 7.08441848823894E-03 
1749	 7.45456380412882E-03 
1750	 7.32516652121484E-03 
1751	 7.18425472598057E-03 
1752	 7.78121999906366E-03 
1753	 7.07493489211938E-03 
1754	 4.72547849076074E-03 
1755	 4.88705790715196E-03 
1756	 6.19864873127602E-03 
1757	 6.66375800775804E-03 
1758	 7.22901898168856E-03 
1759	 6.85042957616406E-03 
1760	 5.63928365546992E-03 
1761	 5.80519474109828E-03 
1762	 7.41093248508045E-03 
1763	 8.72893684352607E-03 
1764	 9.34966314561329E-03 
1765	 9.00076418017913E-03 
1766	 8.46130619052011E-03 
1767	 7.92153963962871E-03 
1768	 6.64052794316148E-03 
1769	 6.42721345505125E-03 
1770	 7.43060946777428E-03 
1771	 8.28956608097429E-03 
1772	 8.67749541685829E-03 
1773	 7.5013442359454E-03 
1774	 6.0612703882938E-03 
1775	 6.03640312528873E-03 
1776	 5.89125480268788E-03 
1777	 8.50583051041793E-03 
1778	 9.18300378205067E-03 
1779	 5.74989945745459E-03 
1780	 6.19906099047442E-03 
1781	 0.010101557808763 
1782	 1.08468001885894E-02 
1783	 1.32105332176208E-02 
1784	 1.26110332466871E-02 
1785	 4.98488086190688E-03 
1786	 4.64804096702349E-03 
1787	 9.36637948085053E-03 
1788	 8.98681954344344E-03 
1789	 1.13262958700309E-02 
1790	 6.11165919368475E-03 
1791	-4.05402149403537E-03 
1792	-4.67468950199288E-03 
1793	-0.013240330886786 
1794	-1.68136145003667E-02 
1795	-8.08258457380762E-03 
1796	-5.31807803537165E-03 
1797	 8.95597939377786E-03 
1798	 2.13923160695471E-02 
1799	 0.019534287543994 
1800	-9.41491190115264E-04 
1801	-9.8887915948233E-03 
1802	-2.18309903555645E-02 
1803	-2.37864063520679E-02 
1804	 1.82114312766961E-02 
1805	 3.96211765255521E-02 
1806	 5.88792519905536E-02 
1807	 8.04760507280715E-02 
1808	 7.13242659860066E-02 
1809	 7.96547426993497E-02 
1810	 0.103333477406968 
1811	 0.071981987492796 
1812	-3.87638406610245E-02 
1813	-5.90622574937524E-02 
1814	-3.10088265153011E-02 
1815	-0.102462414940984 
1816	-0.1929196337902 
1817	-0.31527679653362 
1818	-0.618405006290804 
1819	-1.06267655915864 
1820	 0.368510864136505 
1821	 3.27465093997667E-03 
1822	 4.20149093376535E-02 
1823	 0.21533819621334 
1824	 0.164037555680898 
1825	 0.054388479784337 
1826	 4.68428305989913E-02 
1827	-0.469109485933559 
1828	-0.641580763760825 
1829	 0.243565198111576 
1830	 0.295048295459087 
1831	 0.41694118941108 
1832	 1.54008530514877 
1833	 0.577304457876852 
1834	 0.210728348215293 
1835	-0.176935629990318 
1836	-0.346807089323751 
1837	-2.43268615109075 
1838	-6.19063951512717 
1839	-3.15452620649157 
1840	 2.39468930486628 
1841	 0.082048918275446 
1842	-0.305004598236191 
1843	-0.129094001052543 
1844	 0.388506993815879 
1845	 0.400014682357436 
1846	 0.976395930010157 
1847	 1.96367503712332 
1848	 1.00756057716558 
1849	-0.738287119962 
1850	-1.5644762869321 
1851	 1.14868220484264 
1852	 0.326462527093157 
1853	 0.32420292706922 
1854	 0.337495679143505 
1855	 0.112819912298238 
1856	 6.32366436290015E-02 
1857	 10.6223569243612 
1858	-2.65706111585233 
1859	 2.43588700613698 
1860	 1.40572065486077 
1861	 0.763102401661737 
1862	 1.06148308276683 
1863	-2.15386215982442 
1864	-1.06556496261786 
1865	-0.87130157286747 
1866	-1.52464773047506 
1867	-0.718005054769477 
1868	-0.954988667888299 
1869	-0.633205462078721 
1870	-0.572945286664819 
1871	 0.205652662910987 
1872	 0.481638345293101 
1873	-1.31043567314474 
1874	-2.85292926022034 
1875	 1.7003983126569 
1876	 2.63967689205942 
1877	-0.567934594281074 
1878	-0.298202147209042 
1879	-0.141870463921978 
1880	-0.379635148369429 
1881	-0.822940532357498 
1882	-0.848470517156401 
1883	-0.441830477755426 
1884	-0.237481032330778 
1885	 5.30058526329562E-02 
1886	 0.602835735375629 
1887	 0.533944489803201 
1888	 0.134032661650747 
1889	-5.51659842477127E-02 
1890	-1.27577675335728 
1891	 15.8131810166166 
1892	 3.26779160668498 
1893	 0.384093376352061 
1894	 1.80499699359788 
1895	 3.21496486499681 
1896	 1.5132999148318 
1897	 0.164282758550725 
1898	-1.0149708367415 
1899	-0.897898053506091 
1900	-0.28372745618344 
1901	 4.26629157341448 
1902	 4.04694381320895 
1903	 6.66411287872544 
1904	 17.2774524578951 
1905	 0.926198281453126 
1906	 0.290776557339168 
1907	-20.5428884975296 
1908	-0.71135027442069 
1909	 0.193505890823677 
1910	 0.189819087143748 
1911	-0.14825510166333 
1912	-0.405347435199146 
1913	-0.584544711766679 
1914	-0.929790262380044 
1915	-1.03185115488364 
1916	-0.11605588042481 
1917	 2.32300960628067 
1918	-3.2328778475025 
1919	-0.67663081207423 
1920	-1.771458465503 
1921	 3.8752506236473 
1922	 8.94980718797973E-02 
1923	 2.92105615372236 
1924	 0.633626917536293 
1925	 0.694140289931149 
1926	 0.528255124107856 
1927	-0.242255646310127 
1928	-0.848913810003875 
1929	-5.50375997248177E-02 
1930	 4.49806806492549E-03 
1931	-0.133554014888143 
1932	 0.157712342005237 
1933	-0.715752175749343 
1934	-1.65721283357697 
1935	-0.770637384031255 
1936	-0.70309537157152 
1937	-0.288685911156632 
1938	 0.54425116600149 
1939	 0.785958737640195 
1940	 1.19084985747154 
1941	 0.453224546840433 
1942	 0.232238344885526 
1943	 0.153793619973001 
1944	 8.61673280267545E-02 
1945	 0.201711589065018 
1946	 0.261603712534449 
1947	 0.186416687587433 
1948	 0.156601727472844 
1949	 7.73002103906628E-02 
1950	-8.06355171674022E-04 
1951	 3.31038713765157E-02 
1952	 0.018730160944248 
1953	-1.01255494602377E-02 
1954	-4.98543449840559E-02 
1955	-3.08681833022705E-02 
1956	-2.99234657182998E-02 
1957	-2.25297952723926E-02 
1958	-1.13796877041607E-03 
1959	 1.36128487041697E-02 
1960	 2.26727994017869E-02 
1961	 1.92202717123178E-02 
1962	 2.47235016811452E-02 
1963	 3.35128688645346E-02 
1964	 2.28026867886425E-02 
1965	 1.20887141379206E-02 
1966	 7.41805765712948E-03 
1967	 1.81444085329168E-03 
1968	-4.62874496269357E-04 
1969	-4.96468720466733E-04 
1970	 2.7305085804282E-03 
1971	 9.91606309375013E-03 
1972	 9.81352567953709E-03 
1973	 1.37957207837666E-02 
1974	 1.67207980537496E-02 
1975	 1.32396441874492E-02 
1976	 0.011150419615192 
1977	 8.20812009657605E-03 
1978	 4.14990681888375E-03 
1979	 1.64389175080886E-03 
1980	-8.07791596695258E-05 
1981	 1.14240642640891E-03 
1982	 1.38253012129774E-03 
1983	 2.69826047167009E-03 
1984	 6.30111620314277E-03 
1985	 4.46801486866649E-03 
1986	 1.91076832710402E-03 
1987	 2.2992642440589E-03 
1988	 2.44479317020475E-03 
1989	 3.96323304046861E-03 
1990	 4.91664336271377E-03 
1991	 2.08804556876555E-03 
1992	 1.27418708992284E-03 
1993	 0.002371463655237 
1994	 1.62466641679679E-03 
1995	 4.46331889218914E-04 
1996	 1.83735890922257E-03 
1997	 1.48721841129664E-03 
1998	-9.97650533433416E-04 
1999	 7.26807806999055E-04 
2000	 5.61844902683627E-03 
2001	 6.30575466257702E-03 
2002	 9.0347224291643E-05 
2003	-2.07788381198202E-06 
2004	-3.75132807871048E-03 
2005	-1.39760933072675E-02 
2006	-7.76301358280272E-03 
2007	 5.7587771599678E-04 
2008	 5.47024849680432E-03 
2009	 7.58724613007315E-03 
2010	 9.66995542987331E-03 
2011	 1.18969195659911E-02 
2012	 0.01034544248838 
2013	 8.56851794773404E-03 
2014	 1.46302953348155E-02 
2015	 1.91705677751485E-02 
2016	 1.14257736509652E-02 
2017	 6.70476247185999E-03 
2018	 2.49142356090279E-03 
2019	 2.32742800461336E-04 
2020	 6.82098080714068E-03 
2021	 9.98788210159156E-03 
2022	 9.60354035144794E-03 
2023	 1.07515685200203E-02 
2024	 9.32644540936749E-03 
2025	 4.00477767923667E-03 
2026	 1.92470598448265E-03 
2027	 6.68022700084161E-04 
2028	-1.28469126983224E-03 
2029	 3.95735164835332E-04 
2030	 0.002926033892702 
2031	 4.25564068193543E-03 
2032	 6.17637625777338E-03 
2033	 5.39201018145478E-03 
2034	 5.35844271543025E-03 
2035	 7.05069595943539E-03 
2036	 7.26878536865209E-03 
2037	 7.62561596023656E-03 
2038	 7.10010477769492E-03 
2039	 6.62788215025727E-03 
2040	 5.56660465648174E-03 
2041	 5.7007048093684E-03 
2042	 6.07605516685316E-03 
2043	 6.09339592028531E-03 
2044	 6.80100296639691E-03 
2045	 6.49726817383006E-03 
2046	 5.55999546041726E-03 
2047	 6.46286640699827E-03 
2048	 5.63418873606834E-03 
2049	 4.23357395479005E-03 
2050	 3.81818652900087E-03 
2051	 3.39874707968564E-03 
2052	 4.19228147053682E-03 
2053	 5.16979438936472E-03 
2054	 5.77140594168322E-03 
2055	 6.22260262064906E-03 
2056	 6.13526056924973E-03 
2057	 5.54619148744516E-03 
2058	 5.96717795621154E-03 
2059	 6.66146911484485E-03 
2060	 5.82535504779882E-03 
2061	 4.64982672518214E-03 
2062	 4.20600016074602E-03 
2063	 2.1731522332438E-03 
2064	 2.14784267984448E-03 
2065	 3.67634224062139E-03 
2066	 2.20654450515704E-03 
2067	 1.43895201854731E-03 
2068	 1.84473501235152E-03 
2069	 6.17144583069154E-04 
2070	 1.24426385953864E-03 
2071	 2.09787250220313E-03 
2072	 1.75599197353662E-03 
2073	 2.26489269451079E-03 
2074	 3.48451154473549E-03 
2075	 4.23959071826222E-03 
2076	 5.15242086598909E-03 
2077	 5.74853016458914E-03 
2078	 7.03536207129934E-03 
2079	 6.71335426557728E-03 
2080	 5.13226014038428E-03 
2081	 4.24580654609927E-03 
2082	 3.03404131423831E-03 
2083	 2.21037679012072E-03 
2084	 3.69018708122105E-03 
2085	 0.004648589897987 
2086	 5.08358541611923E-03 
2087	 5.25734234712532E-03 
2088	 4.62878733603064E-03 
2089	 3.97399188719673E-03 
2090	 2.60484640738337E-03 
2091	 1.57942486922576E-03 
2092	 1.63805837933688E-03 
2093	 3.45226547039665E-03 
2094	 3.15181615010312E-03 
2095	 1.68145907243489E-03 
2096	 1.69860006291442E-03 
2097	 1.39636249230575E-03 
2098	 9.14547197809907E-04 
2099	 5.30960195806578E-04 
2100	 3.12966691643016E-03 
2101	 3.48050698622199E-03 
2102	 2.47830805667235E-03 
2103	 4.65158674565509E-03 
2104	 5.85931048057064E-03 
2105	 5.81448788107666E-03 
2106	 6.21476857393632E-03 
2107	 4.86795432195902E-03 
2108	 4.08402888251239E-03 
2109	 0.004274985829712 
2110	 4.72048111854876E-03 
2111	 5.25614248739495E-03 
2112	 5.38952484556853E-03 
2113	 5.58867792551274E-03 
2114	 6.0438402159448E-03 
2115	 5.00431288891217E-03 
2116	 2.36612571934794E-03 
2117	 2.03807637562287E-03 
2118	 1.65942254715681E-03 
2119	 1.22690005829357E-03 
2120	 2.34416842568521E-03 
2121	 3.59597883233869E-03 
2122	 3.06464550923901E-03 
2123	 3.1531681530196E-03 
2124	 0.003293050988317 
2125	 3.28616404916714E-03 
2126	 3.63307951059108E-03 
2127	 3.27829248990657E-03 
2128	 3.1331474990549E-03 
2129	 4.06657301482696E-03 
2130	 3.94786642090288E-03 
2131	 2.8989347921705E-03 
2132	 2.75666302904901E-03 
2133	 2.85302712259452E-03 
2134	 3.7404274849677E-03 
2135	 5.46859310456641E-03 
2136	 6.5602071786744E-03 
2137	 8.79109625899514E-03 
2138	 9.47520012972343E-03 
2139	 8.24423936101008E-03 
2140	 8.30029761482866E-03 
2141	 8.80202784179311E-03 
2142	 8.66901264016794E-03 
2143	 8.62242822505268E-03 
2144	 8.36145823182225E-03 
2145	 7.49184940989905E-03 
2146	 7.44599187187206E-03 
2147	 5.73667867907085E-03 
2148	 5.16968288161257E-03 
2149	 6.26592497045831E-03 
2150	 5.58774464960889E-03 
2151	 5.8643323557991E-03 
2152	 7.40541961702864E-03 
2153	 7.65841137536061E-03 
2154	 7.15648034006809E-03 
2155	 6.96709671564988E-03 
2156	 6.2860867558259E-03 
2157	 6.64957186700038E-03 
2158	 7.91458562570298E-03 
2159	 7.91089399159294E-03 
2160	 7.72782211603756E-03 
2161	 7.91602730160026E-03 
2162	 7.30652637002892E-03 
2163	 6.9428788061767E-03 
2164	 7.65511358360204E-03 
2165	 7.91927084058162E-03 
2166	 7.54887764562535E-03 
2167	 6.87476778300321E-03 
2168	 5.7858796646796E-03 
2169	 5.41377685884445E-03 
2170	 5.23591909592992E-03 
2171	 4.39607416140822E-03 
2172	 4.94352139165029E-03 
2173	 5.47838764035563E-03 
2174	 3.22039233032756E-03 
2175	 1.94175239252162E-03 
2176	 1.87120088879121E-03 
2177	 1.86474541699209E-03 
2178	 3.36699499342244E-03 
2179	 5.70999006113588E-03 
2180	 7.34821131093365E-03 
2181	 7.36819559779027E-03 
2182	 6.55212774362051E-03 
2183	 6.00697682784114E-03 
2184	 4.61185665547052E-03 
2185	 4.39396407057481E-03 
2186	 3.8641920805815E-03 
2187	 2.49699446525028E-03 
2188	 3.84398786986447E-03 
2189	 8.03612118113272E-03 
2190	 8.5530732311119E-03 
2191	 1.14775267766054E-02 
2192	 1.08156053716422E-02 
2193	 2.55388897575443E-03 
2194	 2.32532865141706E-05 
2195	-9.60732402661055E-04 
2196	-1.39933307112351E-03 
2197	 1.4403071617988E-03 
2198	 2.95377093539529E-03 
2199	 5.0182067381145E-03 
2200	 5.47978313103884E-03 
2201	 3.4890305500109E-03 
2202	 3.56692900692946E-03 
2203	 5.44997261804796E-03 
2204	 7.25945674733375E-03 
2205	 9.6006443857795E-03 
2206	 9.37449638161464E-03 
2207	 5.32338350213853E-03 
2208	 1.93544404560709E-03 
2209	 2.73762321618103E-03 
2210	 4.82077755665781E-03 
2211	 4.70008747371246E-03 
2212	 3.22889160361928E-03 
2213	 1.19564399431025E-03 
2214	-5.74581344537231E-05 
2215	 1.49348580957857E-03 
2216	 2.85416763811093E-03 
2217	 2.87146348107997E-03 
2218	 9.81644409379442E-04 
2219	 1.96535465981182E-03 
2220	 3.58399308767482E-03 
2221	 4.93086040894676E-03 
2222	 7.90314098085416E-03 
2223	 9.25455560311681E-03 
2224	 1.06100073026417E-02 
2225	 1.03759431715144E-02 
2226	 7.84551588952066E-03 
2227	 7.5885832722999E-03 
2228	 7.18928724472084E-03 
2229	 6.0148890205786E-03 
2230	 6.82012080469649E-03 
2231	 6.96016559503417E-03 
2232	 5.00996157977589E-03 
2233	 3.73607085314455E-03 
2234	 3.65182473323189E-03 
2235	 1.90654485268628E-03 
2236	 6.23908829579588E-04 
2237	-5.77955136710146E-04 
2238	-6.62191346116812E-04 
2239	 1.03472802437936E-03 
2240	 2.83806379932235E-03 
2241	 4.16982618916434E-03 
2242	 5.37798083729719E-03 
2243	 5.99088467591384E-03 
2244	 3.40257984318407E-03 
2245	 1.21043717502589E-03 
2246	 1.83516481191127E-03 
2247	 2.71424239601596E-03 
2248	 2.13739985020266E-03 
2249	 1.55684769651095E-03 
2250	 4.32762625167446E-03 
2251	 6.46205990499113E-03 
2252	 6.46415243071219E-03 
2253	 8.08968767458308E-03 
2254	 7.53730851259947E-03 
2255	 4.61648640370963E-03 
2256	 3.39465791779683E-03 
2257	 3.1316223755092E-03 
2258	 2.6904679931224E-03 
2259	-1.40619080280757E-03 
2260	-2.44996682694189E-03 
2261	-3.70174834826242E-04 
2262	 1.84977113274442E-03 
2263	 7.11470478799153E-03 
2264	 7.27498351509849E-03 
2265	 4.69512902739475E-03 
2266	 4.53747647872631E-03 
2267	-1.16112341156013E-03 
2268	-1.23626108801354E-03 
2269	 8.72855860784633E-03 
2270	 9.8457857910344E-03 
2271	 7.56721966534984E-03 
2272	 6.78645455822845E-03 
2273	 1.48341250248697E-03 
2274	-3.07053979371275E-03 
2275	-7.17616241692871E-03 
2276	-8.77826453154815E-03 
2277	-9.09429689064767E-03 
2278	-8.93489693746087E-03 
2279	-7.47978969783776E-03 
2280	-6.5389992883177E-03 
2281	-4.97621127984551E-03 
2282	-5.50704758081937E-03 
2283	-6.73555565891418E-03 
2284	 3.27758920943319E-04 
2285	 4.24791539013416E-03 
2286	 2.13903273428396E-03 
2287	 2.41277630986019E-03 
2288	 9.65149246221559E-04 
2289	-2.77681451150717E-03 
2290	 4.54340985635986E-04 
2291	 6.90696477069688E-03 
2292	 1.02779482252174E-02 
2293	 1.27344682743208E-02 
2294	 1.33118711229621E-02 
2295	 1.01224032386983E-02 
2296	 7.46429377146607E-03 
2297	 5.90376025099928E-03 
2298	-4.82290456310881E-04 
2299	-9.58302102551233E-03 
2300	-1.17966645404626E-02 
2301	-1.37494140093472E-02 
2302	-1.16644676702561E-02 
2303	-1.17562344478964E-03 
2304	-1.48820690014861E-03 
2305	-8.85624406920807E-05 
2306	 5.0447974969373E-03 
2307	 4.28947161267752E-03 
2308	 9.02630487064121E-03 
2309	 6.70136462074361E-03 
2310	 4.81134267236563E-03 
2311	 1.34257375758079E-02 
2312	 1.52391628043207E-02 
2313	 2.09544485413075E-02 
2314	 0.027523865205061 
2315	 2.15301148076984E-02 
2316	 1.69080503329404E-02 
2317	 1.61709206251491E-02 
2318	 1.75180405460438E-02 
2319	 1.66829279781896E-02 
2320	 0.010205819755702 
2321	 6.90988280888243E-03 
2322	 8.65965788592263E-04 
2323	-5.95273887816878E-03 
2324	-6.76328946777974E-03 
2325	-1.13838969589767E-02 
2326	-0.013743648612251 
2327	-3.55040945795984E-03 
2328	 1.08514830022695E-02 
2329	 1.94207967662362E-02 
2330	 1.64201572398763E-02 
2331	 7.07702524865524E-03 
2332	 2.28102950277437E-04 
2333	-7.01713867266911E-03 
2334	-6.49058139084206E-03 
2335	 1.2517772587491E-03 
2336	-1.64892224197322E-03 
2337	-4.69644434037067E-03 
2338	-1.21285278972166E-03 
2339	-9.24291397221403E-04 
2340	-9.80326323115342E-04 
2341	-8.0272138147848E-03 
2342	-6.0237676720247E-03 
2343	 4.53695281009121E-03 
2344	 1.72173645865626E-03 
2345	 1.65643352523161E-02 
2346	 2.69697541602485E-02 
2347	 4.8859691501689E-03 
2348	-9.06134487154076E-03 
2349	-9.46243497563104E-03 
2350	-8.3122756953787E-03 
2351	 1.35944287330132E-03 
2352	 2.09447918442051E-02 
2353	 0.017907030682443 
2354	 1.50121084358326E-02 
2355	 2.04975260967497E-02 
2356	 8.62615352943839E-03 
2357	 7.98386936277163E-03 
2358	-4.41049951847961E-03 
2359	-2.54061572819638E-02 
2360	-2.34137650852911E-02 
2361	-1.66954754242112E-02 
2362	 1.03555305638787E-03 
2363	 0.011220010204202 
2364	 8.27639672144608E-03 
2365	 9.44636455616513E-03 
2366	 1.21709270071197E-02 
2367	 3.64175150062951E-02 
2368	 4.08010745096132E-02 
2369	 5.40983264528396E-03 
2370	-2.85276632306111E-02 
2371	-7.94914337546609E-02 
2372	-8.93614838311469E-02 
2373	-3.47237388741429E-02 
2374	-0.015401036700352 
2375	-6.67141133023875E-03 
2376	-2.95180437572789E-02 
2377	-8.05473680073097E-02 
2378	-0.09170533901914 
2379	-9.04789175869247E-02 
2380	-5.31420707423295E-02 
2381	-2.33989303426896E-03 
2382	 1.39539123944744E-02 
2383	-1.77655303920738E-02 
2384	-2.67943106906137E-02 
2385	-2.01743577528998E-02 
2386	-5.96346149799108E-02 
2387	-0.013803123760883 
2388	 5.57548166926495E-02 
2389	 5.01453969025486E-02 
2390	 5.16120165748495E-02 
2391	 3.39397092985488E-02 
2392	-1.23719874575959E-02 
2393	-3.53340875732686E-02 
2394	 1.46040754750401E-02 
2395	 8.87687438754486E-03 
2396	-8.13755069809489E-02 
2397	-5.53011434157782E-02 
2398	-3.07346778441034E-02 
2399	-4.08540526349365E-02 
2400	 2.63237579098681E-02 
2401	 5.01312565484514E-03 
2402	-0.037633579042997 
2403	-8.18402078175065E-03 
2404	-8.05517227237377E-02 
2405	-0.13870000461213 
2406	-0.131185033281658 
2407	-0.203698094678913 
2408	-0.144583092030905 
2409	 3.09258446463676E-02 
2410	-1.19808103392019E-02 
2411	-1.73705784295753E-02 
2412	 0.093121332135054 
2413	 5.03877848607132E-02 
2414	 4.66170335498601E-02 
2415	-0.173977704223129 
2416	-0.493440321009221 
2417	-0.774937417242631 
2418	-1.09145050921728 
2419	-0.755511885728814 
2420	-0.388243100503119 
2421	-0.32397680420643 
2422	-0.243632797091355 
2423	-4.58593001274066E-02 
2424	-9.46513733309191E-02 
2425	-6.32193014115282E-02 
2426	-9.43677202025354E-02 
2427	-0.2923316333243 
2428	-0.281087806380825 
2429	-0.253254069651444 
2430	-0.243524884817521 
2431	-0.177329478042734 
2432	-0.328248738784264 
2433	-0.38681214690254 
2434	-0.018170889010309 
2435	-0.49901076467166 
2436	-0.464554230191894 
2437	-0.345988339251774 
2438	-0.424332026644378 
2439	-0.110240202279425 
2440	 0.123534142697242 
2441	 4.45560485483552E-02 
2442	-8.37244128139562E-03 
2443	 2.09592685809317E-02 
2444	 0.209453030772797 
2445	-2.87436909866853E-02 
2446	-0.476401550969908 
2447	-0.45206861870085 
2448	-0.619516064996997 
2449	-0.643810756653019 
2450	-0.769135810351938 
2451	-1.48758359699264 
2452	-2.01050074686992 
2453	-5.64568226456263 
2454	 9.2053705710621 
2455	 2.5835966698091 
2456	 3.85462083257386 
2457	 2.63791200320003 
2458	 0.366092371193404 
2459	 0.108385662525656 
2460	-6.57746386366411E-02 
2461	 5.14848095824557 
2462	-0.976104170876972 
2463	-0.848309464020853 
2464	-1.41095852773741 
2465	-2.56370648721972 
2466	-3.90422235120568 
2467	-13.5850834056889 
2468	 2.54456608576234 
2469	 1.49454022714098 
2470	 2.11891065488721 
2471	 1.84117804145968 
2472	 3.18888433072241 
2473	-9.01032429176404 
2474	 11.2321473556718 
2475	 13.7707469443009 
2476	-2.7449954342927 
2477	 1.86215311544372 
2478	 0.421652910646989 
2479	 2.17485213062444 
2480	 3.8680263127817 
2481	 1.11627899578772 
2482	 1.59297212743373E-02 
2483	 1.59146811389308 
2484	-0.295935747475654 
2485	 1.39400724722913 
2486	-4.31298008603209 
2487	-3.80964746211669 
2488	 2.99688250946052 
2489	 1.26556586916962 
2490	-1.05970427873539E-02 
2491	-0.287302963465475 
2492	-0.448089108134072 
2493	 0.134013146258328 
2494	 4.94986356951209E-02 
2495	-1.32947396785169 
2496	-0.645662519948439 
2497	-0.28632787595281 
2498	 12.6826446806905 
2499	 7.7888302235352 
2500	 26.7029244723673 
