Wavelength	rt0716clean00009.asd
350	 3.16083631361483E-02 
351	 2.99175724192174E-02 
352	 2.92881360458294E-02 
353	 2.91940416858217E-02 
354	 2.89971142553744E-02 
355	 2.92327405960846E-02 
356	 2.97015302387225E-02 
357	 2.97306730699711E-02 
358	 2.89432378570847E-02 
359	 2.86236659101812E-02 
360	 2.87034311146345E-02 
361	 2.90646470912714E-02 
362	 2.95142323786754E-02 
363	 2.91975034872807E-02 
364	 2.88557927354411E-02 
365	 2.88983542531998E-02 
366	 2.89531788172497E-02 
367	 2.85812848564945E-02 
368	 2.84717615309874E-02 
369	 2.90608120612941E-02 
370	 2.88059397924924E-02 
371	 2.89713618887235E-02 
372	 2.94559942788504E-02 
373	 2.94069850533659E-02 
374	 0.02898175254353 
375	 2.88063548480153E-02 
376	 2.91923972750777E-02 
377	 2.99409817466761E-02 
378	 2.94906330846021E-02 
379	 2.88694885265969E-02 
380	 2.91000358679892E-02 
381	 2.91358895072613E-02 
382	 0.029344280890673 
383	 2.97332572501597E-02 
384	 3.00934945659637E-02 
385	 3.00014110927046E-02 
386	 2.95831001853002E-02 
387	 2.94295448441049E-02 
388	 3.04549953955065E-02 
389	 3.05588304046551E-02 
390	 3.03109415563832E-02 
391	 3.04713968069485E-02 
392	 3.09846154791734E-02 
393	 3.09030729984966E-02 
394	 3.06742674200561E-02 
395	 3.10251059738814E-02 
396	 3.12192978368388E-02 
397	 3.11032829581945E-02 
398	 3.10369610926247E-02 
399	 3.16765481514372E-02 
400	 3.15702993295563E-02 
401	 3.13455113898535E-02 
402	 3.15306641969475E-02 
403	 3.17306206291597E-02 
404	 0.031944364843165 
405	 3.20582064012776E-02 
406	 3.19952383938956E-02 
407	 3.20263646866044E-02 
408	 3.21810361395287E-02 
409	 3.24129019228861E-02 
410	 3.26175505542965E-02 
411	 3.25606297423661E-02 
412	 3.25430841536045E-02 
413	 3.27673075116428E-02 
414	 0.0329974745015 
415	 3.31351463817014E-02 
416	 3.31974632930904E-02 
417	 3.32822512016985E-02 
418	 0.033615325022255 
419	 3.37613476609352E-02 
420	 3.37357900203133E-02 
421	 3.40551093110941E-02 
422	 3.41506917412552E-02 
423	 0.034318955719771 
424	 3.47714665232578E-02 
425	 3.50154569376034E-02 
426	 3.51137901159248E-02 
427	 3.52630976757586E-02 
428	 3.56546534181763E-02 
429	 3.58988208409884E-02 
430	 3.61570319816622E-02 
431	 3.64884138177274E-02 
432	 3.67769146398231E-02 
433	 3.72253574130918E-02 
434	 3.75121589719449E-02 
435	 3.74938990942425E-02 
436	 0.037862580631016 
437	 3.83024547541893E-02 
438	 0.038631860653259 
439	 3.87921599506307E-02 
440	 3.91081283766265E-02 
441	 3.94659074684541E-02 
442	 3.97618759930864E-02 
443	 3.99794727556258E-02 
444	 4.02214863893343E-02 
445	 4.04535573307998E-02 
446	 4.06502857137096E-02 
447	 4.09979520623772E-02 
448	 4.12119362476465E-02 
449	 4.13444107957882E-02 
450	 4.16712284168147E-02 
451	 4.19079174390471E-02 
452	 4.20477963496707E-02 
453	 4.21462926476658E-02 
454	 4.22957200482255E-02 
455	 4.24390549904758E-02 
456	 4.25997786591995E-02 
457	 4.27944553182979E-02 
458	 4.28688845741951E-02 
459	 4.28933853107051E-02 
460	 4.29528989435476E-02 
461	 4.31246532713568E-02 
462	 4.32560986762595E-02 
463	 4.33898563979476E-02 
464	 4.35450072696627E-02 
465	 4.35463951183144E-02 
466	 4.36645368927283E-02 
467	 4.38480174830998E-02 
468	 4.39126839961926E-02 
469	 4.39837896591969E-02 
470	 4.41008215041453E-02 
471	 4.42577335972803E-02 
472	 4.43986771225666E-02 
473	 4.45619761645964E-02 
474	 4.47355205254913E-02 
475	 4.49098434631762E-02 
476	 4.51439072801907E-02 
477	 4.52643925780538E-02 
478	 4.53317668164726E-02 
479	 4.55536136270546E-02 
480	 4.58435374151328E-02 
481	 4.61380967570354E-02 
482	 4.63896235944818E-02 
483	 4.65664301336766E-02 
484	 4.67917567575128E-02 
485	 0.047096886565171 
486	 4.74371977987348E-02 
487	 4.75932847541752E-02 
488	 4.78280260178741E-02 
489	 4.81708099784669E-02 
490	 4.84144008371858E-02 
491	 4.87338291334405E-02 
492	 4.90911942664319E-02 
493	 4.94463425252847E-02 
494	 4.98822487003448E-02 
495	 0.05026428455373 
496	 0.050599111966564 
497	 5.09671237772098E-02 
498	 5.13879240399065E-02 
499	 5.17996248534783E-02 
500	 5.21866781592576E-02 
501	 5.26187128639628E-02 
502	 5.30299551220469E-02 
503	 5.34503218897928E-02 
504	 5.39057521099824E-02 
505	 5.42812654001499E-02 
506	 5.46969224999849E-02 
507	 5.51836968958261E-02 
508	 5.56930060429827E-02 
509	 0.056184252335922 
510	 5.66004535255615E-02 
511	 5.69609170832568E-02 
512	 5.74653323015012E-02 
513	 5.79493043867464E-02 
514	 5.85022650644515E-02 
515	 0.059248393235785 
516	 5.97974307925348E-02 
517	 6.03122112511414E-02 
518	 6.08958105335012E-02 
519	 6.15138624185856E-02 
520	 6.20469371652105E-02 
521	 0.062627064024037 
522	 6.33311267278226E-02 
523	 6.38074684471608E-02 
524	 6.44278172751108E-02 
525	 6.51941151132537E-02 
526	 6.58570881967293E-02 
527	 6.65270194349283E-02 
528	 0.067225554677439 
529	 6.79258661630778E-02 
530	 6.85249314864596E-02 
531	 6.91277865245451E-02 
532	 0.069811630287678 
533	 7.06084735176913E-02 
534	 7.13744034897641E-02 
535	 7.21154676606482E-02 
536	 7.28458742476479E-02 
537	 7.35711300046333E-02 
538	 7.43504528553451E-02 
539	 7.51471181745133E-02 
540	 7.59078501890181E-02 
541	 0.07659375559866 
542	 7.73886515052226E-02 
543	 7.82303916415081E-02 
544	 7.89326098908508E-02 
545	 7.97191095964627E-02 
546	 8.05042663676849E-02 
547	 8.12473562117447E-02 
548	 8.20758379811797E-02 
549	 0.082895295860702 
550	 8.36691775378261E-02 
551	 8.43902966031286E-02 
552	 8.50778940728421E-02 
553	 8.58422446708796E-02 
554	 8.66601436030469E-02 
555	 8.73561639289061E-02 
556	 8.81153720281036E-02 
557	 8.89048203994963E-02 
558	 8.96529040251242E-02 
559	 9.03711586331124E-02 
560	 9.10586006140755E-02 
561	 9.17272262934436E-02 
562	 9.23972003745401E-02 
563	 0.093054017031557 
564	 9.36351613060328E-02 
565	 9.41407605352548E-02 
566	 9.47013319426283E-02 
567	 9.52854436306069E-02 
568	 9.58461214162219E-02 
569	 0.096339328606488 
570	 9.68069595678887E-02 
571	 9.73068663024134E-02 
572	 9.78127997247882E-02 
573	 9.82100511963962E-02 
574	 9.85212098082448E-02 
575	 9.88846029302087E-02 
576	 9.93565438970412E-02 
577	 9.96587577767459E-02 
578	 9.99074401252627E-02 
579	 0.100146110441023 
580	 0.100374690134145 
581	 0.100616028018647 
582	 0.100771912924457 
583	 0.100835131265272 
584	 0.100998213005851 
585	 0.101009840438205 
586	 0.100887365092004 
587	 0.100760873653451 
588	 0.100800488641314 
589	 0.100790898016201 
590	 0.100680570303552 
591	 0.100616707917385 
592	 0.100454962514279 
593	 0.100301370442939 
594	 0.100211822727934 
595	 9.99415934382822E-02 
596	 9.95447356765871E-02 
597	 9.90853136561278E-02 
598	 9.86321882882132E-02 
599	 9.81629545546926E-02 
600	 9.77137773206049E-02 
601	 9.73592539627352E-02 
602	 9.72388730280237E-02 
603	 9.70563987346391E-02 
604	 9.69199492383618E-02 
605	 9.69941855829558E-02 
606	 9.70054793274512E-02 
607	 9.70195255489693E-02 
608	 9.70629454569541E-02 
609	 9.71060454135922E-02 
610	 9.71379642018257E-02 
611	 9.71667160618199E-02 
612	 9.71991342936868E-02 
613	 9.72236362663316E-02 
614	 9.72472360504723E-02 
615	 9.72565844826293E-02 
616	 9.72371260641028E-02 
617	 9.72695236644275E-02 
618	 9.72867589051087E-02 
619	 9.72592659353285E-02 
620	 9.72402940334709E-02 
621	 9.72493452281473E-02 
622	 9.72569175321021E-02 
623	 9.72411111870591E-02 
624	 9.73236636508004E-02 
625	 9.72936869821772E-02 
626	 0.097164674282192 
627	 9.71691179764183E-02 
628	 9.72829361825426E-02 
629	 9.73255294322861E-02 
630	 9.72257073819587E-02 
631	 0.097281777525881 
632	 9.72563086679373E-02 
633	 9.71926425108003E-02 
634	 9.72377317034173E-02 
635	 9.72292083618103E-02 
636	 9.72817392249926E-02 
637	 9.73997966119504E-02 
638	 9.73998271832417E-02 
639	 9.73286277207592E-02 
640	 9.72239854228494E-02 
641	 9.71385366097598E-02 
642	 9.71654288724582E-02 
643	 0.097187037213525 
644	 9.71303465702083E-02 
645	 9.69721097738677E-02 
646	 9.68339904659384E-02 
647	 9.67887860455963E-02 
648	 0.096805310851311 
649	 9.66396754352802E-02 
650	 9.64950311140034E-02 
651	 9.63859904835692E-02 
652	 9.62421784485727E-02 
653	 0.095900410269569 
654	 9.55947472610044E-02 
655	 9.53203652727611E-02 
656	 9.47592136178795E-02 
657	 9.43296289056321E-02 
658	 9.40074543263845E-02 
659	 9.36936282055897E-02 
660	 9.34097334165683E-02 
661	 9.30957862852366E-02 
662	 0.092830837414299 
663	 9.27487561199676E-02 
664	 9.25248397843638E-02 
665	 9.23476066094692E-02 
666	 9.22882801378877E-02 
667	 9.20923785234799E-02 
668	 9.19539428973539E-02 
669	 9.18867040987468E-02 
670	 9.18556332448618E-02 
671	 9.19047190773481E-02 
672	 9.18352826571603E-02 
673	 9.17006120869406E-02 
674	 9.17812166810374E-02 
675	 9.19027801064872E-02 
676	 9.19947605213342E-02 
677	 0.092045102078751 
678	 9.21336645244853E-02 
679	 9.22577255238707E-02 
680	 9.23962282078634E-02 
681	 9.25271082036389E-02 
682	 9.27094039072066E-02 
683	 9.28729340619727E-02 
684	 9.29997080195646E-02 
685	 9.31692547957443E-02 
686	 0.09331848426793 
687	 9.33810781829645E-02 
688	 9.33583451999338E-02 
689	 9.34379243767451E-02 
690	 9.33697280962015E-02 
691	 9.32105944919153E-02 
692	 9.31759255218061E-02 
693	 9.30732094182615E-02 
694	 9.27661152748939E-02 
695	 9.23478982125804E-02 
696	 0.092189437135822 
697	 9.18542517562959E-02 
698	 9.12529147073159E-02 
699	 9.04979063475362E-02 
700	 8.99421120224334E-02 
701	 8.94764285233892E-02 
702	 8.89250946373588E-02 
703	 8.81051314149185E-02 
704	 8.73509375345356E-02 
705	 8.65914760673815E-02 
706	 8.57669939982662E-02 
707	 8.49400910882575E-02 
708	 8.38774927526137E-02 
709	 8.26794002517475E-02 
710	 0.081536181962694 
711	 8.03717806616688E-02 
712	 7.90032780860196E-02 
713	 7.74642230684129E-02 
714	 7.59727078252613E-02 
715	 7.43386374757169E-02 
716	 7.26550493497777E-02 
717	 7.11069521116433E-02 
718	 6.90198510137657E-02 
719	 6.70898846363841E-02 
720	 6.55309841796081E-02 
721	 6.39300088224576E-02 
722	 6.24826169249372E-02 
723	 6.06388346609791E-02 
724	 5.85200967933527E-02 
725	 0.056682493661795 
726	 5.47644924776659E-02 
727	 5.26069989384849E-02 
728	 5.02212529581007E-02 
729	 0.047900140403318 
730	 4.53462002056424E-02 
731	 4.28604589396081E-02 
732	 4.07610694983873E-02 
733	 3.89590661733594E-02 
734	 3.74284814367372E-02 
735	 3.61666904851751E-02 
736	 3.51479276147542E-02 
737	 3.42543177649263E-02 
738	 3.35608220753411E-02 
739	 3.31430341083915E-02 
740	 3.29044100858677E-02 
741	 3.26509968377754E-02 
742	 3.24273953895489E-02 
743	 3.23822657235517E-02 
744	 3.24129520923625E-02 
745	 3.23736550343287E-02 
746	 3.22385438972862E-02 
747	 3.21436441084582E-02 
748	 0.03207970392217 
749	 3.21108674012746E-02 
750	 3.22435128871183E-02 
751	 3.22760010258951E-02 
752	 3.21841419432772E-02 
753	 3.20985320090104E-02 
754	 3.21906682899922E-02 
755	 3.21964873781453E-02 
756	 3.22594512785489E-02 
757	 3.23632575748267E-02 
758	 3.21428537489332E-02 
759	 3.21450202037583E-02 
760	 3.23740061978472E-02 
761	 3.23771128868901E-02 
762	 3.26859971217725E-02 
763	 3.25629417865491E-02 
764	 3.24525423800169E-02 
765	 3.28367854912658E-02 
766	 3.29492670073405E-02 
767	 3.30361310625731E-02 
768	 3.32030035064425E-02 
769	 3.34039633042217E-02 
770	 3.35535542569289E-02 
771	 3.37295398736282E-02 
772	 0.033995700937305 
773	 3.43103229666293E-02 
774	 3.44190509519319E-02 
775	 3.45403103568451E-02 
776	 3.49916984721993E-02 
777	 3.52853021442089E-02 
778	 3.56270633100877E-02 
779	 3.60036319215281E-02 
780	 3.61649322092749E-02 
781	 3.64847987457099E-02 
782	 3.68964320180773E-02 
783	 3.72914419845997E-02 
784	 0.03765363545678 
785	 0.038127247681662 
786	 3.86148240072687E-02 
787	 3.89785970435038E-02 
788	 3.93975287522735E-02 
789	 3.98013927969455E-02 
790	 0.040153753197498 
791	 0.040482282792764 
792	 4.10130019551774E-02 
793	 0.041537610679973 
794	 4.19341649655341E-02 
795	 4.22971751139332E-02 
796	 4.26672595344645E-02 
797	 4.30554142353057E-02 
798	 4.34685154319829E-02 
799	 4.39075162663767E-02 
800	 4.42133733454879E-02 
801	 4.44499759886942E-02 
802	 4.47706058475977E-02 
803	 4.48890077824826E-02 
804	 4.50743009570128E-02 
805	 4.53201720775314E-02 
806	 4.52918217282019E-02 
807	 4.52293051441771E-02 
808	 4.51768328599217E-02 
809	 4.51233270530972E-02 
810	 4.50211381607478E-02 
811	 4.47692645625745E-02 
812	 4.44809096525276E-02 
813	 4.43199814941591E-02 
814	 0.044067146050887 
815	 4.34944849129123E-02 
816	 4.27312619607423E-02 
817	 4.21555523623867E-02 
818	 4.16722196863996E-02 
819	 4.10272421562226E-02 
820	 4.01243260414874E-02 
821	 0.03909739377996 
822	 3.80091996526908E-02 
823	 3.68658845537046E-02 
824	 3.55805674193285E-02 
825	 3.36919881902554E-02 
826	 3.21560313363339E-02 
827	 0.030693723545163 
828	 2.88005943405804E-02 
829	 2.71137962248089E-02 
830	 2.55624625282323E-02 
831	 2.42145977719153E-02 
832	 2.32491591981572E-02 
833	 2.22399466225397E-02 
834	 2.14957264283423E-02 
835	 2.10795934264892E-02 
836	 2.06536529367076E-02 
837	 2.00659011236504E-02 
838	 1.95693344825205E-02 
839	 1.93170804623363E-02 
840	 1.89670405247322E-02 
841	 1.86666060410546E-02 
842	 1.84247184632092E-02 
843	 1.82042498393591E-02 
844	 1.79774574501107E-02 
845	 1.77943546164183E-02 
846	 1.76039874375194E-02 
847	 1.73039645884425E-02 
848	 1.69979925816181E-02 
849	 1.67953327859594E-02 
850	 1.66298041911775E-02 
851	 1.62392917537069E-02 
852	 1.60466646981337E-02 
853	 1.60419879436715E-02 
854	 1.59975051762938E-02 
855	 1.54483730367485E-02 
856	 1.52102880391101E-02 
857	 1.51443799504039E-02 
858	 1.49351361621967E-02 
859	 1.46666663814847E-02 
860	 1.45367167039775E-02 
861	 1.44935853979028E-02 
862	 0.014352134258649 
863	 1.40212824411343E-02 
864	 1.37242133573155E-02 
865	 1.35480205082952E-02 
866	 1.34260057951297E-02 
867	 1.33691099404623E-02 
868	 1.32914904975453E-02 
869	 1.31495636290745E-02 
870	 1.29653885837089E-02 
871	 0.012480549369028 
872	 1.21685200571626E-02 
873	 1.22138565367802E-02 
874	 0.011803711414247 
875	 1.15444345288319E-02 
876	 1.14381408222651E-02 
877	 1.12867456244776E-02 
878	 1.08883344596687E-02 
879	 1.06040624941524E-02 
880	 0.01041027938368 
881	 1.01419994941017E-02 
882	 1.00362987886185E-02 
883	 9.74073575608708E-03 
884	 9.4233422136396E-03 
885	 9.53443198233856E-03 
886	 9.24971311840447E-03 
887	 8.91077150756249E-03 
888	 8.71719390080513E-03 
889	 8.55381137331069E-03 
890	 8.38789072338877E-03 
891	 8.27628265742468E-03 
892	 8.20852802075851E-03 
893	 8.0119316709135E-03 
894	 8.10704218495936E-03 
895	 7.94284439459324E-03 
896	 7.1879419206938E-03 
897	 7.18951286070637E-03 
898	 7.0883032283239E-03 
899	 7.17646868089896E-03 
900	 7.60069078909019E-03 
901	 6.71032994554632E-03 
902	 6.21553037559128E-03 
903	 6.22641125622174E-03 
904	 6.30485372043581E-03 
905	 6.79901104142377E-03 
906	 6.63699932542705E-03 
907	 5.8143078000505E-03 
908	 5.2332844535543E-03 
909	 5.35817950049403E-03 
910	 5.55351552927544E-03 
911	 5.32865215618777E-03 
912	 4.66727816649189E-03 
913	 5.18989683249807E-03 
914	 5.40371658803794E-03 
915	 4.63033053203804E-03 
916	 3.70641502493108E-03 
917	 3.82486316873388E-03 
918	 3.89208526879516E-03 
919	 3.46142038125421E-03 
920	 3.33047318124532E-03 
921	 3.18595034442972E-03 
922	 2.99258098543324E-03 
923	 2.87726350637715E-03 
924	 3.2320421199856E-03 
925	 2.25614945905175E-03 
926	 2.22848100000776E-03 
927	 4.3993761191471E-03 
928	 2.09345888334086E-04 
929	 7.56510692652258E-04 
930	 3.97564650409665E-03 
931	 8.25663657808631E-04 
932	 1.96492332549844E-03 
933	 2.66572460019397E-03 
934	 1.73610599104114E-03 
935	 9.20265682080776E-04 
936	 1.35520688689713E-03 
937	-4.4980139255019E-04 
938	-9.88109591070524E-04 
939	 2.37176929044381E-03 
940	 1.37183674913365E-03 
941	 2.54447687949867E-03 
942	 4.75035996747322E-03 
943	 3.68580934284522E-03 
944	 1.97287644800395E-03 
945	 1.5738186501632E-03 
946	 2.84124894551412E-03 
947	 4.06195292826739E-03 
948	-1.32241987849723E-03 
949	-3.45846677090951E-04 
950	 3.91458441987653E-03 
951	 9.46496551844966E-04 
952	 2.27895729250204E-03 
953	 2.81822556897115E-03 
954	 2.22941319019171E-03 
955	 3.25457719043401E-03 
956	 1.34308163608171E-03 
957	 1.32333333756171E-03 
958	 2.34941811996442E-03 
959	 5.92133643270902E-04 
960	 2.6107064450726E-03 
961	 3.41889554985821E-03 
962	 2.64623303337117E-03 
963	 3.21445705440263E-03 
964	 2.73507031077525E-03 
965	 2.00571552919348E-03 
966	 1.62149029304438E-03 
967	 1.74612255465989E-03 
968	 1.89431685204519E-03 
969	 2.93963184650149E-03 
970	 3.67110426890736E-03 
971	 1.77083872112157E-03 
972	 1.52980501467531E-03 
973	 9.14504162700704E-04 
974	 5.79618376232514E-04 
975	 3.39397116311345E-03 
976	 2.92304790657165E-03 
977	 2.18194106551974E-03 
978	 2.24710445689017E-03 
979	 1.64734455225692E-03 
980	 8.17858304036354E-04 
981	 1.3481043182128E-03 
982	 2.29344296644492E-03 
983	 1.30111426450002E-03 
984	 1.46277977457855E-03 
985	 1.58020694731836E-03 
986	 1.52950823236132E-03 
987	 2.12820111291756E-03 
988	 2.47371876124315E-03 
989	 1.43391262612112E-03 
990	 1.46672677733772E-04 
991	 8.60216675037179E-04 
992	 1.59342472660554E-03 
993	 1.80832542487062E-03 
994	 1.68694532927353E-03 
995	 1.69767371990801E-03 
996	 1.09241465550785E-03 
997	 5.0424060250998E-04 
998	 5.82481178144343E-04 
999	 1.4351442780298E-03 
1000	 9.19680349964277E-04 
1001	 9.19314358060103E-04 
1002	 9.13538116582799E-04 
1003	 9.92692572453789E-04 
1004	 1.19039863198353E-03 
1005	 1.27197481219507E-03 
1006	 1.36208849938756E-03 
1007	 1.38791338066432E-03 
1008	 1.20452224646932E-03 
1009	 1.24039313276197E-03 
1010	 1.43233156849901E-03 
1011	 1.28388147177594E-03 
1012	 1.2804111682361E-03 
1013	 1.34139296229686E-03 
1014	 1.43929680992399E-03 
1015	 1.63373278146676E-03 
1016	 1.67698465351703E-03 
1017	 1.68865061644887E-03 
1018	 1.75073543214379E-03 
1019	 1.65077555728935E-03 
1020	 1.56638129185437E-03 
1021	 1.72709389314653E-03 
1022	 1.60906003092895E-03 
1023	 1.21745628135759E-03 
1024	 1.27386131021191E-03 
1025	 1.16122842496223E-03 
1026	 1.38368805444232E-03 
1027	 1.4276537102964E-03 
1028	 1.4947606860305E-03 
1029	 1.42980238521585E-03 
1030	 1.2101075156179E-03 
1031	 1.16401637677462E-03 
1032	 1.17142861222737E-03 
1033	 1.1566830624283E-03 
1034	 1.2713018873214E-03 
1035	 1.25647184224919E-03 
1036	 1.08311027742756E-03 
1037	 1.01940131018743E-03 
1038	 9.53889434492594E-04 
1039	 9.07982071205679E-04 
1040	 1.15577212517103E-03 
1041	 1.29931870780805E-03 
1042	 1.41001439085862E-03 
1043	 1.64500831634545E-03 
1044	 1.67938983793039E-03 
1045	 1.61912761892846E-03 
1046	 1.41493565371921E-03 
1047	 8.04827299619035E-04 
1048	 7.84980032709401E-04 
1049	 1.10517666297112E-03 
1050	 1.05039357526994E-03 
1051	 1.07592863831111E-03 
1052	 1.21271615404025E-03 
1053	 1.02329999329093E-03 
1054	 1.01736697725932E-03 
1055	 1.51496143946564E-03 
1056	 1.76727687448522E-03 
1057	 1.91325854063365E-03 
1058	 1.95435867304167E-03 
1059	 1.76619340731851E-03 
1060	 1.25823711195339E-03 
1061	 1.17254967353836E-03 
1062	 1.05957971627962E-03 
1063	 9.75346696347952E-04 
1064	 1.20123856895407E-03 
1065	 1.28825868571956E-03 
1066	 1.18861289705847E-03 
1067	 1.16362440598456E-03 
1068	 1.33105531664767E-03 
1069	 1.35440627729759E-03 
1070	 1.03807591371254E-03 
1071	 1.05682821710457E-03 
1072	 1.2722957728623E-03 
1073	 1.52414707949579E-03 
1074	 1.62827635702413E-03 
1075	 1.93927025621714E-03 
1076	 1.9303104701467E-03 
1077	 1.49919017216376E-03 
1078	 1.42910799752054E-03 
1079	 1.45597306363612E-03 
1080	 1.4429548119177E-03 
1081	 1.52920921353988E-03 
1082	 1.60028300873007E-03 
1083	 1.75134742868033E-03 
1084	 1.67873332341391E-03 
1085	 1.59417461451292E-03 
1086	 1.39689448403761E-03 
1087	 5.02442640143492E-04 
1088	 3.14362447577846E-04 
1089	 5.85479970009968E-04 
1090	 8.44915060337622E-04 
1091	 1.02656628422982E-03 
1092	 1.7303380302537E-03 
1093	 1.87135031127013E-03 
1094	 1.47580622285282E-03 
1095	 1.31333307522187E-03 
1096	 1.07995811225424E-03 
1097	 9.87986702556748E-04 
1098	 7.96434969371245E-04 
1099	 9.58203289526827E-04 
1100	 1.85644450152176E-03 
1101	 1.88469061509798E-03 
1102	 1.50069369334989E-03 
1103	 1.29824396868178E-03 
1104	 2.47402593719851E-04 
1105	-1.22455547723483E-04 
1106	 5.83113219243792E-04 
1107	 9.92478515352579E-04 
1108	 1.5661044269878E-03 
1109	 2.06448827473217E-03 
1110	 2.07166314230809E-03 
1111	 1.12855596331011E-03 
1112	 1.14368884811039E-03 
1113	 1.4741202511898E-03 
1114	 1.41111830583127E-03 
1115	 1.68912128450975E-03 
1116	 1.90577687551511E-03 
1117	 1.51852653527204E-03 
1118	 1.19935756889797E-03 
1119	 1.29727844969548E-03 
1120	 1.3421609065584E-03 
1121	 1.11612030944957E-03 
1122	-1.65205706532356E-04 
1123	-8.09621570906811E-04 
1124	 1.65404881780829E-03 
1125	 2.02966870239461E-03 
1126	-1.07751372902709E-03 
1127	 3.20078400088899E-04 
1128	 1.82725603267967E-03 
1129	 1.08027433872129E-03 
1130	 6.03183184620141E-04 
1131	 1.34868570623897E-03 
1132	 4.26431892768158E-04 
1133	 8.65286087494688E-05 
1134	 1.3623498653539E-03 
1135	 1.93173655704805E-03 
1136	 2.19262544214672E-03 
1137	 1.57558348881952E-03 
1138	 4.61504139319542E-04 
1139	 1.14334156929658E-04 
1140	-1.10268949619491E-04 
1141	 1.00179714311835E-03 
1142	 3.11753895971892E-03 
1143	 3.06387601353214E-03 
1144	 2.7733256483282E-03 
1145	 1.96681767914581E-03 
1146	 9.83852303308305E-05 
1147	 6.07868170545918E-04 
1148	 1.75611345644328E-03 
1149	 1.26064347796278E-03 
1150	 1.32067209331662E-03 
1151	 2.66491271028466E-03 
1152	 2.16395784261122E-03 
1153	 1.55517537150132E-04 
1154	 2.96960985288358E-04 
1155	 1.03854584368484E-03 
1156	 8.09144073766619E-04 
1157	 1.23765814108837E-03 
1158	 1.35434667196715E-03 
1159	 2.84244474651169E-04 
1160	 1.857383697058E-04 
1161	 7.33136741598919E-04 
1162	 6.69188513390577E-04 
1163	 1.17044883506329E-03 
1164	 1.65363091908962E-03 
1165	 1.06246850711477E-03 
1166	 6.92066404680395E-04 
1167	 9.90143460721802E-04 
1168	 1.06388251530243E-03 
1169	 1.15538650624543E-03 
1170	 1.34419756180698E-03 
1171	 1.34267229502712E-03 
1172	 7.0877190760722E-04 
1173	 6.04899292786282E-04 
1174	 7.30636770900407E-04 
1175	 9.70730613102364E-04 
1176	 1.22336954531703E-03 
1177	 1.20938428602556E-03 
1178	 8.3868208066203E-04 
1179	 6.18681779486238E-04 
1180	 4.34904173005561E-04 
1181	 3.79946891381767E-04 
1182	 8.43057571495896E-04 
1183	 9.33040346319744E-04 
1184	 6.41458144893646E-04 
1185	 5.74557396002407E-04 
1186	 3.67842242800935E-04 
1187	 4.71056815709665E-04 
1188	 9.85486291248564E-04 
1189	 9.67678714630354E-04 
1190	 7.76541632391253E-04 
1191	 8.97149339294026E-04 
1192	 8.26284428842619E-04 
1193	 5.73787373757677E-04 
1194	 4.51257472923388E-04 
1195	 5.65882319900136E-04 
1196	 5.64558854893405E-04 
1197	 6.98902433817913E-04 
1198	 9.40890538614247E-04 
1199	 8.98533144264054E-04 
1200	 6.48533606237398E-04 
1201	 5.22913031563228E-04 
1202	 6.97876115617527E-04 
1203	 1.09525776342197E-03 
1204	 1.02997318951274E-03 
1205	 4.34226880132277E-04 
1206	 1.89604531113922E-04 
1207	 2.94138472520433E-04 
1208	 3.85481138069966E-04 
1209	 7.05480218817156E-04 
1210	 9.75871211295394E-04 
1211	 7.32082290008656E-04 
1212	 5.91894043491398E-04 
1213	 8.9409770395436E-04 
1214	 9.49051244658644E-04 
1215	 9.04980590553303E-04 
1216	 6.084951281942E-04 
1217	 5.82037218207766E-04 
1218	 7.21704563150809E-04 
1219	 7.22988889902327E-04 
1220	 8.31864428572601E-04 
1221	 9.54591856249906E-04 
1222	 7.49950556021977E-04 
1223	 6.15930674545273E-04 
1224	 7.56039102403572E-04 
1225	 6.38583853136516E-04 
1226	 3.86884662352701E-04 
1227	 5.33962210199518E-04 
1228	 7.65292457266113E-04 
1229	 9.39447887250556E-04 
1230	 1.16227390114233E-03 
1231	 1.00901193093731E-03 
1232	 6.85717885244774E-04 
1233	 7.01446336369163E-04 
1234	 7.685607108092E-04 
1235	 7.53983693725297E-04 
1236	 8.13169499440374E-04 
1237	 8.5618778316584E-04 
1238	 8.33845379723236E-04 
1239	 6.74332160370215E-04 
1240	 8.02825341388491E-04 
1241	 9.60016758894751E-04 
1242	 7.32269650923722E-04 
1243	 6.39487686113998E-04 
1244	 7.6269190743897E-04 
1245	 6.69858554629302E-04 
1246	 7.45407416085418E-04 
1247	 1.04599624616177E-03 
1248	 9.4817990811504E-04 
1249	 6.12708987227684E-04 
1250	 4.75811033183579E-04 
1251	 4.99605535295824E-04 
1252	 6.97642288073671E-04 
1253	 7.43647832599685E-04 
1254	 5.28203293534585E-04 
1255	 5.58136556074545E-04 
1256	 6.62743327657935E-04 
1257	 8.96436180455352E-04 
1258	 7.97672646265959E-04 
1259	 5.11157962602286E-04 
1260	 6.28530124401652E-04 
1261	 8.71098740916786E-04 
1262	 8.40628403749649E-04 
1263	 1.08684408293605E-03 
1264	 1.12005020891091E-03 
1265	 7.83192351828936E-04 
1266	 4.11051580971913E-04 
1267	 4.66365769298438E-04 
1268	 7.64775769036334E-04 
1269	 8.64869004761956E-04 
1270	 7.503305427469E-04 
1271	 7.88475950768502E-04 
1272	 8.93229785334738E-04 
1273	 7.68885461414875E-04 
1274	 6.89194177260611E-04 
1275	 8.51487017560865E-04 
1276	 1.06308840842998E-03 
1277	 1.06660410573749E-03 
1278	 9.75561690915244E-04 
1279	 9.9085264093592E-04 
1280	 9.30321319545068E-04 
1281	 8.36081737430517E-04 
1282	 7.38065851109301E-04 
1283	 7.27621014563063E-04 
1284	 6.42722651260148E-04 
1285	 5.90353607143813E-04 
1286	 7.27579476551469E-04 
1287	 8.30708732735651E-04 
1288	 8.20664567142688E-04 
1289	 8.11425549873561E-04 
1290	 8.59599995465481E-04 
1291	 9.11848190641388E-04 
1292	 6.97611708426551E-04 
1293	 6.35279046114331E-04 
1294	 7.39417818816911E-04 
1295	 6.71691090119258E-04 
1296	 7.80815323673181E-04 
1297	 1.01588808953299E-03 
1298	 9.93793022184675E-04 
1299	 1.0021264942474E-03 
1300	 9.20385572745965E-04 
1301	 6.43517878837938E-04 
1302	 7.29276504138892E-04 
1303	 9.35982154521577E-04 
1304	 6.58371182067638E-04 
1305	 6.02875241130637E-04 
1306	 6.57457645641583E-04 
1307	 6.47274725962977E-04 
1308	 6.83684144299387E-04 
1309	 1.02740800091263E-03 
1310	 1.14280178486735E-03 
1311	 1.10517515024904E-03 
1312	 1.14473388982845E-03 
1313	 1.32547686154872E-03 
1314	 1.26229176835561E-03 
1315	 8.49185019165466E-04 
1316	 7.77925223036078E-04 
1317	 8.2679720198147E-04 
1318	 7.31046069900277E-04 
1319	 7.5133932496687E-04 
1320	 7.58076695089466E-04 
1321	 5.04084809639084E-04 
1322	 3.49764227026724E-04 
1323	 8.47402065375445E-04 
1324	 1.4242045465318E-03 
1325	 9.23127197353476E-04 
1326	 5.65186765619719E-04 
1327	 1.11220536563884E-03 
1328	 9.22617698408817E-04 
1329	 6.98840715254155E-04 
1330	 1.96211169828444E-03 
1331	 2.09944231915446E-03 
1332	 8.3459751435323E-04 
1333	 7.22589917946477E-04 
1334	 5.56430350841829E-04 
1335	 3.64085053591292E-04 
1336	-4.69383526145404E-04 
1337	-4.96032183039318E-04 
1338	 5.80023526738249E-04 
1339	 8.7302508878756E-04 
1340	 7.26965372087564E-04 
1341	 5.27840492912049E-04 
1342	-2.66541846223788E-04 
1343	-3.01806305111093E-04 
1344	 3.4984800350396E-04 
1345	 7.91537202152716E-04 
1346	 2.41857864841089E-03 
1347	 3.22174714468099E-03 
1348	 1.26015872777549E-03 
1349	 1.84399574483309E-03 
1350	 7.92292713168437E-03 
1351	 1.14417293640936E-02 
1352	 1.27561010020889E-02 
1353	 1.47097383886989E-02 
1354	 8.67475667760164E-03 
1355	-1.10939635317222E-02 
1356	-3.15165521350311E-02 
1357	-1.12893061333414E-02 
1358	 0.0201223351829 
1359	 5.28520397005635E-02 
1360	 7.81099354715157E-02 
1361	 3.78719306808185E-03 
1362	-9.75745875719397E-02 
1363	-7.33876959365727E-02 
1364	-0.021623144114051 
1365	 7.74199571227486E-02 
1366	 9.27151430613576E-03 
1367	-0.391490883664275 
1368	-0.241184621913775 
1369	 0.111038658259118 
1370	 0.133241729631304 
1371	 0.260265390077854 
1372	 0.250426370118297 
1373	-0.151114252636389 
1374	-0.322678571191603 
1375	-0.17151695690057 
1376	-7.47974455782561E-02 
1377	 5.01654065628187E-02 
1378	 0.115728088853061 
1379	 0.260960809422819 
1380	 0.274621948677681 
1381	 0.10775167669794 
1382	 3.24425123176188E-03 
1383	-0.136868588540217 
1384	-9.55256792860919E-02 
1385	 0.254569474667316 
1386	 0.264268138205364 
1387	 0.149106110065287 
1388	 0.134158613708553 
1389	-0.207185774679009 
1390	-0.292185694494709 
1391	-9.32231229496723E-02 
1392	 8.88532690285883E-02 
1393	 7.91694903946312E-02 
1394	 3.85085105827895E-02 
1395	-0.166938327297887 
1396	-0.360572477091287 
1397	 3.71366529373238E-02 
1398	 0.138790723344328 
1399	 0.321953025533378 
1400	 0.539755574504286 
1401	 0.293171581835195 
1402	 0.140774296141728 
1403	-9.54907439020025E-02 
1404	-0.252223152928769 
1405	-0.174534490862268 
1406	 0.14497594348487 
1407	 0.129086262274055 
1408	 3.10600848322156E-02 
1409	 7.30387058602333E-02 
1410	 7.43506578140678E-02 
1411	 0.025347624192498 
1412	 0.025768491280827 
1413	 8.63649285118195E-02 
1414	 0.138865427707875 
1415	 9.33003915540304E-02 
1416	 6.82816223352328E-02 
1417	 0.104184643871595 
1418	 9.75341564862452E-02 
1419	 4.83366444960591E-02 
1420	 6.43697863475649E-02 
1421	 5.27335418311083E-02 
1422	-2.96927683799103E-02 
1423	-3.90955861925835E-02 
1424	-1.01474355449408E-02 
1425	 1.22825057332235E-03 
1426	 2.31347877087558E-02 
1427	 2.26053710922217E-02 
1428	 1.10209314779193E-02 
1429	 1.85776916343387E-03 
1430	-0.025324580078417 
1431	-2.85588803383869E-02 
1432	-1.19141845356285E-02 
1433	-8.43070891136082E-03 
1434	-3.54389854440354E-03 
1435	 1.46031075450588E-03 
1436	-1.16137496812567E-02 
1437	 2.42005578750076E-03 
1438	 1.30464427858897E-02 
1439	 5.13093085572752E-03 
1440	 5.0752016895492E-03 
1441	 3.46177249990701E-03 
1442	 3.72358170768897E-03 
1443	 6.65310651749548E-03 
1444	-1.17185435294032E-03 
1445	-5.42922685777185E-03 
1446	-1.58757218697037E-04 
1447	 2.74827882131234E-03 
1448	 7.52977906995743E-04 
1449	-1.9525473668815E-04 
1450	-1.20170266558156E-03 
1451	-4.43606494540624E-04 
1452	 1.37793817163297E-03 
1453	 2.98573312807625E-04 
1454	 5.7157845662416E-04 
1455	-1.07551092818468E-03 
1456	-7.84410594147157E-04 
1457	 1.32469817487488E-03 
1458	 2.89003966734424E-03 
1459	 4.81052295740143E-03 
1460	 4.61577340118803E-03 
1461	 3.99431527223373E-03 
1462	 3.77695082641556E-03 
1463	 1.07380990439222E-03 
1464	 9.19428765678215E-04 
1465	 3.78633540190321E-03 
1466	 4.13682968104433E-03 
1467	 4.32236850777271E-03 
1468	 4.09206613032199E-03 
1469	 1.96861475105635E-03 
1470	 8.10848322708552E-04 
1471	-7.68199505127515E-04 
1472	-2.0243077378829E-04 
1473	 2.35977160472464E-03 
1474	 2.8027928219995E-03 
1475	 4.18710440958707E-03 
1476	 3.50699863173973E-03 
1477	-4.60956901104452E-04 
1478	-9.55952051550527E-04 
1479	-4.55547013844165E-04 
1480	 3.05262785940768E-04 
1481	 3.64470543026953E-03 
1482	 3.69544708609897E-03 
1483	 1.99030379673265E-03 
1484	 1.21360104571284E-03 
1485	-1.02714665711755E-03 
1486	-1.17516457410327E-03 
1487	 9.05436218280582E-04 
1488	 7.27966792894325E-04 
1489	-6.20341293612412E-04 
1490	-4.69407616678634E-04 
1491	-2.34334254763797E-04 
1492	-2.77825746009168E-04 
1493	 4.45969504203882E-04 
1494	 7.62508058120149E-04 
1495	 5.02982913507451E-04 
1496	 2.98877953939318E-04 
1497	 1.51463383973618E-05 
1498	 8.71432388443414E-05 
1499	 3.52342695949426E-04 
1500	 3.66755830756989E-04 
1501	 5.6823774549006E-04 
1502	 6.48982443716725E-04 
1503	 3.83401291773227E-04 
1504	 1.84025002779772E-04 
1505	-1.62588440348174E-04 
1506	 1.85283716030512E-05 
1507	 5.16375824824693E-04 
1508	 4.62406180651608E-04 
1509	 2.79596731175718E-04 
1510	 3.72387141900566E-04 
1511	 2.26281396811061E-04 
1512	 2.28051946919413E-04 
1513	 4.69399911897599E-04 
1514	 2.8821194253289E-04 
1515	-3.45468070305015E-05 
1516	-3.41391125213762E-05 
1517	 1.4590607685591E-04 
1518	 3.23779398328981E-04 
1519	 3.55193015287591E-04 
1520	 1.91699835736045E-04 
1521	 1.6742909537294E-04 
1522	 4.93821148982582E-04 
1523	 6.56259322436761E-04 
1524	 3.2775586021644E-04 
1525	 3.61564977091489E-06 
1526	 6.33449460910835E-06 
1527	 1.44312574555352E-04 
1528	 3.69734491337373E-04 
1529	 4.05921806787163E-04 
1530	 3.39691528758085E-04 
1531	 5.44091683028852E-04 
1532	 5.64677229369848E-04 
1533	 6.29507327385319E-04 
1534	 8.88411552807699E-04 
1535	 7.16990647388494E-04 
1536	 4.73760858714838E-04 
1537	 5.24716011759628E-04 
1538	 5.74745356342315E-04 
1539	 5.09301360250793E-04 
1540	 3.50101468220775E-04 
1541	 3.37628190966373E-04 
1542	 4.30872766697217E-04 
1543	 2.69094170156962E-04 
1544	 2.76460136544868E-04 
1545	 6.36616140245892E-04 
1546	 6.97904401230771E-04 
1547	 4.70440417843879E-04 
1548	 4.84652586347493E-04 
1549	 6.17245327515044E-04 
1550	 5.14143149491945E-04 
1551	 4.39424714980362E-04 
1552	 6.01206381372357E-04 
1553	 6.21813739084417E-04 
1554	 4.9666902388135E-04 
1555	 5.30250850682405E-04 
1556	 5.97278613097904E-04 
1557	 6.14957481447331E-04 
1558	 5.46233939252199E-04 
1559	 4.65811892825804E-04 
1560	 7.18142849060524E-04 
1561	 9.24697814496594E-04 
1562	 6.54896518163326E-04 
1563	 4.61055316555183E-04 
1564	 4.95381109292722E-04 
1565	 4.35537908487748E-04 
1566	 4.54032351771775E-04 
1567	 5.1025184151263E-04 
1568	 5.74729911393208E-04 
1569	 6.65822714447764E-04 
1570	 5.78391034831146E-04 
1571	 6.66023289875295E-04 
1572	 8.36349439503673E-04 
1573	 7.75553311670342E-04 
1574	 7.49026377582431E-04 
1575	 5.30983746474529E-04 
1576	 1.88939081174382E-04 
1577	 1.76318148743005E-04 
1578	 1.75122043242563E-04 
1579	 1.90460189915609E-04 
1580	 3.19578532181798E-04 
1581	 1.95459327086276E-04 
1582	 1.44655168596411E-04 
1583	 3.68028950728631E-04 
1584	 3.65840415926589E-04 
1585	 2.44656635512524E-04 
1586	 3.60541650983192E-04 
1587	 3.21052804163158E-04 
1588	 1.82880371482256E-04 
1589	 2.98316739122244E-04 
1590	 3.95675117368801E-04 
1591	 3.93882296516751E-04 
1592	 5.28985842360715E-04 
1593	 6.45948380079615E-04 
1594	 3.83765846973781E-04 
1595	 7.5796628615944E-05 
1596	 1.8425433037131E-04 
1597	 4.59803484326598E-04 
1598	 4.47165877819886E-04 
1599	 3.50390503209532E-04 
1600	 3.36725167509049E-04 
1601	 1.55172367793833E-04 
1602	 1.50170137572933E-04 
1603	 3.96540632632977E-04 
1604	 3.97745389295247E-04 
1605	 2.71141212273183E-04 
1606	 4.0420953907465E-04 
1607	 6.56929578924002E-04 
1608	 6.60933944277615E-04 
1609	 6.20570757821387E-04 
1610	 7.077726105006E-04 
1611	 6.54178606066508E-04 
1612	 6.7413059855845E-04 
1613	 8.57173920138253E-04 
1614	 6.61862252413846E-04 
1615	 2.1714258763882E-04 
1616	 3.23011124254858E-04 
1617	 5.56258882242244E-04 
1618	 4.20492087978943E-04 
1619	 4.91802645366494E-04 
1620	 5.39461678541427E-04 
1621	 3.37724030408164E-04 
1622	 3.51303146964231E-04 
1623	 5.57239702057667E-04 
1624	 4.65643752205084E-04 
1625	 1.41195091903122E-04 
1626	 2.59449769070609E-04 
1627	 4.11456952950114E-04 
1628	 3.63232007297679E-04 
1629	 6.94630087327544E-04 
1630	 7.01670358498276E-04 
1631	 2.14810020791087E-04 
1632	 1.90318886157482E-04 
1633	 2.60139042829455E-04 
1634	 6.17228151582316E-05 
1635	 1.81964334631149E-04 
1636	 3.98490421616648E-04 
1637	 2.49481202599694E-04 
1638	 1.48241053646026E-04 
1639	 4.07858637475365E-04 
1640	 4.7605635344754E-04 
1641	 1.49432623612931E-04 
1642	 5.88050816507618E-05 
1643	 2.04677044196979E-04 
1644	 2.58484366211087E-04 
1645	 4.22307800721754E-04 
1646	 8.19743599009201E-04 
1647	 1.00810211203223E-03 
1648	 7.33295941474503E-04 
1649	 4.92718754226018E-04 
1650	 3.80033655605933E-04 
1651	 2.99753982111413E-04 
1652	 3.09901612752501E-04 
1653	 4.78586413075362E-04 
1654	 5.74744693986975E-04 
1655	 3.50964630658118E-04 
1656	 2.81958957810179E-04 
1657	 4.04508513775041E-04 
1658	 4.8085280545076E-04 
1659	 6.80188356466367E-04 
1660	 7.43393109418157E-04 
1661	 5.82658502189534E-04 
1662	 6.14024861868961E-04 
1663	 6.63448840440054E-04 
1664	 5.71991109246872E-04 
1665	 7.68599304319584E-04 
1666	 7.84264517257318E-04 
1667	 3.19407102604592E-04 
1668	 7.38323271833699E-05 
1669	 1.3998931853089E-04 
1670	 2.34153621598108E-04 
1671	 2.18650502305587E-04 
1672	 4.03206063070879E-04 
1673	 4.96137357279585E-04 
1674	 4.37289068247956E-04 
1675	 8.04348559435884E-04 
1676	 6.88161440058447E-04 
1677	 4.02354905989133E-04 
1678	 6.58312436061727E-04 
1679	 2.56973650004042E-04 
1680	-3.30263171726458E-04 
1681	-2.67406716824187E-04 
1682	-1.95454830619431E-04 
1683	 1.34323798788466E-05 
1684	 5.03688967995423E-04 
1685	 4.45715710436134E-04 
1686	 1.58297449421055E-06 
1687	 1.38930869693912E-04 
1688	 3.45332841582665E-04 
1689	 3.69430410805296E-04 
1690	 7.16235455003811E-04 
1691	 6.9931686767856E-04 
1692	 3.27094348490628E-04 
1693	 1.87870766695826E-04 
1694	 2.83052229890565E-04 
1695	 4.24760072751887E-04 
1696	 2.38019311138376E-04 
1697	 1.59885072806287E-04 
1698	 3.70710663414165E-04 
1699	 4.91372192146881E-04 
1700	 1.00983551378132E-03 
1701	 1.5846093682352E-03 
1702	 1.16572361523274E-03 
1703	 3.68353343608883E-04 
1704	-2.11830111979479E-04 
1705	-1.72860202621864E-04 
1706	 5.73460363352086E-04 
1707	 8.13852891402975E-04 
1708	 8.90026638058352E-04 
1709	 1.06317500481809E-03 
1710	 8.36124773662032E-04 
1711	 6.3209417749783E-04 
1712	 5.36337669500895E-04 
1713	 3.14711119764292E-04 
1714	 1.9472641123039E-04 
1715	 6.18442638302794E-04 
1716	 2.37717137848612E-04 
1717	 1.9462920695171E-04 
1718	 7.80818523346115E-04 
1719	 3.97253183627609E-04 
1720	-1.47365763661264E-04 
1721	 2.54137319770543E-04 
1722	 5.46740293181226E-04 
1723	 3.76842409186104E-04 
1724	 5.30162334743555E-04 
1725	 4.68101373296183E-04 
1726	-1.92675754132938E-05 
1727	 7.1460522475758E-05 
1728	 4.30064745609465E-04 
1729	 1.54969263191248E-04 
1730	-1.48985713698396E-04 
1731	 2.39737169382031E-04 
1732	 6.83906851465874E-04 
1733	 9.3206994784722E-04 
1734	 9.71544694938729E-04 
1735	 4.8009381747254E-04 
1736	 3.03131633616396E-04 
1737	 4.54671409644072E-04 
1738	 3.61305270698892E-04 
1739	 7.21621091511716E-04 
1740	 1.14741378054508E-03 
1741	 9.52902198652804E-04 
1742	 6.40763300439447E-04 
1743	 5.25192627611256E-04 
1744	 7.89239894209892E-04 
1745	 9.33439197433557E-04 
1746	 8.96354742710072E-04 
1747	 1.01299319066669E-03 
1748	 7.75881193427578E-05 
1749	-4.56599671064519E-04 
1750	-4.15646900500126E-04 
1751	-2.10396439104659E-04 
1752	 5.61018766148809E-04 
1753	 6.74711114512519E-04 
1754	 7.77022830773772E-04 
1755	 6.59826683756636E-04 
1756	-7.55041368175147E-04 
1757	-7.38227533994853E-04 
1758	-2.89175858946454E-04 
1759	-2.08439897351703E-04 
1760	 4.97055589199956E-04 
1761	 8.76663767303509E-04 
1762	 1.23870504147977E-03 
1763	 1.03797759530042E-03 
1764	-1.13036459476504E-03 
1765	-1.90534446119595E-03 
1766	-1.20984164563128E-03 
1767	-3.79828072380952E-04 
1768	 1.38232123414071E-03 
1769	 1.70178306435392E-03 
1770	 5.1515593580217E-04 
1771	 6.35351399254516E-05 
1772	 1.86731483070125E-04 
1773	 5.59581849467722E-04 
1774	 9.01677842550385E-04 
1775	 2.4460431770236E-04 
1776	 2.73845337564531E-05 
1777	 3.04287229290193E-04 
1778	 5.34447143903191E-05 
1779	-6.50375194186428E-04 
1780	-6.6897675545955E-04 
1781	-5.53667923033719E-04 
1782	-5.17363892501408E-04 
1783	-7.60006642336611E-05 
1784	 6.60294641890424E-04 
1785	 1.84477499316181E-03 
1786	 1.76585243098544E-03 
1787	 1.90531562275207E-03 
1788	 9.08613146113477E-04 
1789	-3.20745917154032E-03 
1790	-4.95934010365826E-03 
1791	-5.1641174810046E-03 
1792	-3.64374810841762E-03 
1793	-7.01889162872551E-04 
1794	 3.14252093657414E-03 
1795	 6.23365205072043E-03 
1796	 9.35223122760641E-04 
1797	-7.02408921121846E-03 
1798	-4.6642223251538E-03 
1799	-3.36611869764493E-03 
1800	 8.63391210931566E-03 
1801	 1.80239844903332E-02 
1802	 1.06321433960086E-02 
1803	 8.52304749864062E-03 
1804	 2.26968255678076E-02 
1805	 1.25646965852928E-02 
1806	-4.43550754189605E-02 
1807	-6.82139049693691E-02 
1808	-9.97303002885508E-02 
1809	-0.120728314862941 
1810	-1.98562852951934E-02 
1811	 4.20224086907078E-02 
1812	 3.80323251625734E-02 
1813	 6.11964773544948E-02 
1814	 0.121366187515948 
1815	-1.93227329072833E-02 
1816	-0.532849907821331 
1817	-0.468245043086159 
1818	-0.467399401622118 
1819	-0.122709787648346 
1820	 0.953404136165131 
1821	 1.2833534721251 
1822	 1.08394141695391 
1823	-0.108656498309136 
1824	-0.305523028258263 
1825	-0.307142508587258 
1826	-0.248274836547871 
1827	 1.03219940210523 
1828	 3.39116787788669 
1829	 4.91645304791517 
1830	 1.76233672498676 
1831	-1.26598756385634 
1832	-0.481167426617947 
1833	-2.06032762946761E-02 
1834	 5.77803891842965E-02 
1835	 0.463461194218543 
1836	 0.53626715111285 
1837	-0.260465578947906 
1838	-0.58107559238365 
1839	-1.08311022369617 
1840	 0.176167531837755 
1841	 2.76605083071574 
1842	-0.275943305224623 
1843	-0.205196599685316 
1844	 1.82445809117745 
1845	 2.2431421153449 
1846	 0.444589141535638 
1847	 0.717002942033687 
1848	 1.83376738709413 
1849	 6.26267695891967 
1850	-4.71006125839303 
1851	 8.1150256153525 
1852	 0.855487580286616 
1853	-5.38391796111093 
1854	 49.3294368083309 
1855	 5.9663757537239 
1856	 4.95605196052607 
1857	 2.30247095583381 
1858	 2.35250214557562 
1859	 3.11809537862489 
1860	-120.538902125883 
1861	-27.8384503066719 
1862	-1.67846717974814 
1863	-0.401422965190439 
1864	-0.783597364117216 
1865	 4.69544376973782E-02 
1866	 0.514902497756705 
1867	 0.521782043595526 
1868	-0.197308457224886 
1869	-0.441782737489937 
1870	-1.36417887979088 
1871	-2.96455831959102 
1872	-0.701868193998618 
1873	-0.313021802184456 
1874	 0.113997654967946 
1875	 0.067864079064916 
1876	 0.557912886761892 
1877	-0.534351855586721 
1878	-0.556495936903969 
1879	-1.30718467299071 
1880	-1.54124334095475 
1881	-1.64506209820696 
1882	-1.28075685244999 
1883	-2.51650774209307 
1884	-1.73494275737551 
1885	-1.61120452922789 
1886	-1.54724659110726 
1887	-1.80785323013889 
1888	-1.66788387252409 
1889	-1.56273571439679 
1890	-0.9693488558922 
1891	-0.781481179567837 
1892	-0.281854982103933 
1893	-1.38443061912635 
1894	-3.09298808305314 
1895	 7.43988790562809 
1896	 3.36116242744881 
1897	 5.29353669610531 
1898	 2.26661377200142 
1899	-12.6353761211205 
1900	-2.06561600684963 
1901	-0.951973422038075 
1902	-0.496735227432985 
1903	 1.01425688150225 
1904	 1.65238166451914 
1905	 5.218381612448 
1906	 0.981279552507045 
1907	 0.286978868268055 
1908	 0.200868977650816 
1909	-0.753756378955913 
1910	 0.753412485392747 
1911	 0.391290814321246 
1912	 0.365802064099926 
1913	-1.37761599335496 
1914	-0.194593298140911 
1915	-2.74388365028569E-02 
1916	-0.144650442301469 
1917	-0.34195666522939 
1918	-0.350402351047893 
1919	-0.13852897809506 
1920	-1.15503941648212 
1921	 2.01328701696851 
1922	 1.09442784824061 
1923	-9.72791479355497 
1924	 9.32808052778392E-02 
1925	-1.45470826547901 
1926	-2.30790155335232 
1927	-2.31590683944368 
1928	 0.983716530541336 
1929	-11.5914749360423 
1930	 11.501678875388 
1931	-50.3817255112496 
1932	-0.580943469915205 
1933	-0.136534565509223 
1934	 0.282376941170276 
1935	 0.565107767162424 
1936	 0.686768226009988 
1937	 0.926208367587127 
1938	 0.782432264252584 
1939	 0.42891167977924 
1940	 0.137546221210609 
1941	-1.07066076518533E-02 
1942	-0.129734763203632 
1943	-5.62897280840928E-02 
1944	 3.00661843033548E-02 
1945	 6.11301876206242E-02 
1946	 7.15799611486148E-02 
1947	 9.30661091384957E-03 
1948	-1.99817475478508E-02 
1949	 2.52180695217783E-02 
1950	 3.59928791150615E-02 
1951	 2.88416716336643E-02 
1952	 3.72649132410182E-02 
1953	 4.73467541012404E-02 
1954	 4.24650069283185E-02 
1955	 5.38075175177012E-02 
1956	 5.55584351961767E-02 
1957	 2.69148319716278E-02 
1958	 1.17159733553758E-02 
1959	 1.04362846422546E-02 
1960	 1.48050236143083E-02 
1961	 2.09872798010449E-02 
1962	 2.15794802359826E-02 
1963	 1.56162315376863E-02 
1964	 3.45857986516153E-03 
1965	-4.91411845397145E-03 
1966	-5.16461108086521E-03 
1967	-2.04126325915951E-03 
1968	 1.79805232172451E-04 
1969	 1.2248352426182E-03 
1970	 2.86043112936436E-03 
1971	 1.82198179308775E-03 
1972	 1.25603611083522E-03 
1973	 2.62610922198428E-03 
1974	 2.04143627556628E-03 
1975	 1.22138833452596E-04 
1976	-5.28472284668188E-05 
1977	 7.26227254525406E-04 
1978	 8.0427854281235E-04 
1979	 1.15581484863038E-03 
1980	 2.21968641731086E-03 
1981	 2.50357990559336E-03 
1982	 1.63297777094721E-03 
1983	 1.39700910555448E-03 
1984	 1.00398663897742E-03 
1985	-6.4597007286405E-04 
1986	-9.76570490274868E-04 
1987	 6.93392188279747E-05 
1988	 1.05906781867307E-03 
1989	 2.50712561208634E-03 
1990	 2.88791466163559E-03 
1991	 2.22582723898938E-03 
1992	 2.58100061917453E-03 
1993	 1.68519715862537E-03 
1994	 1.34911623669812E-03 
1995	 6.09849591283056E-04 
1996	 2.14650835096265E-03 
1997	 2.7296484266833E-03 
1998	 1.98625948392093E-03 
1999	 9.46472265235659E-04 
2000	 6.22641568566868E-04 
2001	 4.74439174727238E-04 
2002	 3.3700048389116E-03 
2003	 7.70653804847327E-03 
2004	 6.68526361222847E-03 
2005	 5.24283332731588E-03 
2006	 3.68613382824939E-03 
2007	-2.16524006277347E-04 
2008	-3.04814636829044E-03 
2009	-3.1940436794779E-03 
2010	-7.89716875070437E-04 
2011	-7.07486000758386E-05 
2012	 2.48302163560144E-03 
2013	 2.36241838612879E-03 
2014	 4.29392057078216E-03 
2015	 2.34392684786057E-03 
2016	-6.95412370580996E-04 
2017	 3.11096544520777E-03 
2018	 2.04074540502291E-03 
2019	-2.55602821656791E-03 
2020	-1.57854299698257E-03 
2021	-1.72187715194165E-03 
2022	-3.2286458074953E-03 
2023	-2.0814596007733E-03 
2024	-1.24898467291778E-03 
2025	-7.06194223527142E-04 
2026	-4.02026452780816E-04 
2027	 1.50349933232898E-04 
2028	 1.0914138762558E-03 
2029	 1.31879352299683E-03 
2030	 1.37682759308726E-03 
2031	 1.35884969460297E-03 
2032	 1.05346926969849E-03 
2033	 8.81620770088497E-04 
2034	 2.71182504584965E-04 
2035	 4.90541349485645E-05 
2036	 5.4383233167809E-04 
2037	 7.61679716319024E-04 
2038	 7.23140619522161E-04 
2039	 7.83939089770615E-04 
2040	 8.23665648671586E-04 
2041	 7.77569991688137E-04 
2042	 9.44956682525229E-04 
2043	 8.05525111217935E-04 
2044	 4.00404469702493E-04 
2045	 6.76691384467934E-05 
2046	 6.51672846248601E-05 
2047	 4.85372803260127E-05 
2048	 7.15129556670067E-05 
2049	 1.53708219313508E-03 
2050	 2.90567437200297E-03 
2051	 2.4113530298119E-03 
2052	 1.30857538010681E-03 
2053	-4.91020186148482E-04 
2054	-2.34824835393226E-03 
2055	-2.49825157101298E-03 
2056	-2.1622538056177E-03 
2057	 7.96602758912758E-04 
2058	 1.50360552247065E-03 
2059	 9.61777163610615E-04 
2060	 1.22035191707817E-03 
2061	 1.44199817306058E-03 
2062	 1.75764297182344E-03 
2063	 1.33974563905128E-03 
2064	 7.64846179447092E-04 
2065	-5.69173642589603E-04 
2066	-9.25214525735469E-04 
2067	-1.1858828762689E-05 
2068	 8.44744627597264E-04 
2069	 1.34787047952122E-03 
2070	 5.69024647010821E-04 
2071	-9.43098770609425E-05 
2072	-5.40747501506963E-04 
2073	-8.05179714288265E-04 
2074	-6.27456051400135E-04 
2075	-3.37306373828051E-04 
2076	-2.37821447676887E-04 
2077	 9.3164634334861E-05 
2078	 1.06443856018687E-03 
2079	 1.39799975912097E-03 
2080	 1.42079070046787E-03 
2081	 1.79529821881941E-03 
2082	 1.4255589901443E-03 
2083	 4.07982484255023E-04 
2084	 2.15157671973901E-04 
2085	 3.74891570127864E-04 
2086	 5.67931516172462E-04 
2087	 6.58546142406103E-04 
2088	 5.56651840120672E-04 
2089	 0.001149020356446 
2090	 1.63915430530639E-03 
2091	 1.43749074588814E-03 
2092	 1.42268691531879E-03 
2093	 1.14915228652464E-03 
2094	 5.92269372653296E-04 
2095	-2.62576478924175E-04 
2096	-2.49154087251481E-04 
2097	-1.7703633322248E-04 
2098	-2.77890628562651E-04 
2099	 1.65485152043599E-04 
2100	 2.84792192032389E-04 
2101	 1.75054870434662E-04 
2102	 3.18938858266893E-04 
2103	 3.47383617169359E-04 
2104	 9.03302717980746E-04 
2105	 9.44590381070323E-04 
2106	 6.07970623545334E-04 
2107	 3.5326416206696E-04 
2108	 1.96092973347192E-04 
2109	 3.78734371102678E-04 
2110	 1.25561496471427E-04 
2111	-4.46763417027897E-04 
2112	-4.70999097287416E-04 
2113	 7.32334831810275E-05 
2114	 1.14032744648281E-03 
2115	 1.73562389031386E-03 
2116	 3.69912422108841E-03 
2117	 3.93637104139874E-03 
2118	 2.02302689710201E-03 
2119	 1.60468345560301E-03 
2120	 1.37847125797227E-03 
2121	 9.04276302611117E-04 
2122	 1.40018790299308E-03 
2123	 2.32475394239029E-03 
2124	 2.26826385573876E-03 
2125	 1.5699298361454E-03 
2126	-8.07178231340431E-05 
2127	-5.60826567391275E-04 
2128	 8.71754604928581E-04 
2129	 9.85360827441884E-04 
2130	 1.31600626739583E-03 
2131	 3.01366911795464E-03 
2132	 3.45869766446977E-03 
2133	 2.98356799498293E-03 
2134	 2.75657998465727E-03 
2135	 2.90339468492043E-03 
2136	 2.03317619749189E-03 
2137	 2.01951891618905E-05 
2138	-7.60631607907084E-04 
2139	-2.12141025690415E-03 
2140	-2.30340109689157E-03 
2141	-3.9225729841735E-04 
2142	-1.65055859735805E-04 
2143	-4.03234201027092E-04 
2144	-2.99476170888458E-04 
2145	-2.99964168372329E-04 
2146	-1.66534167913545E-04 
2147	 8.12130852161571E-04 
2148	 2.31545815466777E-03 
2149	 2.65673866210205E-03 
2150	 1.47528884106314E-03 
2151	 1.24206937997151E-03 
2152	 5.38715886101048E-04 
2153	-9.79955462638533E-04 
2154	 2.75405841047848E-05 
2155	 1.39852148070866E-03 
2156	 1.69367926517183E-03 
2157	 1.51107294940411E-03 
2158	 6.64005455864077E-04 
2159	 4.26746738542149E-04 
2160	-5.25978789284668E-04 
2161	-4.16907324790329E-04 
2162	 1.84428615813086E-03 
2163	 2.12372269438437E-03 
2164	 1.07241608522087E-03 
2165	 6.74969793096081E-04 
2166	-6.92628052026335E-04 
2167	-1.07554649806826E-03 
2168	-2.11254450053101E-04 
2169	-8.54781960560749E-05 
2170	-4.26420770829546E-04 
2171	 6.72624271855722E-04 
2172	 5.50254409208003E-04 
2173	 2.01130270423364E-04 
2174	 1.70134435359603E-03 
2175	 1.67832956000917E-03 
2176	 1.43245776609647E-03 
2177	 2.28201021230708E-03 
2178	 1.56667987772442E-03 
2179	 9.33561225160876E-04 
2180	 1.09749904259637E-03 
2181	-4.95662026704194E-05 
2182	-2.5600988666232E-04 
2183	-1.88454269393799E-04 
2184	-9.45923626179041E-04 
2185	 3.30907835352714E-04 
2186	 1.03011644335832E-03 
2187	 2.32239090661767E-03 
2188	 2.56863751273809E-03 
2189	 1.84519088933752E-03 
2190	 1.42717774898358E-03 
2191	 5.55796682515577E-04 
2192	-1.12962096477656E-04 
2193	-3.73187394496532E-04 
2194	-4.64924823877329E-04 
2195	-1.49184768923109E-04 
2196	-7.94107755740231E-04 
2197	-2.79469749705492E-03 
2198	-2.57612231381197E-03 
2199	-1.44068425252638E-03 
2200	-6.80553635403276E-04 
2201	 3.43241720919824E-05 
2202	 6.94780737214142E-04 
2203	-3.539958144182E-04 
2204	-2.49911231326246E-03 
2205	-3.69434994722986E-03 
2206	-3.94450939359358E-03 
2207	-2.56707286828278E-03 
2208	-2.56989804392898E-03 
2209	-1.88094147223185E-03 
2210	-6.28463881631986E-05 
2211	-5.26018414796599E-04 
2212	-8.73624554291994E-04 
2213	-8.97088269247392E-04 
2214	-5.35256363142535E-04 
2215	-1.08678955691629E-03 
2216	-7.63542471819098E-04 
2217	-1.01396065705722E-03 
2218	-2.4998718888647E-03 
2219	-2.86248758836464E-03 
2220	-2.72673497742222E-03 
2221	-2.92498881017611E-03 
2222	-2.16336150652686E-03 
2223	-1.7844233692873E-03 
2224	-2.04321906303827E-03 
2225	-1.87959153880751E-03 
2226	-1.79275387808552E-03 
2227	-1.13201943051277E-03 
2228	-1.63266104255989E-05 
2229	 1.0840340980155E-03 
2230	 3.85074802066716E-03 
2231	 3.60397143560821E-03 
2232	 4.59133134521783E-04 
2233	 2.25840788165569E-04 
2234	 1.23417001097683E-04 
2235	-5.67611474491429E-04 
2236	 1.43131014519606E-03 
2237	 1.96968842271858E-03 
2238	 3.05292766471047E-04 
2239	 9.9712718929616E-04 
2240	 1.78396090259568E-03 
2241	 1.00955154360392E-03 
2242	 4.20086393141049E-04 
2243	-1.10015798949276E-03 
2244	-2.61724286737888E-03 
2245	-1.16897025777408E-03 
2246	 1.4138367114957E-03 
2247	 1.96697200383486E-03 
2248	 1.42121145087524E-03 
2249	-2.86829286449801E-04 
2250	-2.47864067015652E-03 
2251	-3.83280438563798E-03 
2252	-4.71001932133906E-03 
2253	-4.07799139891235E-03 
2254	-2.78540723157632E-03 
2255	-1.43624152722466E-03 
2256	-2.33145329168937E-04 
2257	 2.08218916720584E-03 
2258	 2.52575316357806E-03 
2259	 1.13814871490186E-04 
2260	 4.31303904605811E-04 
2261	 2.27342720148612E-03 
2262	 1.90618509024654E-03 
2263	 1.54143428529464E-03 
2264	 2.28550491392485E-03 
2265	 2.76617168126358E-03 
2266	 1.97541269811978E-03 
2267	 1.13622873983631E-03 
2268	 1.97058106291343E-03 
2269	 1.73062287395653E-03 
2270	 1.64351237449592E-03 
2271	 3.91690536973098E-03 
2272	 4.25086169659441E-03 
2273	 2.63581338813607E-03 
2274	 2.55094845898584E-03 
2275	 3.87019644774911E-03 
2276	 4.28200263365941E-03 
2277	 3.47322417915239E-03 
2278	 2.98854813938626E-03 
2279	 2.59763166831459E-03 
2280	 2.16773787178523E-03 
2281	 1.97827941910557E-03 
2282	 2.01863991197552E-03 
2283	 1.19434168466661E-03 
2284	 3.28231632807193E-05 
2285	-2.67734598377198E-04 
2286	 2.0145066355337E-04 
2287	 1.35219757581084E-03 
2288	 3.21004160036506E-03 
2289	 3.77536274075559E-03 
2290	 3.40234623125938E-03 
2291	 3.15438960565452E-03 
2292	 1.29045610991442E-03 
2293	 7.41680335011316E-04 
2294	 2.31924637007924E-03 
2295	 1.19816479443185E-03 
2296	-4.38219562746042E-04 
2297	-2.19000208168252E-03 
2298	-3.24012367496611E-03 
2299	-3.66000764874503E-03 
2300	-4.70888042367403E-03 
2301	-3.56912370456773E-03 
2302	-4.09366387232978E-03 
2303	-2.71930059173437E-03 
2304	 1.56890723657909E-03 
2305	 7.44797492791554E-04 
2306	-1.46856584463481E-03 
2307	-2.04875989240561E-03 
2308	-3.17083388354163E-03 
2309	-2.16046710087514E-03 
2310	 0.001048422772634 
2311	 3.63473409155193E-03 
2312	 3.4579063170435E-03 
2313	-8.68665313464913E-04 
2314	-2.69041262637403E-03 
2315	-2.20181041689913E-03 
2316	-7.54109703913425E-03 
2317	-6.15139815822128E-03 
2318	 4.34176137190975E-04 
2319	-2.17794097348606E-03 
2320	 9.27333801291414E-04 
2321	 6.09168369322394E-03 
2322	 2.97581499433582E-03 
2323	 1.58721681875769E-03 
2324	 2.96157386547387E-03 
2325	 3.12373443832246E-03 
2326	-2.33959595134348E-04 
2327	-2.25067255341567E-03 
2328	 1.28900316883859E-04 
2329	 1.21447998273841E-03 
2330	 1.83166380295632E-03 
2331	 4.54451174497387E-03 
2332	 1.97467515497708E-03 
2333	-1.85604724293001E-03 
2334	 3.13802453260203E-03 
2335	 8.28190466067393E-03 
2336	 8.43815368370575E-03 
2337	 6.74975368441535E-03 
2338	-1.66976101189129E-03 
2339	-1.10920540104485E-02 
2340	-8.29245618933158E-03 
2341	-5.24961328898171E-03 
2342	-5.11316297586588E-03 
2343	-4.17932341770012E-04 
2344	-1.47096893370633E-03 
2345	-5.54636340259773E-03 
2346	-5.53215730830468E-03 
2347	-4.78100883660496E-03 
2348	-8.3210861827705E-03 
2349	-6.23616183976397E-03 
2350	-2.27977687453049E-03 
2351	-1.19206702155319E-03 
2352	 1.78650046960043E-03 
2353	-7.71518581258508E-03 
2354	-1.05385899943652E-02 
2355	 3.74691060523524E-03 
2356	 2.96230121732328E-03 
2357	-2.22186172163294E-03 
2358	 5.35905537716074E-03 
2359	 4.62987445092857E-03 
2360	-1.48376354232919E-05 
2361	 9.45407995003326E-03 
2362	 1.83053077428357E-02 
2363	 1.35694588892025E-02 
2364	 0.01635048448719 
2365	 1.20358610869505E-02 
2366	-4.25720158528962E-03 
2367	 3.13122083687049E-03 
2368	 6.40461801785841E-03 
2369	 1.20675341249866E-02 
2370	 0.029477350460876 
2371	 2.32695350268594E-02 
2372	 2.11472898948821E-02 
2373	 2.26318954968851E-02 
2374	 1.23014654616805E-02 
2375	 1.63592515496102E-02 
2376	 2.40666254420721E-02 
2377	 1.89705064533805E-02 
2378	 1.64956445029739E-02 
2379	 1.37300441342332E-02 
2380	-1.98427990578344E-02 
2381	-5.82199221952761E-02 
2382	-0.07153070354136 
2383	-7.45156636318907E-02 
2384	-5.73367243958561E-02 
2385	-2.68388371718439E-02 
2386	-8.17284787641165E-03 
2387	-5.29281853486078E-03 
2388	-1.46334628251032E-02 
2389	-3.18774130400319E-02 
2390	-6.41033311929441E-02 
2391	-6.48503770419411E-02 
2392	-2.77256278832168E-02 
2393	-1.16396509547386E-02 
2394	-2.34338026259393E-03 
2395	-5.64655980388909E-03 
2396	-4.07287451119902E-02 
2397	-5.61739464222561E-02 
2398	-5.07552945670798E-02 
2399	-3.28986820626629E-02 
2400	-1.63033234034171E-02 
2401	-1.09267941923043E-02 
2402	 1.02616987482227E-03 
2403	-2.63794533726235E-03 
2404	 9.34661620907158E-03 
2405	 3.65717692217935E-02 
2406	 0.047204115050272 
2407	 5.52581599446157E-02 
2408	 6.78008639510014E-02 
2409	 7.50207872004912E-02 
2410	 4.96023313575796E-02 
2411	 2.05188404316441E-02 
2412	-4.43547342644322E-02 
2413	-9.61614685657154E-02 
2414	-5.77352334626591E-02 
2415	-3.72156140452566E-02 
2416	-0.07310362592731 
2417	-0.225317391393904 
2418	-0.281938043788886 
2419	-0.179951738412788 
2420	-0.150111794210522 
2421	-0.055835059270626 
2422	-0.01720781230144 
2423	-8.82742226427336E-02 
2424	-0.109164320752309 
2425	-4.07371419059107E-02 
2426	 1.34788826254158E-02 
2427	 4.93425300203967E-02 
2428	 5.39788465095623E-02 
2429	 1.88085341776037E-02 
2430	-3.83698666123214E-02 
2431	-5.69615317721446E-02 
2432	 3.46856331977039E-02 
2433	 9.33184735937255E-02 
2434	 0.124676099848396 
2435	 5.84260676890949E-02 
2436	-7.53052873517921E-02 
2437	-2.95155240976031E-02 
2438	-6.48805088128263E-03 
2439	-3.81410422677696E-02 
2440	-4.58016427733048E-02 
2441	-0.199401051831139 
2442	-0.395313040609723 
2443	-0.460094182188328 
2444	-0.5127887174753 
2445	-0.458899714855842 
2446	-0.523635060823243 
2447	-0.17979529696506 
2448	 0.10388608722827 
2449	 9.69241440433838E-02 
2450	 0.171550142393104 
2451	-0.113288778079682 
2452	-0.410470271799139 
2453	 0.348584303844806 
2454	 0.224069363368461 
2455	 0.426259378265021 
2456	 0.424223048234982 
2457	 1.89487657927757E-02 
2458	 9.20652484541182E-03 
2459	 0.261827959275425 
2460	 0.265886032395367 
2461	 0.470388471363421 
2462	 0.667936255249341 
2463	 0.228962373542642 
2464	-0.103426596640802 
2465	-0.428812073348756 
2466	-0.439957172720078 
2467	-0.1965126171645 
2468	 0.348803462362685 
2469	 0.71886509340711 
2470	 0.790716122009591 
2471	 0.573368362658978 
2472	 0.124487097688162 
2473	-0.206929684888375 
2474	-0.212202684381378 
2475	-2.63121718997305E-02 
2476	-3.0200419515524 
2477	-1.37778726526933 
2478	 1.42736568839092 
2479	 0.697983747657119 
2480	 0.178240711708464 
2481	-0.167426487216347 
2482	-0.621569246739989 
2483	-0.390763802621327 
2484	-0.792182764382658 
2485	-1.7352654289215 
2486	-0.63191960998146 
2487	 0.474078240871255 
2488	-5.93064487584182 
2489	 0.420707053444551 
2490	 2.64315806711991 
2491	 1.03110013421901 
2492	 1.03055119811602 
2493	-5.93664484804793 
2494	-1.43893036591772 
2495	-1.81471301539951 
2496	-2.82342520600493 
2497	 17.458107671397 
2498	-3.24180689624744E-02 
2499	 1.47439227116047 
2500	 0.229699736523402 
