Wavelength	rt0801far200009.asd
350	 6.74473047380443E-02 
351	 6.68249571622921E-02 
352	 6.75483782927137E-02 
353	 6.84949501192858E-02 
354	 6.86791637908841E-02 
355	 6.84052299456605E-02 
356	 6.76658481245816E-02 
357	 6.72598603600684E-02 
358	 6.78157263813996E-02 
359	 6.83974449613674E-02 
360	 6.82133838678403E-02 
361	 6.77296115316811E-02 
362	 0.068113715662495 
363	 6.84972138654012E-02 
364	 6.86043362050696E-02 
365	 6.85631902469942E-02 
366	 6.90119099468732E-02 
367	 6.83466517197457E-02 
368	 6.75675156803975E-02 
369	 0.0678061204709 
370	 6.80906969817476E-02 
371	 6.84615816236115E-02 
372	 6.86644397780162E-02 
373	 6.84350887490833E-02 
374	 6.88662274993444E-02 
375	 6.90634546648207E-02 
376	 6.88894011515489E-02 
377	 6.94898610554741E-02 
378	 0.069891425626327 
379	 6.96625252064941E-02 
380	 6.91321705103868E-02 
381	 7.06158243690099E-02 
382	 7.08451211257532E-02 
383	 7.02444153084984E-02 
384	 7.08132431540265E-02 
385	 7.16456682684101E-02 
386	 7.16247353181514E-02 
387	 7.09649927396007E-02 
388	 7.12859210976966E-02 
389	 0.07144032701382 
390	 7.13928298156375E-02 
391	 0.07140369092083 
392	 7.19295610501912E-02 
393	 7.23028984819322E-02 
394	 7.24822933649999E-02 
395	 7.26811059615974E-02 
396	 7.30249375252958E-02 
397	 7.32601546069309E-02 
398	 7.33002457383688E-02 
399	 7.32370286592631E-02 
400	 7.34660453882119E-02 
401	 7.37809649318322E-02 
402	 7.39768203731386E-02 
403	 7.40242910402915E-02 
404	 7.44169089518611E-02 
405	 7.48672106014462E-02 
406	 7.48866318148442E-02 
407	 7.46320804859647E-02 
408	 7.47754445633282E-02 
409	 7.53448850183829E-02 
410	 7.57209288195181E-02 
411	 0.075598322924955 
412	 7.56581918428107E-02 
413	 7.62564190154371E-02 
414	 7.65884884355423E-02 
415	 7.66039385406946E-02 
416	 0.076603559242077 
417	 7.69486975875649E-02 
418	 7.72787212832505E-02 
419	 7.76046622213377E-02 
420	 7.79634963935002E-02 
421	 7.83843629581546E-02 
422	 7.84754833748537E-02 
423	 7.85397114084052E-02 
424	 7.88672761755424E-02 
425	 7.92943531462947E-02 
426	 7.98080643673513E-02 
427	 8.02786878216998E-02 
428	 0.080570630476361 
429	 8.08858725115327E-02 
430	 8.12217707709759E-02 
431	 8.15761771401107E-02 
432	 8.19702526390137E-02 
433	 0.082505462925516 
434	 8.30108831671678E-02 
435	 8.33783870741381E-02 
436	 8.38691873962063E-02 
437	 8.43059122039086E-02 
438	 8.46393788106758E-02 
439	 8.49296904450038E-02 
440	 8.55154934481205E-02 
441	 8.60639847350923E-02 
442	 8.64031851048557E-02 
443	 8.67025076905585E-02 
444	 0.086970972599847 
445	 8.72674979335378E-02 
446	 8.76312108738612E-02 
447	 8.80087578511299E-02 
448	 8.83541466633668E-02 
449	 8.86329814979798E-02 
450	 8.88302026889092E-02 
451	 0.089018980667096 
452	 8.91693288657834E-02 
453	 0.089312878296806 
454	 8.96575841008465E-02 
455	 8.98320180473009E-02 
456	 8.99253560939767E-02 
457	 9.01360318440699E-02 
458	 9.02672905016829E-02 
459	 0.090316038449032 
460	 9.03532860015216E-02 
461	 9.05052102292202E-02 
462	 9.06436420570488E-02 
463	 0.090759508021827 
464	 9.08733477992876E-02 
465	 9.10230064074716E-02 
466	 9.11251353254854E-02 
467	 9.12224401843735E-02 
468	 9.14060047549278E-02 
469	 0.091610831591653 
470	 9.18109713033366E-02 
471	 9.19758290251918E-02 
472	 9.20636589882882E-02 
473	 9.22052274520505E-02 
474	 9.23451363112941E-02 
475	 9.24393528153816E-02 
476	 9.26714854038262E-02 
477	 9.29028175186735E-02 
478	 9.31555314754171E-02 
479	 9.35295142836452E-02 
480	 9.36595139344701E-02 
481	 9.37587970010261E-02 
482	 9.40068784747322E-02 
483	 9.43538389111239E-02 
484	 9.48020234187612E-02 
485	 9.51773910948761E-02 
486	 9.53545854772184E-02 
487	 9.58134099225852E-02 
488	 9.61156223952638E-02 
489	 9.62659936084105E-02 
490	 9.67211127086771E-02 
491	 9.72226988908808E-02 
492	 9.77059440812333E-02 
493	 9.81265919298497E-02 
494	 9.83607163975692E-02 
495	 9.88797213213184E-02 
496	 9.95340996350429E-02 
497	 9.98993164095461E-02 
498	 0.100193442688888 
499	 0.100712405435853 
500	 0.10147301994457 
501	 0.102056433199549 
502	 0.102694663888549 
503	 0.103327955366032 
504	 0.103862201876695 
505	 0.104370759866456 
506	 0.104956231391536 
507	 0.105556717795649 
508	 0.106001142503475 
509	 0.106546275901576 
510	 0.107152398990461 
511	 0.107765171407457 
512	 0.108435933170498 
513	 0.108980716359906 
514	 0.109543730700148 
515	 0.110369945535876 
516	 0.111331212132892 
517	 0.112039234612699 
518	 0.112534667933962 
519	 0.113395410220594 
520	 0.114154308165374 
521	 0.114856689715255 
522	 0.115603990597033 
523	 0.116226936296406 
524	 0.117017438040664 
525	 0.117920975157139 
526	 0.118662032832818 
527	 0.119481364625597 
528	 0.120317384073585 
529	 0.121134825562166 
530	 0.122049220123312 
531	 0.122924707145843 
532	 0.123775799479104 
533	 0.124673940582992 
534	 0.125682639318099 
535	 0.126627561969755 
536	 0.127484705540117 
537	 0.128406814656096 
538	 0.129366797658185 
539	 0.130369789284786 
540	 0.131434623690722 
541	 0.132656712559073 
542	 0.133615558957076 
543	 0.134441157841665 
544	 0.135555619029901 
545	 0.136468930389184 
546	 0.137301547161642 
547	 0.138209942757167 
548	 0.139285611119142 
549	 0.140291442206667 
550	 0.141203527396793 
551	 0.142088761475447 
552	 0.143014909421931 
553	 0.143938734044468 
554	 0.144868105388137 
555	 0.145869015573893 
556	 0.146773251075012 
557	 0.147667720276591 
558	 0.148632281273452 
559	 0.149550423660354 
560	 0.150390810110998 
561	 0.151205182258335 
562	 0.152082566185257 
563	 0.152826175554124 
564	 0.153589759603782 
565	 0.154441974606744 
566	 0.155198994015302 
567	 0.155984499339954 
568	 0.156708113198302 
569	 0.157274077779646 
570	 0.158019812198867 
571	 0.158722183468811 
572	 0.159256797925202 
573	 0.159645148349994 
574	 0.160137117973131 
575	 0.160653135483506 
576	 0.161073938573694 
577	 0.161434383701229 
578	 0.161837423919705 
579	 0.162240810922929 
580	 0.162534892758968 
581	 0.162916002461422 
582	 0.16331911224668 
583	 0.163650289004448 
584	 0.163787262547964 
585	 0.164270964098634 
586	 0.164966613471294 
587	 0.165531380221239 
588	 0.166098670863537 
589	 0.166442627975865 
590	 0.166519094377847 
591	 0.166528399081174 
592	 0.16649368087673 
593	 0.166484392761343 
594	 0.166467665271401 
595	 0.166079465847648 
596	 0.165824245912893 
597	 0.165622072034886 
598	 0.165120700220822 
599	 0.164736031743706 
600	 0.164438743790457 
601	 0.164195154941545 
602	 0.16405279200917 
603	 0.164071368596674 
604	 0.164182193452227 
605	 0.164274269902041 
606	 0.164257366530278 
607	 0.164347345802629 
608	 0.16451464294874 
609	 0.164476850900818 
610	 0.164592839067401 
611	 0.164755973582482 
612	 0.164817076627114 
613	 0.16478573339874 
614	 0.164844530883917 
615	 0.164940432748636 
616	 0.164910684090148 
617	 0.164960152308877 
618	 0.16500677677495 
619	 0.165047895152074 
620	 0.165269501261829 
621	 0.16534361231793 
622	 0.165354525190442 
623	 0.16546091367783 
624	 0.165446547422442 
625	 0.165576244021365 
626	 0.165823473096087 
627	 0.165880302164261 
628	 0.166005146689718 
629	 0.165949986034218 
630	 0.165668620886866 
631	 0.165904011272648 
632	 0.165927502367099 
633	 0.165737946006855 
634	 0.165681600415566 
635	 0.165855556570233 
636	 0.165981690425943 
637	 0.165951701614007 
638	 0.165954528871333 
639	 0.165782782030277 
640	 0.165705654060477 
641	 0.165948623965963 
642	 0.165990501015663 
643	 0.166023394685143 
644	 0.166267211761993 
645	 0.166910485595774 
646	 0.167279832626579 
647	 0.167195468288417 
648	 0.166808339203085 
649	 0.166719867584247 
650	 0.166616525240488 
651	 0.166475301673207 
652	 0.16636296891357 
653	 0.166217068594901 
654	 0.165981157570969 
655	 0.165644055491489 
656	 0.16530872038191 
657	 0.165018145687455 
658	 0.16484106025155 
659	 0.164719696339144 
660	 0.164183061763822 
661	 0.163957932400807 
662	 0.163989294415362 
663	 0.163790662795075 
664	 0.163879471859013 
665	 0.163860650764684 
666	 0.163608856357689 
667	 0.16368641505352 
668	 0.163611046575541 
669	 0.163514315737025 
670	 0.16364649665602 
671	 0.163802093230863 
672	 0.163915032840633 
673	 0.16396884408938 
674	 0.16399976441718 
675	 0.164244852689971 
676	 0.164452677688457 
677	 0.164474452904963 
678	 0.164669759257224 
679	 0.164749597105834 
680	 0.164893981771507 
681	 0.165385237241429 
682	 0.165652629332407 
683	 0.165852082414118 
684	 0.166146319925309 
685	 0.166666737857102 
686	 0.167183414063148 
687	 0.167585901360307 
688	 0.167819062512847 
689	 0.167819173505682 
690	 0.168152598308837 
691	 0.168734764186596 
692	 0.169100695924398 
693	 0.169551470828332 
694	 0.169461150724883 
695	 0.168773052656542 
696	 0.168302474176706 
697	 0.168237558246416 
698	 0.168371903248532 
699	 0.168378340723515 
700	 0.168262739884039 
701	 0.16789237212782 
702	 0.167268438667063 
703	 0.166498204991649 
704	 0.165988841709307 
705	 0.165648024798901 
706	 0.165226804921608 
707	 0.164249129786344 
708	 0.163356168522784 
709	 0.162621714900693 
710	 0.161883662675505 
711	 0.16094142292412 
712	 0.159916516730818 
713	 0.159019646922806 
714	 0.15851986777788 
715	 0.158488894089984 
716	 0.158749992214828 
717	 0.15882281043875 
718	 0.15793110687209 
719	 0.155377178943009 
720	 0.152596833478137 
721	 0.150557792814555 
722	 0.149876841871707 
723	 0.149175472147782 
724	 0.147689511818214 
725	 0.145581625743509 
726	 0.143601719100315 
727	 0.141490994293986 
728	 0.139025137852948 
729	 0.136913828574397 
730	 0.133628034359668 
731	 0.12987502530416 
732	 0.126883371875933 
733	 0.12473919843689 
734	 0.12282962265372 
735	 0.120988288484722 
736	 0.119595627516646 
737	 0.118418885406177 
738	 0.117412478504513 
739	 0.116582296704239 
740	 0.115869938861784 
741	 0.115384532191192 
742	 0.115045668636453 
743	 0.114716211333167 
744	 0.114717682038124 
745	 0.114749796318553 
746	 0.114631111755275 
747	 0.114419228827266 
748	 0.114483745179502 
749	 0.114550091569181 
750	 0.114388473423326 
751	 0.114505565571988 
752	 0.114547989574499 
753	 0.114604491916104 
754	 0.114911932615134 
755	 0.114776478101984 
756	 0.114783010012931 
757	 0.115192613825335 
758	 0.11576948613273 
759	 0.117426273012813 
760	 0.119251402373274 
761	 0.118805777733351 
762	 0.119097120210963 
763	 0.118501438572489 
764	 0.117632219835313 
765	 0.117376537831725 
766	 0.117005169859677 
767	 0.116806409600804 
768	 0.116774757943788 
769	 0.11663304571097 
770	 0.116761052730733 
771	 0.116991647303678 
772	 0.117173262589743 
773	 0.117521807516454 
774	 0.117799003910515 
775	 0.117977777295171 
776	 0.118173459417398 
777	 0.118694884653439 
778	 0.119190993660119 
779	 0.119559419831559 
780	 0.119995373760607 
781	 0.120364023137743 
782	 0.120692620098385 
783	 0.121084418934525 
784	 0.121761064422231 
785	 0.122450907637725 
786	 0.123116074592002 
787	 0.12379693465213 
788	 0.124490787737212 
789	 0.125105700256942 
790	 0.125521616771087 
791	 0.125671350384017 
792	 0.125957987624481 
793	 0.126274379932026 
794	 0.126649942507304 
795	 0.127449824014225 
796	 0.1280748085891 
797	 0.128404668567275 
798	 0.128602005680696 
799	 0.12911111355773 
800	 0.129726146471806 
801	 0.130137326925896 
802	 0.130097951176066 
803	 0.130143640042587 
804	 0.12999874563066 
805	 0.129714103627401 
806	 0.129736126084336 
807	 0.129919895568807 
808	 0.130234727771565 
809	 0.130587104397739 
810	 0.130673987987808 
811	 0.130723616785754 
812	 0.131083804407102 
813	 0.131963585291751 
814	 0.132281513500652 
815	 0.131783285207961 
816	 0.130772006657972 
817	 0.129846108788013 
818	 0.128219369149105 
819	 0.126864378050576 
820	 0.126066269148737 
821	 0.125344324553864 
822	 0.123652170476553 
823	 0.121486815176106 
824	 0.119570300676007 
825	 0.117552164544799 
826	 0.116063151434053 
827	 0.114278929710708 
828	 0.111257145551484 
829	 0.108230189021434 
830	 0.105795116618983 
831	 0.103999906060522 
832	 0.102533501539725 
833	 0.100902268858125 
834	 9.92768853905226E-02 
835	 9.78996483235194E-02 
836	 9.69911299458994E-02 
837	 9.59559591532525E-02 
838	 9.50775292216354E-02 
839	 9.45848692508858E-02 
840	 9.41448707558904E-02 
841	 9.32796437957028E-02 
842	 9.23526775546735E-02 
843	 9.19063544747181E-02 
844	 0.091659112477596 
845	 9.13176713916049E-02 
846	 9.08685120248213E-02 
847	 9.04710448360133E-02 
848	 8.99269719467029E-02 
849	 8.95164764234613E-02 
850	 8.91990269358876E-02 
851	 8.84967412085832E-02 
852	 8.79674955276372E-02 
853	 8.77611323045979E-02 
854	 8.76873501082396E-02 
855	 8.70768600810299E-02 
856	 8.64220376978775E-02 
857	 8.59942900483028E-02 
858	 8.58641604121559E-02 
859	 8.57192422979635E-02 
860	 8.52316035182236E-02 
861	 8.46648939191653E-02 
862	 8.44453597665538E-02 
863	 0.083934305848792 
864	 8.36718300503006E-02 
865	 8.35172393270433E-02 
866	 8.27844826600258E-02 
867	 0.082581509406935 
868	 8.21930503958301E-02 
869	 8.14402851975403E-02 
870	 8.11252860590362E-02 
871	 8.05891385593308E-02 
872	 7.99726228044251E-02 
873	 7.94662517066188E-02 
874	 0.078976715179966 
875	 7.86541889470227E-02 
876	 0.078355512311297 
877	 7.78405260417747E-02 
878	 7.68199998505816E-02 
879	 0.076311077039481 
880	 7.61420749885804E-02 
881	 7.56742843652886E-02 
882	 7.53763644987963E-02 
883	 7.49066595394759E-02 
884	 7.41331394022709E-02 
885	 7.32332364011664E-02 
886	 7.32274255806252E-02 
887	 7.29215824407643E-02 
888	 7.21455792369075E-02 
889	 7.21089699817233E-02 
890	 7.21493298669243E-02 
891	 0.071690329293564 
892	 7.10048660850696E-02 
893	 7.20369725716213E-02 
894	 7.19957190309396E-02 
895	 7.16976778845939E-02 
896	 7.23034739893706E-02 
897	 7.19175351279527E-02 
898	 7.14935460384692E-02 
899	 7.12654509406355E-02 
900	 7.10566006228203E-02 
901	 7.04144736523273E-02 
902	 6.93996081159345E-02 
903	 6.83168905721273E-02 
904	 6.75507369353784E-02 
905	 6.74604318849296E-02 
906	 6.73995110549043E-02 
907	 0.067155653265647 
908	 6.68349985746467E-02 
909	 6.60768132518125E-02 
910	 6.55251756726725E-02 
911	 6.53052659401716E-02 
912	 6.50505105136723E-02 
913	 0.065799701685153 
914	 6.48508210891893E-02 
915	 6.23653744610854E-02 
916	 6.17959705928807E-02 
917	 6.03714049664905E-02 
918	 5.82009274707519E-02 
919	 5.63944009897533E-02 
920	 5.65580846309164E-02 
921	 5.54159012347938E-02 
922	 5.32854364973489E-02 
923	 5.16025608742962E-02 
924	 5.26943450551778E-02 
925	 5.21964884818167E-02 
926	 5.07323778022705E-02 
927	 5.02885058175438E-02 
928	 5.06909462066389E-02 
929	 5.51938295007057E-02 
930	 5.75925120424129E-02 
931	 4.70998385640045E-02 
932	 4.58552643662064E-02 
933	 0.053058117962241 
934	 5.43140511609678E-02 
935	 4.00354997954722E-02 
936	 3.89801786407797E-02 
937	 4.86137012954157E-02 
938	 5.25111628547272E-02 
939	 4.23083762106154E-02 
940	 4.80317626124105E-02 
941	 4.97761987666163E-02 
942	 4.10508522273796E-02 
943	 2.72171659730866E-02 
944	 3.99300018810512E-02 
945	 4.60616125827611E-02 
946	 0.041023241318446 
947	 4.02582739804115E-02 
948	 4.50202577059655E-02 
949	 0.045296620316091 
950	 4.00562606299868E-02 
951	 3.47058710517661E-02 
952	 3.26182690049683E-02 
953	 3.22371218604688E-02 
954	 3.51312579481444E-02 
955	 4.25413418963415E-02 
956	 3.99278334207183E-02 
957	 3.92460067515026E-02 
958	 4.09201901661907E-02 
959	 3.78488688803504E-02 
960	 3.50633897525665E-02 
961	 0.03662219424184 
962	 0.039479128345806 
963	 3.76670155007037E-02 
964	 3.39885480726288E-02 
965	 3.41266718552241E-02 
966	 0.037002911367032 
967	 3.77054698408262E-02 
968	 3.75669098865894E-02 
969	 3.68112341029404E-02 
970	 3.52941724812859E-02 
971	 3.29426249841799E-02 
972	 3.22927114707616E-02 
973	 3.22705756042256E-02 
974	 3.20023421002834E-02 
975	 3.15573289504187E-02 
976	 3.38177978088564E-02 
977	 3.32134888783687E-02 
978	 3.04728649656721E-02 
979	 3.14277942803791E-02 
980	 3.36193507766642E-02 
981	 3.41345308669597E-02 
982	 3.33130154768767E-02 
983	 3.33959685883823E-02 
984	 3.06155368357686E-02 
985	 3.10538997965353E-02 
986	 3.38580458043257E-02 
987	 3.31702147889813E-02 
988	 3.24693892441069E-02 
989	 0.030967353673551 
990	 0.029594114758559 
991	 3.02085260813267E-02 
992	 3.12898405741767E-02 
993	 2.98077420152656E-02 
994	 2.85181480655488E-02 
995	 0.031807940074645 
996	 2.86072686583913E-02 
997	 2.79631110655092E-02 
998	 3.05984335061909E-02 
999	 3.14632569064114E-02 
1000	 3.09597353266764E-02 
1001	 3.06045055007264E-02 
1002	 3.11009913311937E-02 
1003	 3.12579011671301E-02 
1004	 3.02694355714344E-02 
1005	 2.99108644694995E-02 
1006	 3.00541141331546E-02 
1007	 2.94180076681712E-02 
1008	 2.96443088362972E-02 
1009	 2.96190172939191E-02 
1010	 2.89511661587548E-02 
1011	 2.91031271804307E-02 
1012	 2.89484326327247E-02 
1013	 2.85456645515818E-02 
1014	 0.028869786106428 
1015	 3.04447236849406E-02 
1016	 3.08083236331013E-02 
1017	 3.07342998539036E-02 
1018	 3.08469955351365E-02 
1019	 3.01923917580063E-02 
1020	 3.02791798164082E-02 
1021	 3.08574200855802E-02 
1022	 3.18027927171851E-02 
1023	 3.24378198510495E-02 
1024	 3.20390896490203E-02 
1025	 3.10843631689307E-02 
1026	 3.07468853125103E-02 
1027	 3.06129954414075E-02 
1028	 3.08227780237382E-02 
1029	 3.08794452251371E-02 
1030	 0.030877412375827 
1031	 3.11706092941865E-02 
1032	 3.18505271711398E-02 
1033	 3.18162184043759E-02 
1034	 3.17290122480302E-02 
1035	 3.18221835845181E-02 
1036	 3.10619356442685E-02 
1037	 3.10578265412006E-02 
1038	 3.17833459219745E-02 
1039	 3.24434689630007E-02 
1040	 3.28674576398127E-02 
1041	 3.35869645113382E-02 
1042	 3.41237746077416E-02 
1043	 3.48071027514223E-02 
1044	 3.47841142713654E-02 
1045	 3.43502275532914E-02 
1046	 0.034193770616429 
1047	 3.32370357142389E-02 
1048	 3.34581826314877E-02 
1049	 0.03476924869432 
1050	 3.53396889760129E-02 
1051	 3.64460491881191E-02 
1052	 0.036737837955557 
1053	 3.59111061530459E-02 
1054	 0.035728777886189 
1055	 3.54641155901537E-02 
1056	 3.53571904970518E-02 
1057	 0.035426420809109 
1058	 3.58316935452188E-02 
1059	 3.62437787549969E-02 
1060	 3.68430104250772E-02 
1061	 3.71306390646184E-02 
1062	 3.76180092451077E-02 
1063	 3.77182156600716E-02 
1064	 3.72294390595905E-02 
1065	 3.71510454511108E-02 
1066	 3.69499340003613E-02 
1067	 3.71214952928627E-02 
1068	 3.79302024981962E-02 
1069	 3.81641403554096E-02 
1070	 3.85450203907851E-02 
1071	 3.85338003088528E-02 
1072	 3.80957974478218E-02 
1073	 3.70213176842335E-02 
1074	 3.69784549422212E-02 
1075	 3.71596665882988E-02 
1076	 3.73456009042143E-02 
1077	 3.85579112678975E-02 
1078	 3.83739505197752E-02 
1079	 3.69542279014334E-02 
1080	 3.67582175788882E-02 
1081	 3.64962437726575E-02 
1082	 3.63616811512143E-02 
1083	 3.74956674786857E-02 
1084	 3.75846093736432E-02 
1085	 3.63503160882484E-02 
1086	 3.61631926059111E-02 
1087	 3.65958940631642E-02 
1088	 3.64889085920332E-02 
1089	 3.66315965022634E-02 
1090	 0.036654558685154 
1091	 3.65341494498709E-02 
1092	 3.57971504058183E-02 
1093	 3.53773960854858E-02 
1094	 3.52705041406928E-02 
1095	 3.49748736502207E-02 
1096	 3.40066962994009E-02 
1097	 3.39690231181934E-02 
1098	 3.47300357803233E-02 
1099	 3.50203151680461E-02 
1100	 3.60670207439046E-02 
1101	 3.62096979234856E-02 
1102	 3.51327618981919E-02 
1103	 3.47819290431576E-02 
1104	 3.42506980872817E-02 
1105	 3.38440689379098E-02 
1106	 3.48055857480199E-02 
1107	 0.035611488182034 
1108	 3.59169336159643E-02 
1109	 3.57602067294244E-02 
1110	 3.56748447626033E-02 
1111	 3.43805765870905E-02 
1112	 3.43370680359631E-02 
1113	 3.57038217111748E-02 
1114	 3.63857495918555E-02 
1115	 3.86067937601195E-02 
1116	 3.81192270347956E-02 
1117	 3.29297783545936E-02 
1118	 2.96540339535199E-02 
1119	 2.20378813928427E-02 
1120	 1.57760681430833E-02 
1121	 9.9633449506001E-03 
1122	 1.87768791257133E-02 
1123	 2.66743544883936E-02 
1124	 2.29243712000932E-02 
1125	 2.06711751268446E-02 
1126	 2.12201232065186E-02 
1127	 1.48653650965614E-02 
1128	 2.58122150963831E-02 
1129	 2.97721728101853E-02 
1130	 3.29193176026565E-02 
1131	 2.98504973337403E-02 
1132	 2.33237090902956E-02 
1133	 2.57226698775537E-02 
1134	 3.20441437528642E-02 
1135	 3.47752340685787E-02 
1136	 3.93506962368866E-02 
1137	 3.79831265566123E-02 
1138	 2.78459620268509E-02 
1139	 3.15643638658103E-02 
1140	 3.36244667185652E-02 
1141	 3.06756732789487E-02 
1142	 3.05503192877038E-02 
1143	 2.70728407640546E-02 
1144	 2.52330705684099E-02 
1145	 3.10839136476241E-02 
1146	 3.87657451417168E-02 
1147	 3.87426954274272E-02 
1148	 0.033423565308153 
1149	 3.13943942217893E-02 
1150	 0.032636738190728 
1151	 3.79311933713684E-02 
1152	 3.75185717848584E-02 
1153	 3.71923797510722E-02 
1154	 3.56799808498415E-02 
1155	 3.10936676849858E-02 
1156	 2.96284264176479E-02 
1157	 3.18986896416896E-02 
1158	 3.34118819459796E-02 
1159	 3.41048139710864E-02 
1160	 3.38591190842315E-02 
1161	 3.23632510950009E-02 
1162	 3.19819155035369E-02 
1163	 3.30469525669035E-02 
1164	 0.033184394053954 
1165	 0.032536075704517 
1166	 3.22425914808491E-02 
1167	 3.14792996280718E-02 
1168	 3.10340141888565E-02 
1169	 3.20055123304095E-02 
1170	 3.30923304871414E-02 
1171	 3.31845520635032E-02 
1172	 3.24047510688035E-02 
1173	 3.23469957747622E-02 
1174	 3.20836246005637E-02 
1175	 0.032142083944119 
1176	 3.22752205205016E-02 
1177	 3.24159576468951E-02 
1178	 3.26782507948902E-02 
1179	 3.21138545715308E-02 
1180	 3.11301232466265E-02 
1181	 3.17392132082074E-02 
1182	 3.22126438571635E-02 
1183	 3.16293096018735E-02 
1184	 3.16382495720352E-02 
1185	 3.19550886458523E-02 
1186	 3.18752681270975E-02 
1187	 3.15257142174212E-02 
1188	 3.14407855169687E-02 
1189	 3.14754923036819E-02 
1190	 3.13130241575335E-02 
1191	 3.13330981256829E-02 
1192	 3.13619522468952E-02 
1193	 3.16002564351014E-02 
1194	 3.15320570180788E-02 
1195	 3.15602430399545E-02 
1196	 3.16300392879587E-02 
1197	 3.17028849805954E-02 
1198	 3.16779975536913E-02 
1199	 3.12046671740858E-02 
1200	 3.10328168918498E-02 
1201	 0.031238237225396 
1202	 3.12925648820283E-02 
1203	 0.031662825807212 
1204	 3.21431901111796E-02 
1205	 3.16423203966703E-02 
1206	 3.07313731955213E-02 
1207	 3.05558445967485E-02 
1208	 3.02654862483882E-02 
1209	 0.030077932067064 
1210	 3.05137252995265E-02 
1211	 3.03750001169252E-02 
1212	 2.99045903074077E-02 
1213	 2.97686655832943E-02 
1214	 2.95535543077182E-02 
1215	 2.92532002951235E-02 
1216	 2.90746588097812E-02 
1217	 2.96663722254632E-02 
1218	 3.00754850860219E-02 
1219	 3.00626423650077E-02 
1220	 3.03520242285884E-02 
1221	 3.00328983704528E-02 
1222	 2.95317609039327E-02 
1223	 2.98880585231786E-02 
1224	 2.98762336186165E-02 
1225	 2.97281046181502E-02 
1226	 2.98576708202317E-02 
1227	 2.93174928924858E-02 
1228	 0.029275373268403 
1229	 2.97069086453045E-02 
1230	 2.97071264014502E-02 
1231	 2.97983974478249E-02 
1232	 2.95445823689695E-02 
1233	 2.91612208041647E-02 
1234	 2.91259709667785E-02 
1235	 2.89700653387318E-02 
1236	 2.89996651187329E-02 
1237	 2.90150702245798E-02 
1238	 2.90627702368278E-02 
1239	 2.86863642172255E-02 
1240	 2.85303971374834E-02 
1241	 2.89443459359488E-02 
1242	 2.87039950395703E-02 
1243	 2.82526378992133E-02 
1244	 2.84726644855626E-02 
1245	 2.83696778066009E-02 
1246	 2.81471094963569E-02 
1247	 2.83320729001653E-02 
1248	 2.85325357778364E-02 
1249	 2.85560281116832E-02 
1250	 2.83547683206274E-02 
1251	 2.85152918999833E-02 
1252	 2.91376239263581E-02 
1253	 2.92289933669954E-02 
1254	 0.029084978613866 
1255	 0.029651849745612 
1256	 2.98178534189642E-02 
1257	 2.90619164718106E-02 
1258	 2.87635293074547E-02 
1259	 2.90647051627558E-02 
1260	 2.90231861857461E-02 
1261	 2.82769740158368E-02 
1262	 2.82851963140075E-02 
1263	 2.89658140490485E-02 
1264	 2.93177458707796E-02 
1265	 2.89212072548937E-02 
1266	 2.94732173244079E-02 
1267	 2.96415095105302E-02 
1268	 2.89307320177378E-02 
1269	 2.88893613664571E-02 
1270	 0.029140478064054 
1271	 2.91441547106122E-02 
1272	 2.89106822832669E-02 
1273	 0.028884664656837 
1274	 0.02907284565271 
1275	 2.89179843229835E-02 
1276	 2.88432953399094E-02 
1277	 2.88885154976554E-02 
1278	 2.85897780431262E-02 
1279	 2.87259595510013E-02 
1280	 2.88596036731399E-02 
1281	 0.02875582417972 
1282	 2.85398657877781E-02 
1283	 2.83509470212013E-02 
1284	 2.76292054891469E-02 
1285	 2.77308892256227E-02 
1286	 2.85147995554543E-02 
1287	 2.86985971305556E-02 
1288	 0.02891867850324 
1289	 2.91614734236499E-02 
1290	 2.91425603615399E-02 
1291	 2.91837976426067E-02 
1292	 2.91714203315405E-02 
1293	 2.94283494698493E-02 
1294	 2.96366766163851E-02 
1295	 2.92764823813653E-02 
1296	 2.90950767430887E-02 
1297	 2.92991088236203E-02 
1298	 2.92389498933316E-02 
1299	 2.95678420807916E-02 
1300	 3.02791705089238E-02 
1301	 0.030463449433636 
1302	 0.029931457823937 
1303	 2.90569980119027E-02 
1304	 2.89576495938088E-02 
1305	 2.92795660074346E-02 
1306	 2.90044427691513E-02 
1307	 2.91793150982468E-02 
1308	 2.94561745962501E-02 
1309	 2.87546751448246E-02 
1310	 2.88029556786091E-02 
1311	 3.05156188092467E-02 
1312	 3.06784880082333E-02 
1313	 2.93394060869529E-02 
1314	 2.93275886153423E-02 
1315	 2.97139814728855E-02 
1316	 2.99532517601492E-02 
1317	 3.09507976718851E-02 
1318	 3.17501624406628E-02 
1319	 3.18453059220867E-02 
1320	 3.19494410665587E-02 
1321	 3.23537055543175E-02 
1322	 3.31089676879209E-02 
1323	 3.15672946188152E-02 
1324	 3.14316438786525E-02 
1325	 3.24416590385153E-02 
1326	 3.27692827379302E-02 
1327	 3.29223011143292E-02 
1328	 0.034272800818393 
1329	 3.72884113696526E-02 
1330	 0.035582932206673 
1331	 3.00854141926574E-02 
1332	 0.028948252190226 
1333	 2.96177431200155E-02 
1334	 2.95535822052699E-02 
1335	 3.03450782002048E-02 
1336	 3.72847806540374E-02 
1337	 3.89470053368171E-02 
1338	 3.60192785368998E-02 
1339	 3.53174259777819E-02 
1340	 3.42871222983273E-02 
1341	 3.35620077109701E-02 
1342	 0.031711951173993 
1343	 3.12714374746691E-02 
1344	 3.58616397139002E-02 
1345	 3.54112837820835E-02 
1346	 2.95654005800626E-02 
1347	 2.58324106044842E-02 
1348	 1.75440360375877E-02 
1349	 4.20936216664934E-03 
1350	-2.36122064227916E-02 
1351	-3.65802013992038E-02 
1352	-2.69110307260236E-03 
1353	-2.53217174959027E-02 
1354	-0.115271250953212 
1355	-6.92237913647079E-02 
1356	-0.22107835490098 
1357	-0.678739552186429 
1358	-0.62956455661172 
1359	-0.426688739603223 
1360	-0.599353662925731 
1361	-0.414940548265926 
1362	-0.360918440681221 
1363	-0.738738865866392 
1364	-0.831063184250591 
1365	-0.930863977585146 
1366	-1.8426042870697 
1367	-2.65695303771589 
1368	-2.88096043842509 
1369	-2.78372891935224 
1370	-2.57431362871899 
1371	-1.38350371430311 
1372	-0.787535974895998 
1373	-0.615398192560712 
1374	-0.474228418408029 
1375	-0.39737669889793 
1376	-0.552325726549759 
1377	-20.9435584617451 
1378	 3.36252639017771 
1379	-8.9747864058848 
1380	-2.812653103746 
1381	 1.13803616232679 
1382	 0.92103987669748 
1383	 3.9145225262187 
1384	 3.7575727561495 
1385	-6.59448900543772 
1386	-5.96752974688892 
1387	 4.86116127767283 
1388	 2.74755472385048 
1389	 1.26377143398436 
1390	 0.975039978928984 
1391	 0.970111407131306 
1392	 2.63179636992164 
1393	-22.9284522503801 
1394	-1.63606645967567 
1395	-1.32557649071418 
1396	-0.255808843643362 
1397	 0.561824538155013 
1398	 1.18713629472292 
1399	-4.56334692668472 
1400	 0.315496633449027 
1401	 6.10184622978224 
1402	-7.59503933621604 
1403	 112.041889932917 
1404	-39.2582249342377 
1405	-59.0209960112929 
1406	 2.06638716875142 
1407	 1.79239657211261 
1408	 3.81752500451008 
1409	 10.4977124412592 
1410	-4.43641626748502 
1411	-2.76556495746258 
1412	-0.928447457058031 
1413	-0.596247619911754 
1414	-5.27057679078434 
1415	 46.801323784162 
1416	-10.5110422391996 
1417	-1.74237148161527E-02 
1418	-0.235358327968103 
1419	-0.231270806374897 
1420	-0.114451818908405 
1421	-0.113907997832055 
1422	-0.386968318074098 
1423	-0.35990064975424 
1424	-4.73742045805426E-02 
1425	-2.68828366689635E-02 
1426	-5.23213688968784E-02 
1427	-7.43198121565263E-02 
1428	-0.237123297802421 
1429	-0.232559459248683 
1430	-8.40921218124209E-02 
1431	-5.88471559025898E-02 
1432	-3.89770553759568E-02 
1433	-1.63523137037745E-02 
1434	-3.60447821656911E-02 
1435	-8.85774675882555E-02 
1436	-0.145263938328713 
1437	-0.215350113592092 
1438	-0.19986685511065 
1439	-0.123226788401736 
1440	-0.077621840988367 
1441	-1.26112315205325E-02 
1442	 0.018686529214644 
1443	-1.88483725847744E-02 
1444	-4.61584150048278E-02 
1445	-3.79903656940406E-02 
1446	-0.013775367226731 
1447	-2.41025025957204E-02 
1448	-3.27691334601142E-02 
1449	-8.20444118077536E-03 
1450	 7.31297234101157E-03 
1451	-9.00224619550579E-03 
1452	 2.5745259193263E-04 
1453	 3.24946515506784E-02 
1454	 3.91398009321478E-02 
1455	 3.50561626269935E-02 
1456	 3.84501469874825E-02 
1457	 4.20494785631932E-02 
1458	 4.22521303889483E-02 
1459	 4.10919877078587E-02 
1460	 4.29908989798895E-02 
1461	 4.44419521243127E-02 
1462	 4.66017867451897E-02 
1463	 5.67946186325628E-02 
1464	 5.44392508957291E-02 
1465	 3.92251203758967E-02 
1466	 0.037188458571959 
1467	 3.94592357586851E-02 
1468	 2.92821544942984E-02 
1469	 1.26693604516196E-02 
1470	 1.66041683598087E-02 
1471	 2.21312820379094E-02 
1472	 2.19783890967994E-02 
1473	 4.28140047407978E-02 
1474	 4.63546147273438E-02 
1475	 2.48084288892023E-02 
1476	 2.63274883508216E-02 
1477	 4.36016083423483E-02 
1478	 4.60285630632817E-02 
1479	 4.27986904977055E-02 
1480	 4.47625034635891E-02 
1481	 4.58488524866689E-02 
1482	 4.61677781142262E-02 
1483	 5.09069166970192E-02 
1484	 0.049792839077393 
1485	 4.41813374869017E-02 
1486	 4.12620590248282E-02 
1487	 3.79013498017797E-02 
1488	 3.73247120235014E-02 
1489	 3.84811136716796E-02 
1490	 3.79714798547835E-02 
1491	 0.037311263674155 
1492	 0.037465962772196 
1493	 3.83897144827362E-02 
1494	 3.75248028251422E-02 
1495	 3.57636385803803E-02 
1496	 3.52338233877861E-02 
1497	 3.40123294191787E-02 
1498	 3.34190811427609E-02 
1499	 3.47734483638251E-02 
1500	 3.45149945183842E-02 
1501	 3.22822913408376E-02 
1502	 3.18306433880491E-02 
1503	 3.12014497707191E-02 
1504	 3.19444447847075E-02 
1505	 3.49482504305854E-02 
1506	 3.70162561065812E-02 
1507	 3.57510706111774E-02 
1508	 0.034762031472811 
1509	 3.44161415695892E-02 
1510	 0.033278413065233 
1511	 3.19200429859067E-02 
1512	 3.20708140886328E-02 
1513	 3.31108071321171E-02 
1514	 3.21785149378047E-02 
1515	 0.031911541923002 
1516	 0.033668561551703 
1517	 0.033549511321704 
1518	 3.21286389290721E-02 
1519	 3.20817629555061E-02 
1520	 3.21985815108976E-02 
1521	 0.031985696384977 
1522	 3.21702309808056E-02 
1523	 3.24317179939309E-02 
1524	 3.25340370870519E-02 
1525	 0.032109720915338 
1526	 3.18829701739885E-02 
1527	 3.25864872182723E-02 
1528	 3.24226857247237E-02 
1529	 3.11912520406256E-02 
1530	 3.08018656441297E-02 
1531	 3.09723457580892E-02 
1532	 3.06363053556452E-02 
1533	 0.03047812298024 
1534	 3.08077485742398E-02 
1535	 3.08168350754353E-02 
1536	 3.05582327481634E-02 
1537	 3.01558104499292E-02 
1538	 3.00516802103989E-02 
1539	 2.99571315986133E-02 
1540	 2.93898819416334E-02 
1541	 2.91919351955377E-02 
1542	 2.91745531537424E-02 
1543	 2.99074343337802E-02 
1544	 3.08816123275864E-02 
1545	 3.06494044930338E-02 
1546	 3.01620182491098E-02 
1547	 2.94215296505321E-02 
1548	 2.87894152150959E-02 
1549	 2.94575633023158E-02 
1550	 2.99628202183279E-02 
1551	 0.029582436751254 
1552	 2.97399753025331E-02 
1553	 0.030146274403455 
1554	 2.97258714317873E-02 
1555	 2.90658260772828E-02 
1556	 2.93622385661324E-02 
1557	 2.98235042105806E-02 
1558	 2.94324601688946E-02 
1559	 2.91317405459502E-02 
1560	 2.90765592764405E-02 
1561	 2.87777492481716E-02 
1562	 2.89414534535177E-02 
1563	 2.99922371054143E-02 
1564	 3.02792516019052E-02 
1565	 2.92988179636501E-02 
1566	 2.90779748508149E-02 
1567	 2.97526467634666E-02 
1568	 2.96507770479957E-02 
1569	 2.89361429591252E-02 
1570	 2.90750680955289E-02 
1571	 2.93417396179186E-02 
1572	 2.91214329406969E-02 
1573	 2.91124343784988E-02 
1574	 2.93200083911836E-02 
1575	 2.97160800983902E-02 
1576	 2.96369975558585E-02 
1577	 2.94643835891643E-02 
1578	 2.95846281464583E-02 
1579	 2.93556056434558E-02 
1580	 2.91115301262605E-02 
1581	 2.89918755176772E-02 
1582	 2.90911374543773E-02 
1583	 2.87413799959178E-02 
1584	 2.80042107250714E-02 
1585	 2.82449514327009E-02 
1586	 2.83571806384449E-02 
1587	 0.027967246889727 
1588	 2.79610181310877E-02 
1589	 2.78143359995369E-02 
1590	 2.77863586786428E-02 
1591	 2.78752230024785E-02 
1592	 0.027616536991224 
1593	 2.75407206655286E-02 
1594	 2.77381991323805E-02 
1595	 0.028177523860342 
1596	 2.82390023487974E-02 
1597	 2.76823543286471E-02 
1598	 2.76467561387024E-02 
1599	 0.027826717853399 
1600	 0.02798284954291 
1601	 2.81702724594882E-02 
1602	 0.028113786470207 
1603	 2.80298511830805E-02 
1604	 2.81275569217366E-02 
1605	 2.80152618497818E-02 
1606	 2.78675961607074E-02 
1607	 2.85036058614532E-02 
1608	 2.83502558079966E-02 
1609	 2.76024677356064E-02 
1610	 2.71195728753966E-02 
1611	 0.026050008784339 
1612	 2.58926203864648E-02 
1613	 2.70869372544048E-02 
1614	 2.76170630147832E-02 
1615	 2.71061788244622E-02 
1616	 2.69391469473918E-02 
1617	 2.65107203055084E-02 
1618	 2.62437012907073E-02 
1619	 2.76305832135725E-02 
1620	 2.78008669258537E-02 
1621	 2.64527406119363E-02 
1622	 2.66060571589589E-02 
1623	 0.027149094903162 
1624	 0.026719975303438 
1625	 2.64823636479639E-02 
1626	 2.65466360368096E-02 
1627	 2.64042419430569E-02 
1628	 2.64804209008267E-02 
1629	 2.71438863169815E-02 
1630	 2.70671870914175E-02 
1631	 2.55934014813021E-02 
1632	 2.55058150452202E-02 
1633	 2.68890899150853E-02 
1634	 2.73017605808121E-02 
1635	 2.72517361903675E-02 
1636	 2.68298996213714E-02 
1637	 2.57569330296531E-02 
1638	 2.61126013331125E-02 
1639	 2.73849251050993E-02 
1640	 2.75187514177692E-02 
1641	 2.73668753226068E-02 
1642	 2.72778976967182E-02 
1643	 2.69963390941635E-02 
1644	 2.64793308293553E-02 
1645	 2.64614881924484E-02 
1646	 2.73703787993054E-02 
1647	 2.72469551619868E-02 
1648	 2.63227501749521E-02 
1649	 2.59102900183396E-02 
1650	 2.53730290311565E-02 
1651	 2.58611491825419E-02 
1652	 2.71742499370173E-02 
1653	 2.68228583696157E-02 
1654	 2.65347878020755E-02 
1655	 2.55044481963872E-02 
1656	 2.59082869020902E-02 
1657	 2.77050175795045E-02 
1658	 2.76335272657352E-02 
1659	 2.68039920399157E-02 
1660	 2.65459199010112E-02 
1661	 2.59543286275568E-02 
1662	 2.55954984229107E-02 
1663	 0.02535915317786 
1664	 2.52691107171403E-02 
1665	 2.53440839379376E-02 
1666	 2.52808102332007E-02 
1667	 2.53699605771217E-02 
1668	 2.57045217146594E-02 
1669	 2.57931537840818E-02 
1670	 2.46175648320787E-02 
1671	 2.50320594361482E-02 
1672	 2.61516952109939E-02 
1673	 2.55799160799937E-02 
1674	 0.0249421543894 
1675	 2.54395250213981E-02 
1676	 2.52877584048882E-02 
1677	 2.43437144132015E-02 
1678	 2.53483982935447E-02 
1679	 2.62659718525192E-02 
1680	 2.59018731950668E-02 
1681	 2.63068739654855E-02 
1682	 0.025986634953962 
1683	 0.025539911782195 
1684	 2.69089403286955E-02 
1685	 2.71022733012112E-02 
1686	 2.63173016614493E-02 
1687	 0.027241665189782 
1688	 0.026605004057774 
1689	 2.54735404517807E-02 
1690	 2.66170664299339E-02 
1691	 2.61360595185018E-02 
1692	 2.47915752160832E-02 
1693	 2.56169386188315E-02 
1694	 2.67375289627489E-02 
1695	 0.026411995956773 
1696	 2.58184513840503E-02 
1697	 2.54994244806011E-02 
1698	 2.49304861814525E-02 
1699	 2.52512694338668E-02 
1700	 2.63264043519212E-02 
1701	 2.72526556974382E-02 
1702	 2.73031263197238E-02 
1703	 2.62438102450374E-02 
1704	 2.55262915416686E-02 
1705	 2.60026528127575E-02 
1706	 2.66903347288871E-02 
1707	 2.63029378794201E-02 
1708	 2.61598503690653E-02 
1709	 0.026169621395835 
1710	 2.51295306079484E-02 
1711	 2.53836639340139E-02 
1712	 0.026796058990701 
1713	 2.77583438013173E-02 
1714	 2.73627868945642E-02 
1715	 2.51146521386857E-02 
1716	 2.53816161188998E-02 
1717	 2.58976400744725E-02 
1718	 2.54819329000865E-02 
1719	 2.65850785739838E-02 
1720	 2.67163972739269E-02 
1721	 0.024331729632443 
1722	 2.40599515846178E-02 
1723	 2.56973479148268E-02 
1724	 2.65233426281317E-02 
1725	 2.79889941989213E-02 
1726	 2.84034873918697E-02 
1727	 2.63537022851483E-02 
1728	 0.025686803469269 
1729	 2.69333542091797E-02 
1730	 2.79578774830221E-02 
1731	 2.89769479374254E-02 
1732	 2.76783234103301E-02 
1733	 2.40592648894224E-02 
1734	 2.33839021738423E-02 
1735	 2.44623894866456E-02 
1736	 0.025506261579043 
1737	 2.65283312358896E-02 
1738	 2.65499857735565E-02 
1739	 2.68542719102505E-02 
1740	 2.73798085397851E-02 
1741	 0.028443312190976 
1742	 2.81727484915325E-02 
1743	 2.49330980721893E-02 
1744	 2.38460586705068E-02 
1745	 2.53653469834459E-02 
1746	 2.71268849672657E-02 
1747	 2.74410562697525E-02 
1748	 0.025005218459329 
1749	 2.39595435719587E-02 
1750	 2.35123750135487E-02 
1751	 2.32615864051232E-02 
1752	 2.43923267474229E-02 
1753	 0.025290871826548 
1754	 2.53327631898314E-02 
1755	 2.58181810220754E-02 
1756	 2.68672849286159E-02 
1757	 0.026778141072851 
1758	 2.89654542238646E-02 
1759	 2.83726187247584E-02 
1760	 2.64723540511412E-02 
1761	 2.76423346330372E-02 
1762	 2.54996897475137E-02 
1763	 2.31212971188812E-02 
1764	 0.025198030276814 
1765	 2.57782771848667E-02 
1766	 0.025233333664997 
1767	 2.52877539206334E-02 
1768	 2.67253286226084E-02 
1769	 2.84375471922414E-02 
1770	 2.70366819553426E-02 
1771	 2.80770893014362E-02 
1772	 2.97103860365241E-02 
1773	 2.48294698405379E-02 
1774	 2.37541449321645E-02 
1775	 2.16635189165422E-02 
1776	 2.05456576272562E-02 
1777	 2.44794897468535E-02 
1778	 2.67621851669014E-02 
1779	 3.17497838548551E-02 
1780	 0.030584429750222 
1781	 1.92195645994194E-02 
1782	 1.68223409451008E-02 
1783	 1.68069919785591E-02 
1784	 1.66823652366014E-02 
1785	 2.65543872446602E-02 
1786	 2.53795066638889E-02 
1787	 9.5398660820762E-03 
1788	 8.52088453020422E-03 
1789	 1.64265031069062E-02 
1790	 0.01940549266289 
1791	 2.02465353987394E-02 
1792	 1.06506492548376E-02 
1793	-5.27557957263319E-03 
1794	-5.2761293617656E-03 
1795	-7.59295531996897E-03 
1796	-1.52016407998817E-02 
1797	-8.60518440857552E-03 
1798	-2.64382347951058E-02 
1799	-0.045717775434096 
1800	-2.04196925046198E-02 
1801	-2.52855254185291E-02 
1802	-3.01718162528881E-02 
1803	-2.24475068434119E-02 
1804	-7.89100991321349E-02 
1805	-0.10524372550624 
1806	 0.103413310109879 
1807	 0.088428027609726 
1808	-0.334193336179371 
1809	-0.505155993166302 
1810	-0.747972790218661 
1811	-1.01197022458836 
1812	-0.582830428178855 
1813	-0.808358193223889 
1814	-207.012639255565 
1815	 7.96908087085485 
1816	-4.16310669084355 
1817	 1.89272232768852 
1818	 1.90398344434064 
1819	 2.3574685848244 
1820	 2.2849128818593 
1821	 2.66671592217892 
1822	-4.85303825955242 
1823	-2444.63036927257 
1824	-1098.3330874342 
1825	-4.59983887855379 
1826	-4.46201507090775 
1827	 10.2322012912827 
1828	 2.93371601323398 
1829	 0.828967853379883 
1830	 0.873807298717025 
1831	 0.459970377107576 
1832	 0.899423853308043 
1833	-1.49551799482722 
1834	-1.74202974648136 
1835	-3.61369631191274 
1836	-12.9458605481936 
1837	 2.24786365843094 
1838	 1.65018538151605 
1839	 0.778608854342091 
1840	 0.829488444083676 
1841	 1.89716648670642 
1842	 0.911869747694345 
1843	 0.860173102816212 
1844	 0.484863267854424 
1845	 0.570030404944602 
1846	 0.578762997041988 
1847	 0.709383832302313 
1848	 0.917120507242371 
1849	 26.7063555591608 
1850	-2.03775574367387 
1851	-10.8004364126001 
1852	 32.4625986146022 
1853	-1.5596218676573 
1854	-1.48068683487867 
1855	-2.45469348228164 
1856	-3.84490016498868 
1857	-6.17172844386491 
1858	-4.9372743188402 
1859	-11.0028659196884 
1860	-3.02000335894404 
1861	-1.63485423792512 
1862	-0.541073025189343 
1863	-0.219445741177145 
1864	-0.224818486586968 
1865	-0.487424588575874 
1866	-1.18741353995911 
1867	-2.10572522279585 
1868	-3.94763842156993 
1869	-6.98604812396747 
1870	 11.2452628688644 
1871	 35.7862266386875 
1872	 8.342815210504 
1873	 46.0674665161778 
1874	-3.55825617900001 
1875	-3.17213006572435 
1876	 9.4033968313516 
1877	 1.78751516948727 
1878	 1.8823077219242 
1879	 1.5750087186901 
1880	 1.87418973967386 
1881	 0.672257358553506 
1882	 0.939670672816247 
1883	 0.448269908813461 
1884	 0.668048950140971 
1885	 0.700279768075402 
1886	 0.234166153901301 
1887	 0.328336657735426 
1888	 0.15537809173314 
1889	 0.021829848728686 
1890	-0.234778492698076 
1891	-0.415441657698318 
1892	-1.0887591999695 
1893	-7.26697738497652 
1894	-2.57608118331332 
1895	-0.527236545228368 
1896	 8.66172348418879E-02 
1897	 0.670894933429031 
1898	 0.98450462979618 
1899	 1.28054582519854 
1900	 2.94706560236809 
1901	 0.885443501512115 
1902	 5.4541306546568 
1903	-1.54500449098141 
1904	-1.30261995881018 
1905	 0.106641363277891 
1906	 1.62998483057211 
1907	 9.47349191202196E-02 
1908	 0.65138642955794 
1909	 5.41418723505604 
1910	-3.73516494794392 
1911	-1.19604722355844 
1912	-0.406995854402416 
1913	 0.598934615686406 
1914	 33.0490788634215 
1915	 88.4728445182772 
1916	 28.4402345267218 
1917	-3.22950420548699 
1918	-14.9383479380097 
1919	 5.64211573928006 
1920	 0.413800462685665 
1921	-8.35278025579773 
1922	-1.37755590016895 
1923	-1.04930106487157 
1924	-0.466294415943414 
1925	 0.679517634809011 
1926	 0.801542631336485 
1927	 0.183308996854319 
1928	-0.153841469097508 
1929	-4.00702986212745E-02 
1930	-7.49922339699093E-02 
1931	-6.87777426594778E-02 
1932	 0.455458811520073 
1933	 1.3948451108617 
1934	 56.4890745536999 
1935	 3.24998863859835 
1936	 2.92146826717274 
1937	 5.00551074187905 
1938	 6.07105841570081 
1939	 4.90816936949951 
1940	-7.12642494519874 
1941	-2.85617546431188 
1942	-0.353170197836847 
1943	-0.172347950624437 
1944	-0.040997374552225 
1945	 8.89002266302871E-02 
1946	 0.254443846250874 
1947	 0.365125944767025 
1948	 0.234194551123304 
1949	 0.109881238738126 
1950	-3.01433144552042E-02 
1951	-6.48982728283434E-03 
1952	 5.38533706298682E-02 
1953	 0.225201723489902 
1954	 0.359863995914617 
1955	 0.439725908834694 
1956	 0.40837732695785 
1957	 0.261073862371352 
1958	 0.161554358239897 
1959	 8.24652235736597E-02 
1960	 4.99881729776567E-02 
1961	 4.24039568847757E-02 
1962	 2.34858217285059E-02 
1963	 2.89900127584849E-02 
1964	 4.89511095704462E-02 
1965	 6.82773033646032E-02 
1966	 6.84993109794045E-02 
1967	 7.00633134695586E-02 
1968	 6.73736646638979E-02 
1969	 0.060977474445792 
1970	 4.73505498309012E-02 
1971	 0.051466185137969 
1972	 4.97461540999349E-02 
1973	 0.038377492043559 
1974	 4.09118161877312E-02 
1975	 3.88988486706377E-02 
1976	 3.45513152389043E-02 
1977	 3.71677357643662E-02 
1978	 3.71648211330481E-02 
1979	 4.02948737516834E-02 
1980	 4.51668666560196E-02 
1981	 5.20234854260658E-02 
1982	 5.44555150633068E-02 
1983	 5.34279633171221E-02 
1984	 5.10014034317567E-02 
1985	 5.07300905740071E-02 
1986	 4.47390041887992E-02 
1987	 3.81272961464188E-02 
1988	 3.58650210533147E-02 
1989	 3.31341328842445E-02 
1990	 3.40195424878103E-02 
1991	 4.15140425051771E-02 
1992	 4.70331784034827E-02 
1993	 4.60992420890837E-02 
1994	 4.82130216543851E-02 
1995	 5.43822477835973E-02 
1996	 5.88108446865327E-02 
1997	 5.57454079044738E-02 
1998	 5.99452659308385E-02 
1999	 6.60240887477347E-02 
2000	 6.55698495752815E-02 
2001	 6.99361577381086E-02 
2002	 7.55108450838877E-02 
2003	 6.71686778900734E-02 
2004	 5.62680318873949E-02 
2005	 6.26638846635496E-02 
2006	 0.068524902879632 
2007	 6.69674982670217E-02 
2008	 8.26584826946959E-02 
2009	 8.13233229435542E-02 
2010	 5.15527503425016E-02 
2011	 4.78566848715189E-02 
2012	 5.72119232958935E-02 
2013	 5.02483104377737E-02 
2014	 5.67184011668111E-02 
2015	 0.064379332701669 
2016	 4.81902404643593E-02 
2017	 3.70530574442037E-02 
2018	 3.19057520113705E-02 
2019	 3.29285037826314E-02 
2020	 3.35607638712552E-02 
2021	 3.33021230405067E-02 
2022	 2.88105120490131E-02 
2023	 0.020003216419782 
2024	 1.86655748670731E-02 
2025	 1.84041894368854E-02 
2026	 2.30691786763803E-02 
2027	 3.37342479596327E-02 
2028	 3.95207606638033E-02 
2029	 4.11087427398191E-02 
2030	 4.01660040297699E-02 
2031	 3.52565928711113E-02 
2032	 3.35185198706573E-02 
2033	 3.46907121784596E-02 
2034	 3.59828743571471E-02 
2035	 3.53867746231726E-02 
2036	 0.032911991126865 
2037	 3.15242753246568E-02 
2038	 3.37495594213359E-02 
2039	 3.43310170279261E-02 
2040	 3.62647189685795E-02 
2041	 3.65108185773966E-02 
2042	 3.41444274110255E-02 
2043	 3.28622900746899E-02 
2044	 3.09073776328704E-02 
2045	 3.21551536693039E-02 
2046	 3.39607349600357E-02 
2047	 3.51295633958365E-02 
2048	 3.49999964525889E-02 
2049	 3.61315757825523E-02 
2050	 3.58669384185782E-02 
2051	 3.53240941443277E-02 
2052	 3.60973182860177E-02 
2053	 3.42644152028874E-02 
2054	 3.34077307252072E-02 
2055	 0.036369670029231 
2056	 3.76479092323728E-02 
2057	 3.95762761648169E-02 
2058	 4.17031671787821E-02 
2059	 4.49255471106341E-02 
2060	 4.27156396360346E-02 
2061	 3.89059045788911E-02 
2062	 3.44406948631082E-02 
2063	 0.02329070483211 
2064	 1.96921135713738E-02 
2065	 1.68207531944959E-02 
2066	 1.52411598946084E-02 
2067	 2.03582166813417E-02 
2068	 2.14618439945123E-02 
2069	 2.42641650764226E-02 
2070	 2.88213349967439E-02 
2071	 3.25691605331802E-02 
2072	 3.68924604455377E-02 
2073	 3.87006230655913E-02 
2074	 0.039735809909188 
2075	 4.01699772948441E-02 
2076	 3.82105207857014E-02 
2077	 0.037720412411547 
2078	 3.80428204122223E-02 
2079	 3.77866722612375E-02 
2080	 3.71859068286724E-02 
2081	 0.036935063148236 
2082	 3.71956339028163E-02 
2083	 3.75125493196294E-02 
2084	 3.79194923746616E-02 
2085	 0.038406524319582 
2086	 3.70939550722759E-02 
2087	 3.59412967873786E-02 
2088	 3.50894352808964E-02 
2089	 3.15025073345409E-02 
2090	 2.94170416771697E-02 
2091	 2.97560046230416E-02 
2092	 3.02989418545922E-02 
2093	 3.40848291542562E-02 
2094	 3.39712221886762E-02 
2095	 0.031228958059508 
2096	 3.07731953599494E-02 
2097	 2.87720369233519E-02 
2098	 2.82416184000894E-02 
2099	 2.94361433057331E-02 
2100	 3.27788966025017E-02 
2101	 3.34029162646519E-02 
2102	 3.40676891188976E-02 
2103	 3.62479576753963E-02 
2104	 3.62078012738357E-02 
2105	 3.19048487649588E-02 
2106	 2.86062727601032E-02 
2107	 2.82669038250731E-02 
2108	 2.82295618092821E-02 
2109	 3.03481723446474E-02 
2110	 3.18844839212255E-02 
2111	 3.01135171552168E-02 
2112	 2.84630476790253E-02 
2113	 2.79476059919355E-02 
2114	 2.84916312754412E-02 
2115	 2.81758527779406E-02 
2116	 2.82912190803349E-02 
2117	 2.86240036852327E-02 
2118	 2.81419521543836E-02 
2119	 2.91021170968787E-02 
2120	 3.40360154451959E-02 
2121	 3.18371615092571E-02 
2122	 2.82509668253543E-02 
2123	 2.66495225545131E-02 
2124	 0.021441831879918 
2125	 2.10394992191014E-02 
2126	 2.23293098003023E-02 
2127	 2.10824353012595E-02 
2128	 2.45445032278331E-02 
2129	 0.02508307203062 
2130	 2.36422143184491E-02 
2131	 2.67147895244088E-02 
2132	 2.91207607720857E-02 
2133	 3.23189958636397E-02 
2134	 3.44507174127845E-02 
2135	 3.84561754924676E-02 
2136	 3.92666632230052E-02 
2137	 3.76014946092807E-02 
2138	 3.56078151405519E-02 
2139	 3.22152419451313E-02 
2140	 3.05622003081436E-02 
2141	 2.60990856351365E-02 
2142	 2.53149854015776E-02 
2143	 2.85077451609055E-02 
2144	 3.05435080117677E-02 
2145	 2.91826575818781E-02 
2146	 3.13607541483558E-02 
2147	 3.12189797457575E-02 
2148	 2.97048334625512E-02 
2149	 3.00338845270601E-02 
2150	 3.16675704645599E-02 
2151	 3.18177986954084E-02 
2152	 2.93669465108746E-02 
2153	 2.89132732193755E-02 
2154	 2.77816934283954E-02 
2155	 2.55476152745416E-02 
2156	 2.38605575377717E-02 
2157	 0.023178040916593 
2158	 2.32796166545598E-02 
2159	 2.19801841663442E-02 
2160	 2.07636915001061E-02 
2161	 2.11717888911337E-02 
2162	 2.18586969008705E-02 
2163	 2.23719887729275E-02 
2164	 0.023822046953749 
2165	 2.48603691453852E-02 
2166	 2.60115349623524E-02 
2167	 2.53085345550036E-02 
2168	 2.28413707808996E-02 
2169	 2.32023485476726E-02 
2170	 2.35135996389156E-02 
2171	 2.36760322136508E-02 
2172	 2.55908548792503E-02 
2173	 2.89283882220794E-02 
2174	 3.05675648543216E-02 
2175	 3.06542331366668E-02 
2176	 3.11492746219907E-02 
2177	 3.07292599361618E-02 
2178	 3.23072741737338E-02 
2179	 3.01265237764754E-02 
2180	 3.11346933112967E-02 
2181	 3.81758250784597E-02 
2182	 3.71326852137472E-02 
2183	 0.036679649312988 
2184	 3.43698354926601E-02 
2185	 2.84978700443812E-02 
2186	 2.58964556043277E-02 
2187	 2.37579809116429E-02 
2188	 2.41319857146887E-02 
2189	 2.87803169770243E-02 
2190	 2.88585114311807E-02 
2191	 2.85171005698247E-02 
2192	 2.87376526714717E-02 
2193	 2.65318191697328E-02 
2194	 2.69123165806885E-02 
2195	 3.00422941473196E-02 
2196	 3.11414234486067E-02 
2197	 3.44327777052899E-02 
2198	 3.12807207879331E-02 
2199	 1.99688286543985E-02 
2200	 1.66097490307704E-02 
2201	 1.71868600225766E-02 
2202	 0.013366645346661 
2203	 2.00906394916144E-02 
2204	 2.75444240052746E-02 
2205	 2.71573566903452E-02 
2206	 2.88798180778697E-02 
2207	 2.78347322794598E-02 
2208	 2.59961023982155E-02 
2209	 2.67709846666622E-02 
2210	 2.78985369793152E-02 
2211	 0.030531393328292 
2212	 3.10428410552378E-02 
2213	 2.82960934975609E-02 
2214	 2.64609678980617E-02 
2215	 2.66214350734709E-02 
2216	 2.48226433491645E-02 
2217	 2.60396671777895E-02 
2218	 3.11459622803572E-02 
2219	 3.53774250298848E-02 
2220	 4.42524947920733E-02 
2221	 4.24970199564161E-02 
2222	 3.20836364140572E-02 
2223	 2.73572714543251E-02 
2224	 1.54764351641086E-02 
2225	 1.44086491802942E-02 
2226	 2.85768198895904E-02 
2227	 3.02151600311217E-02 
2228	 2.63400344598643E-02 
2229	 0.025849166697017 
2230	 2.19458510089992E-02 
2231	 1.98138461787133E-02 
2232	 2.19053581637507E-02 
2233	 2.24090210573416E-02 
2234	 1.99447024487057E-02 
2235	 2.10379505247009E-02 
2236	 2.17275639984655E-02 
2237	 2.11322879398492E-02 
2238	 2.24286447792312E-02 
2239	 1.82951611281771E-02 
2240	 2.10287507084854E-02 
2241	 2.60954520366523E-02 
2242	 0.023990342631723 
2243	 2.44757410192129E-02 
2244	 1.58175937785003E-02 
2245	 5.46586857078457E-03 
2246	 9.42965964218029E-03 
2247	 1.56492760337732E-02 
2248	 2.52918316471621E-02 
2249	 3.78694885532875E-02 
2250	 3.86482528198638E-02 
2251	 3.45076953588294E-02 
2252	 2.74083017409172E-02 
2253	 2.31478696590949E-02 
2254	 2.72105809707466E-02 
2255	 2.58328990785852E-02 
2256	 2.89687676280218E-02 
2257	 4.00059132462259E-02 
2258	 4.13534389401567E-02 
2259	 3.62094103819436E-02 
2260	 3.62235631139685E-02 
2261	 0.035398484713512 
2262	 3.22384219250302E-02 
2263	 3.21097464717962E-02 
2264	 3.15050803880826E-02 
2265	 2.52608846957085E-02 
2266	 2.32417522854685E-02 
2267	 2.71206639680673E-02 
2268	 2.84321051917459E-02 
2269	 0.027438308735892 
2270	 3.08636037069605E-02 
2271	 3.65544030552823E-02 
2272	 3.66868112069625E-02 
2273	 3.99107401510841E-02 
2274	 3.90764805849877E-02 
2275	 0.028621293752617 
2276	 2.31164874649359E-02 
2277	 2.33203078903634E-02 
2278	 1.69329576391234E-02 
2279	 1.18474381701274E-03 
2280	-3.20378981096787E-04 
2281	 3.93453017163519E-03 
2282	 4.56233719573783E-03 
2283	 1.12799329040563E-02 
2284	 2.67023062215294E-02 
2285	 3.32403255659497E-02 
2286	 3.21466255280774E-02 
2287	 3.54155151507568E-02 
2288	 0.033177546936455 
2289	 3.00535507522504E-02 
2290	 2.55943277836845E-02 
2291	 1.49726524245802E-02 
2292	 1.54831883013891E-02 
2293	 1.99503564633015E-02 
2294	 1.92365940848438E-02 
2295	 2.82744187658769E-02 
2296	 3.60154821615297E-02 
2297	 2.70534840043957E-02 
2298	 2.48967084718402E-02 
2299	 3.24084948937992E-02 
2300	 3.33605420372656E-02 
2301	 3.89600810846351E-02 
2302	 4.51421606566202E-02 
2303	 4.03720897501443E-02 
2304	 3.17707172719405E-02 
2305	 2.81030172254165E-02 
2306	 2.81485551961677E-02 
2307	 2.83960014925307E-02 
2308	 3.18966173497938E-02 
2309	 3.49051493260771E-02 
2310	 4.67839696917001E-02 
2311	 5.66271914606717E-02 
2312	 6.25135231387431E-02 
2313	 0.070369937803865 
2314	 5.28587452284481E-02 
2315	 3.49775774648027E-02 
2316	 2.68008488957164E-02 
2317	 0.021451913880342 
2318	 1.90224633746296E-02 
2319	 1.97173069221739E-02 
2320	 3.18712095893188E-02 
2321	 3.11978120930704E-02 
2322	 4.07030534382012E-02 
2323	 4.26160759622913E-02 
2324	 1.94290434510793E-02 
2325	 9.27088194685058E-03 
2326	 6.66474307632571E-03 
2327	 1.3547838882657E-03 
2328	 1.41566686184047E-03 
2329	 1.28719094477252E-02 
2330	 3.28125654700724E-04 
2331	-1.11270462966073E-03 
2332	 2.07231590940467E-02 
2333	 9.62880711454087E-03 
2334	-1.81762757895485E-03 
2335	 0.016134166728444 
2336	 3.09843573545544E-02 
2337	 1.92983914162798E-02 
2338	 2.78449823305582E-02 
2339	 4.36978075324875E-02 
2340	 7.46595566404065E-03 
2341	-7.67277449625481E-03 
2342	-7.57637100320269E-03 
2343	-2.71994491226441E-02 
2344	-1.41900496651589E-02 
2345	-0.010559470440411 
2346	-9.56430203791507E-03 
2347	 3.8400422881718E-03 
2348	 0.031416716589921 
2349	 7.03824700227445E-02 
2350	 0.101297849396936 
2351	 0.117347038931076 
2352	 8.29740239533853E-02 
2353	 5.78275260151831E-02 
2354	 0.024704994839086 
2355	 1.37403049550986E-02 
2356	 6.30148275269503E-02 
2357	 5.00763870470441E-02 
2358	 0.04666317942703 
2359	 7.63062637093766E-02 
2360	 3.08513924260289E-02 
2361	 4.00555299256159E-03 
2362	 2.25608334039645E-02 
2363	-2.26354873399417E-02 
2364	-9.28228485755504E-02 
2365	-0.106237988405979 
2366	-0.107649198229232 
2367	-2.23196447147408E-02 
2368	 9.84432614022025E-02 
2369	 0.115059236948338 
2370	 9.20139290207569E-02 
2371	 8.30816948419415E-02 
2372	 8.35817193337252E-02 
2373	 9.34550654397679E-02 
2374	 0.113335414219031 
2375	 0.13441725955951 
2376	 8.65903789160701E-02 
2377	 5.02436588910689E-02 
2378	 9.38954382416404E-02 
2379	 2.06675742799132E-02 
2380	-9.81719560648751E-03 
2381	 0.126767844648379 
2382	 7.33708531134754E-02 
2383	-6.79023137820016E-02 
2384	-2.77159582883471E-03 
2385	-0.149385060565529 
2386	-0.205086743224841 
2387	-7.80523083686173E-02 
2388	 9.64776362959274E-03 
2389	-1.65730266274008E-02 
2390	 2.07577547767282E-02 
2391	 0.162293569262863 
2392	 0.145189408253024 
2393	-0.153417631036453 
2394	-0.390621205011447 
2395	-0.319047212144821 
2396	-0.287463069273363 
2397	-0.196129095359526 
2398	-0.136049256656622 
2399	-0.152664910327422 
2400	-0.178960803130875 
2401	-0.178904069456041 
2402	-0.217552818773957 
2403	-0.407905920328863 
2404	-0.48248757632336 
2405	-0.435176941969449 
2406	-0.36946650848928 
2407	-0.241479547069748 
2408	 0.182173055082554 
2409	 1.65775674968586 
2410	 1.05709466825833 
2411	 0.34691989252942 
2412	 0.340731690560162 
2413	 0.468074954603108 
2414	 0.40215369791526 
2415	 0.326088712469989 
2416	 0.423488565823142 
2417	-0.362715352517747 
2418	-0.764206086492102 
2419	-0.553999246483901 
2420	-0.775667094708361 
2421	-1.69166339074835 
2422	-10.2683157369771 
2423	-3.73499842129459 
2424	-1.99271649766297 
2425	-2.50715997530246 
2426	-1.84000933835903 
2427	-2.32319899643508 
2428	-3.9798382235649 
2429	-3.80388003633355 
2430	-5.69263018101377 
2431	 3.32642812473815 
2432	 1.27940464203355 
2433	 0.897679235401591 
2434	 0.612316415893554 
2435	 0.262865610698459 
2436	 1.16428792615888 
2437	-0.266595379257984 
2438	 0.430841601084087 
2439	 0.194503572800082 
2440	 4.23187572736854E-02 
2441	-7.51490770010144E-02 
2442	 11.6868923848362 
2443	 1.46647178907263 
2444	 1.39672403458794 
2445	 0.978865003585049 
2446	 1.74525371775004E-02 
2447	-0.068439463022306 
2448	 5.32315551397908E-02 
2449	 0.367187262072679 
2450	 0.701818581007054 
2451	 1.21323229241563 
2452	 1.44679060672182 
2453	 2.80660519707292 
2454	 1.75142973074894 
2455	 0.946483463972297 
2456	 0.555920592927434 
2457	 0.439903723436495 
2458	 0.519859913280626 
2459	 0.255699923078959 
2460	-0.411697244760612 
2461	-1.00644701610985 
2462	-1.90271119409366 
2463	-1.28708853481235 
2464	-0.217693213195944 
2465	-1.14151833464464 
2466	-21.7458100392163 
2467	 4.00037316757257 
2468	 3.97236576198704 
2469	 1.16889145112908 
2470	 0.815243102880173 
2471	 0.416484326253275 
2472	 3.96307220417279E-02 
2473	-5.67481840156129E-02 
2474	-0.224806271706214 
2475	 8.83350118854857E-02 
2476	 0.336697957590463 
2477	 0.231513809258266 
2478	 0.142581799468712 
2479	-3.36669513232109E-02 
2480	-0.301854783369207 
2481	-1.18814788255094 
2482	-5.61954509054671 
2483	-4.05153699398904 
2484	-1.05516371515569 
2485	 0.983842036703911 
2486	 3.68259616905682 
2487	 6.0233455765891 
2488	-2.90170243528947 
2489	-1.32923339002593 
2490	-0.276065112476553 
2491	 2.29113430598043 
2492	 14.6653384122287 
2493	 1.13738537805657 
2494	 1.35576127483267 
2495	 1.25358278929095 
2496	 3.06391608470809 
2497	-1.050647364347 
2498	-1.45917365577938 
2499	-3.07477037291627 
2500	 5.75543765719903 
