Wavelength	rt0714yellow00006.asd
350	 0.07408901076464 
351	 7.22065947354045E-02 
352	 0.071463736082505 
353	 0.072165068475387 
354	 7.33602352966355E-02 
355	 7.31422891033703E-02 
356	 7.22012357220069E-02 
357	 7.20029546933868E-02 
358	 7.33180510077916E-02 
359	 7.30695360993294E-02 
360	 7.26099966587264E-02 
361	 7.24922042922976E-02 
362	 7.26092442895144E-02 
363	 7.32215155233437E-02 
364	 7.35865468269845E-02 
365	 7.33611417229397E-02 
366	 7.29191985517579E-02 
367	 7.38022141908711E-02 
368	 7.44490892387437E-02 
369	 7.36020823163374E-02 
370	 7.41390077255489E-02 
371	 7.44476916001625E-02 
372	 7.45523240405657E-02 
373	 7.52631609824278E-02 
374	 7.51068997663483E-02 
375	 0.075399486725419 
376	 7.64941127018097E-02 
377	 7.70682043954609E-02 
378	 7.68387162325244E-02 
379	 7.67390087059504E-02 
380	 7.75106025163385E-02 
381	 7.83076351466389E-02 
382	 7.93355206625792E-02 
383	 8.00304329935178E-02 
384	 7.98604878817044E-02 
385	 0.081035417984614 
386	 8.14292166487044E-02 
387	 8.09557745676263E-02 
388	 8.20566213440345E-02 
389	 8.31655660322384E-02 
390	 8.37051788283967E-02 
391	 8.38592928853969E-02 
392	 8.51790217036708E-02 
393	 8.57951786109898E-02 
394	 8.60069715689175E-02 
395	 8.66966444998977E-02 
396	 8.70994349350255E-02 
397	 8.74742373072236E-02 
398	 8.79771451305924E-02 
399	 8.86062937305235E-02 
400	 8.90683159108496E-02 
401	 8.93679387237042E-02 
402	 8.96384329819222E-02 
403	 9.01590803553826E-02 
404	 9.08718514249697E-02 
405	 0.09140180999151 
406	 9.14934585603111E-02 
407	 9.22827010777413E-02 
408	 9.29346372799842E-02 
409	 9.33352982545454E-02 
410	 9.41468735956864E-02 
411	 9.46433382580837E-02 
412	 9.50454338149862E-02 
413	 9.56328164035154E-02 
414	 9.64378166831427E-02 
415	 0.0971086741938 
416	 9.77268622526678E-02 
417	 0.098486026596465 
418	 9.90186766829928E-02 
419	 9.97334509202203E-02 
420	 0.100658168547787 
421	 0.101377012724115 
422	 0.102199365979439 
423	 0.103047588234159 
424	 0.103856884974993 
425	 0.104834440861488 
426	 0.105683147304009 
427	 0.106667947608068 
428	 0.108156048314342 
429	 0.109232574741487 
430	 0.110271818964598 
431	 0.111482184711883 
432	 0.112735769837288 
433	 0.113906942641869 
434	 0.114901708152033 
435	 0.115788451748299 
436	 0.117072827458937 
437	 0.118284393677252 
438	 0.119387854826909 
439	 0.120570248774288 
440	 0.121725279342591 
441	 0.122839589927183 
442	 0.123890538662164 
443	 0.124824654619743 
444	 0.125829514315212 
445	 0.126749827406179 
446	 0.127466975417597 
447	 0.128397288226442 
448	 0.129235893474101 
449	 0.129942905638857 
450	 0.130667831904881 
451	 0.131127769330663 
452	 0.131704274775191 
453	 0.132504914326201 
454	 0.132879544264136 
455	 0.133288159886751 
456	 0.133829225319679 
457	 0.134431159573888 
458	 0.134867560833792 
459	 0.135161007693888 
460	 0.135468582569419 
461	 0.136036218776192 
462	 0.136348686801249 
463	 0.136575429858245 
464	 0.136940084800588 
465	 0.137423671071814 
466	 0.137906599792759 
467	 0.138302645416663 
468	 0.138593624538273 
469	 0.13907960141616 
470	 0.139430263376628 
471	 0.139626048099794 
472	 0.14012957942882 
473	 0.140651981879554 
474	 0.141207890492979 
475	 0.141817916846987 
476	 0.142236670205856 
477	 0.142743843976776 
478	 0.143342937578867 
479	 0.143859846732153 
480	 0.144428559649723 
481	 0.145025753110322 
482	 0.145644919184686 
483	 0.146360629761694 
484	 0.146998692346948 
485	 0.147669761962578 
486	 0.148537949537883 
487	 0.149461125368339 
488	 0.15017734062144 
489	 0.150849866300015 
490	 0.152011827363983 
491	 0.152988807192113 
492	 0.153829723051989 
493	 0.154696337420183 
494	 0.155659875535477 
495	 0.156685187392589 
496	 0.157696310528824 
497	 0.158631471890559 
498	 0.159705707125092 
499	 0.160814098601006 
500	 0.161907220229192 
501	 0.163076856006867 
502	 0.164193245180788 
503	 0.165373405426996 
504	 0.166685941952544 
505	 0.167685991505511 
506	 0.168828768078939 
507	 0.170114213756031 
508	 0.17119191376303 
509	 0.172440655479701 
510	 0.17373586904809 
511	 0.174930369483369 
512	 0.175998494544124 
513	 0.177227119748878 
514	 0.178493159265015 
515	 0.179563669776555 
516	 0.180918519071738 
517	 0.182407763288566 
518	 0.18382551509087 
519	 0.184989102046209 
520	 0.18621912549389 
521	 0.187502104208361 
522	 0.188779304064377 
523	 0.190115190540363 
524	 0.191410176698027 
525	 0.192691588630594 
526	 0.194065795816241 
527	 0.195339438604327 
528	 0.196651203538573 
529	 0.198052660650498 
530	 0.199338112798728 
531	 0.200621161803406 
532	 0.201916494903713 
533	 0.203212188278598 
534	 0.204578604512555 
535	 0.205838118758571 
536	 0.206989966515658 
537	 0.208236382781353 
538	 0.209511428567286 
539	 0.210759341768788 
540	 0.211956067582969 
541	 0.213179251213651 
542	 0.214414896324202 
543	 0.215635160626699 
544	 0.216812585410961 
545	 0.217952882329999 
546	 0.219096215226628 
547	 0.220222129960113 
548	 0.221176433384296 
549	 0.222206453224837 
550	 0.223285478737591 
551	 0.22431201716733 
552	 0.225369171938052 
553	 0.226370651147738 
554	 0.227307920152086 
555	 0.228261942847594 
556	 0.229125734949571 
557	 0.230072341982824 
558	 0.231168084325416 
559	 0.231977227270556 
560	 0.232596222161398 
561	 0.233221655611679 
562	 0.234073602361614 
563	 0.234844322402596 
564	 0.235559483545598 
565	 0.236256193931907 
566	 0.236908835869743 
567	 0.237539674740422 
568	 0.238143991678366 
569	 0.238706868797815 
570	 0.239230370327824 
571	 0.239700706202919 
572	 0.240139650949112 
573	 0.240602734778149 
574	 0.240959062189372 
575	 0.241266412312212 
576	 0.241611791307966 
577	 0.242053484365865 
578	 0.242329756666928 
579	 0.242498730962449 
580	 0.242797775003598 
581	 0.24307966908433 
582	 0.243233767294716 
583	 0.243284358697875 
584	 0.243505348997308 
585	 0.243539235467522 
586	 0.243436091144577 
587	 0.243365547568418 
588	 0.243258808936063 
589	 0.243178446510923 
590	 0.243143660352925 
591	 0.243113267029817 
592	 0.243044370967025 
593	 0.242884915055623 
594	 0.242632989187257 
595	 0.242438541358719 
596	 0.242110359725506 
597	 0.241626444462166 
598	 0.241091987644548 
599	 0.240750805344192 
600	 0.240506416417538 
601	 0.240286968023799 
602	 0.240155861507329 
603	 0.239880824157262 
604	 0.239625909880007 
605	 0.23960564454626 
606	 0.239574166516054 
607	 0.239468066788129 
608	 0.239345881144959 
609	 0.23937438143642 
610	 0.239357607311472 
611	 0.239364093766972 
612	 0.239427148324859 
613	 0.239306731810202 
614	 0.239166539891744 
615	 0.239116659304277 
616	 0.239198645785547 
617	 0.239146277062636 
618	 0.239013944122021 
619	 0.238878839776218 
620	 0.238783854148783 
621	 0.238939730519764 
622	 0.239062136126639 
623	 0.238846978914798 
624	 0.238750081358268 
625	 0.238697451834445 
626	 0.238646505613852 
627	 0.23860263584613 
628	 0.238570494392072 
629	 0.238503002694339 
630	 0.238412125780074 
631	 0.238520914730052 
632	 0.238373831566551 
633	 0.23814866950599 
634	 0.238248222569064 
635	 0.238218627820362 
636	 0.238201756077578 
637	 0.23822755174849 
638	 0.238087000689568 
639	 0.23788121953057 
640	 0.237735550062768 
641	 0.237719650595901 
642	 0.237667188351915 
643	 0.23740696764858 
644	 0.237098362078705 
645	 0.237135674732091 
646	 0.237021382312915 
647	 0.23684800824418 
648	 0.236728207952364 
649	 0.236570335926569 
650	 0.236319409801624 
651	 0.235998100354169 
652	 0.235680527100694 
653	 0.23546853275711 
654	 0.235159887420832 
655	 0.234696670808662 
656	 0.234308806357058 
657	 0.233938283886518 
658	 0.233581257104766 
659	 0.233200800803165 
660	 0.232629743915227 
661	 0.232310466445462 
662	 0.232136620436192 
663	 0.231710270007902 
664	 0.231456048811715 
665	 0.23126079787251 
666	 0.231003240235178 
667	 0.230659694305419 
668	 0.23053085177029 
669	 0.23051193511748 
670	 0.230403953962028 
671	 0.230298557423723 
672	 0.230257670721062 
673	 0.230254447069262 
674	 0.230184653007264 
675	 0.230059340108448 
676	 0.230081019530635 
677	 0.230303404866318 
678	 0.230320843045992 
679	 0.230360043984907 
680	 0.230491605449056 
681	 0.230691553550201 
682	 0.230764463880475 
683	 0.230963918483901 
684	 0.231269752992803 
685	 0.231257763439608 
686	 0.231356195982673 
687	 0.231583465758406 
688	 0.231800776054829 
689	 0.231940826083506 
690	 0.232070698654955 
691	 0.232135964186431 
692	 0.232038554564913 
693	 0.232080923169784 
694	 0.232177409162585 
695	 0.232135758741696 
696	 0.231672308151313 
697	 0.231678343858595 
698	 0.231649955954678 
699	 0.230943882622129 
700	 0.230560100509333 
701	 0.230191155864189 
702	 0.229788443498824 
703	 0.229508834636656 
704	 0.228923129904898 
705	 0.228277556327494 
706	 0.227732831178386 
707	 0.226996171659268 
708	 0.226154618122504 
709	 0.225298861263171 
710	 0.22447700096807 
711	 0.223453643290793 
712	 0.222424833128021 
713	 0.221415052333984 
714	 0.220218721879129 
715	 0.218931764555201 
716	 0.217800332384035 
717	 0.216952199267212 
718	 0.215224583587191 
719	 0.213853118073081 
720	 0.212820177409151 
721	 0.211489029784957 
722	 0.210527278847918 
723	 0.20936049318825 
724	 0.207955709185568 
725	 0.206803075797137 
726	 0.205324870539447 
727	 0.203801508633742 
728	 0.202471745460152 
729	 0.200793982915264 
730	 0.199239478217997 
731	 0.197880328298282 
732	 0.196548831665264 
733	 0.195425085447776 
734	 0.194478687227433 
735	 0.193677354849667 
736	 0.192982702282308 
737	 0.192489311509744 
738	 0.19217410679725 
739	 0.191946980240133 
740	 0.191565393695064 
741	 0.191393500545105 
742	 0.191378421887326 
743	 0.191264052336846 
744	 0.191164368465739 
745	 0.191072712046499 
746	 0.19096984575516 
747	 0.190831637423476 
748	 0.190810370360194 
749	 0.190789351623937 
750	 0.190653106775915 
751	 0.190512595469051 
752	 0.190514695073697 
753	 0.190523510645098 
754	 0.190312298793119 
755	 0.190307259887885 
756	 0.190340153966888 
757	 0.190299674091031 
758	 0.190215296875995 
759	 0.189966604076627 
760	 0.18977628470284 
761	 0.189933813480691 
762	 0.189619072231218 
763	 0.189861615543511 
764	 0.190080152483073 
765	 0.189633484735593 
766	 0.189645114933731 
767	 0.189872123228174 
768	 0.190023622740168 
769	 0.189787983132521 
770	 0.189840333383656 
771	 0.189989471706779 
772	 0.190014002989911 
773	 0.190119553798706 
774	 0.190199028397028 
775	 0.190244140232615 
776	 0.190298484694448 
777	 0.190438476623282 
778	 0.190571507381799 
779	 0.190636844935386 
780	 0.190634492660728 
781	 0.190818455954973 
782	 0.190877073369638 
783	 0.190747798553465 
784	 0.191197915681364 
785	 0.191322237972921 
786	 0.191355839998269 
787	 0.191766959455682 
788	 0.191957090742987 
789	 0.192001364095151 
790	 0.192063598213703 
791	 0.192316875182333 
792	 0.192447357885349 
793	 0.192708055525745 
794	 0.193137012979475 
795	 0.193296217765694 
796	 0.193398311020135 
797	 0.193458123889074 
798	 0.193496706765038 
799	 0.193712204218201 
800	 0.193970035022399 
801	 0.194120580116847 
802	 0.194061391761527 
803	 0.193989978632534 
804	 0.194113920447958 
805	 0.194356654783773 
806	 0.194356646988505 
807	 0.194268015720797 
808	 0.194035592268441 
809	 0.193709596899412 
810	 0.19370522026052 
811	 0.193659762433922 
812	 0.193316690432393 
813	 0.192633117876789 
814	 0.192567004536216 
815	 0.192573765634168 
816	 0.192324630773097 
817	 0.191852417372887 
818	 0.191601281642263 
819	 0.191232776005305 
820	 0.190470065445878 
821	 0.189201787332871 
822	 0.188747335131898 
823	 0.188434351771976 
824	 0.187497309590173 
825	 0.186211920921109 
826	 0.185071784633477 
827	 0.184062640546199 
828	 0.183021337307768 
829	 0.181863595475781 
830	 0.181107563908823 
831	 0.180655094358885 
832	 0.180004676531591 
833	 0.179449961224653 
834	 0.179046036842341 
835	 0.178674177753381 
836	 0.178051714762137 
837	 0.177774417840809 
838	 0.1777019457215 
839	 0.177585059794015 
840	 0.177349555322664 
841	 0.177092455279267 
842	 0.176766398781798 
843	 0.176379659623255 
844	 0.176451731103483 
845	 0.176259249651367 
846	 0.175905667201659 
847	 0.17598577731031 
848	 0.175723613606788 
849	 0.175618999935787 
850	 0.175608838126539 
851	 0.174818974113339 
852	 0.174464060283407 
853	 0.174621592851374 
854	 0.174893886272249 
855	 0.174479885643922 
856	 0.174312782155219 
857	 0.174229582103521 
858	 0.173941038438488 
859	 0.173906996288047 
860	 0.173550424670647 
861	 0.173128862747093 
862	 0.173179044491889 
863	 0.173151256897861 
864	 0.172864506319321 
865	 0.17253389898108 
866	 0.172608503336209 
867	 0.17217934407388 
868	 0.172220615344207 
869	 0.172744052126224 
870	 0.172270084605461 
871	 0.171450698683386 
872	 0.170999139511053 
873	 0.171142231263259 
874	 0.171001585676998 
875	 0.170669671071252 
876	 0.170575668991361 
877	 0.170836375003671 
878	 0.169981906789712 
879	 0.169701310464568 
880	 0.16995604536989 
881	 0.169900376355395 
882	 0.169547403112962 
883	 0.169038102998078 
884	 0.168711153890242 
885	 0.168914652842341 
886	 0.168989118556366 
887	 0.16904906766987 
888	 0.16904386736739 
889	 0.168687053725434 
890	 0.168526242752535 
891	 0.168282936444392 
892	 0.167899972436379 
893	 0.168011586159767 
894	 0.167948353095977 
895	 0.167938156864311 
896	 0.16808883904999 
897	 0.167320663476739 
898	 0.166850186786769 
899	 0.16651395255771 
900	 0.166001599433044 
901	 0.16631532023772 
902	 0.166839083827612 
903	 0.166794946738159 
904	 0.165803214004229 
905	 0.165402318787455 
906	 0.165760350905729 
907	 0.166311617383696 
908	 0.166116600213666 
909	 0.166033179301584 
910	 0.16524076754486 
911	 0.164166434327886 
912	 0.164278071032646 
913	 0.165139447709708 
914	 0.164580251237219 
915	 0.163305444233813 
916	 0.164814074964471 
917	 0.164100845300938 
918	 0.162885866929803 
919	 0.162543433705305 
920	 0.162619175822959 
921	 0.163374080830291 
922	 0.163368280420094 
923	 0.162381282586115 
924	 0.163354694612099 
925	 0.162864009209027 
926	 0.162756883149397 
927	 0.164635347034015 
928	 0.162822948845859 
929	 0.159437680233568 
930	 0.158198682354661 
931	 0.162084422342044 
932	 0.158509746075736 
933	 0.160071738364239 
934	 0.162743452916803 
935	 0.157957729736799 
936	 0.15899163687601 
937	 0.161183418029427 
938	 0.161786343908945 
939	 0.159975964850215 
940	 0.157930200948627 
941	 0.157848401708383 
942	 0.159222916961979 
943	 0.160034220659254 
944	 0.158915628605604 
945	 0.161765525894729 
946	 0.16363815205281 
947	 0.156075587711477 
948	 0.148499880414252 
949	 0.151717583150009 
950	 0.159163260306366 
951	 0.15662922515651 
952	 0.152483163778123 
953	 0.155541654031328 
954	 0.160586901420833 
955	 0.156110313407507 
956	 0.156541615109628 
957	 0.157333080990804 
958	 0.157182622480508 
959	 0.157667068788425 
960	 0.155101637938957 
961	 0.156268078562116 
962	 0.157173154548703 
963	 0.149517487790589 
964	 0.1521605766064 
965	 0.156108789606727 
966	 0.156424378887986 
967	 0.154019144400702 
968	 0.154253933865659 
969	 0.155096624844771 
970	 0.155149384064229 
971	 0.154615344017112 
972	 0.156938198524954 
973	 0.156862803318722 
974	 0.153898509477548 
975	 0.152878167069787 
976	 0.152632255957303 
977	 0.155026746900731 
978	 0.157778841807808 
979	 0.156029873400571 
980	 0.153605364134912 
981	 0.153641917107292 
982	 0.155662857770943 
983	 0.156440919068509 
984	 0.154841438717673 
985	 0.152263438498631 
986	 0.151710576826152 
987	 0.155690804349599 
988	 0.157137366670001 
989	 0.156552317460753 
990	 0.155893185268249 
991	 0.15664894751704 
992	 0.15380638414081 
993	 0.150920659423683 
994	 0.150570829921809 
995	 0.15306268409317 
996	 0.154565629801163 
997	 0.153317398212061 
998	 0.152661795175401 
999	 0.156445532185338 
1000	 0.154426134390294 
1001	 0.1568458489838 
1002	 0.15724427013134 
1003	 0.157117302668134 
1004	 0.15665415444744 
1005	 0.156657223687682 
1006	 0.156608714893867 
1007	 0.156631710537035 
1008	 0.156894521845434 
1009	 0.157250756773351 
1010	 0.156882344520845 
1011	 0.156431132250649 
1012	 0.156498010275234 
1013	 0.156394947606065 
1014	 0.156450240521519 
1015	 0.156918887643911 
1016	 0.157058118906151 
1017	 0.156907572902926 
1018	 0.156930447457138 
1019	 0.15702136343886 
1020	 0.156965080087914 
1021	 0.15676973781933 
1022	 0.15683835568075 
1023	 0.157100164571372 
1024	 0.157126304341109 
1025	 0.157268537906852 
1026	 0.157816676108548 
1027	 0.157838276230269 
1028	 0.157536403687359 
1029	 0.15732437690581 
1030	 0.156861928387402 
1031	 0.15666839732294 
1032	 0.156432874763686 
1033	 0.156553012594703 
1034	 0.157291356654448 
1035	 0.157317168572147 
1036	 0.157190164985462 
1037	 0.157059767578814 
1038	 0.156098353134443 
1039	 0.155927461314538 
1040	 0.156327306386232 
1041	 0.156486829593356 
1042	 0.156879906073014 
1043	 0.157759184154738 
1044	 0.157912536820619 
1045	 0.157814542255563 
1046	 0.157755948972627 
1047	 0.157205137853114 
1048	 0.157142093875152 
1049	 0.157553838305298 
1050	 0.157519589888186 
1051	 0.157186835848374 
1052	 0.157200894737966 
1053	 0.157178039411877 
1054	 0.157193642848772 
1055	 0.157934028808423 
1056	 0.158019935146144 
1057	 0.157783459413762 
1058	 0.156948548606531 
1059	 0.156764695559561 
1060	 0.156400816656484 
1061	 0.156345575101028 
1062	 0.156873451828177 
1063	 0.157004292067223 
1064	 0.157023712720933 
1065	 0.15696493850242 
1066	 0.156731305844411 
1067	 0.156694175438277 
1068	 0.156768931133069 
1069	 0.156663922979568 
1070	 0.156471461353788 
1071	 0.156433229726449 
1072	 0.156342983845981 
1073	 0.156210875037165 
1074	 0.156204122209347 
1075	 0.15648619424518 
1076	 0.156537389595078 
1077	 0.156547010898056 
1078	 0.156310234704308 
1079	 0.155694482939968 
1080	 0.155684570860132 
1081	 0.156066720133521 
1082	 0.155912313507185 
1083	 0.155739657194507 
1084	 0.155657946568089 
1085	 0.1552280063747 
1086	 0.154789004698352 
1087	 0.154385656232559 
1088	 0.154384414266961 
1089	 0.154620338763399 
1090	 0.154350596165131 
1091	 0.154376259149034 
1092	 0.154967875191979 
1093	 0.155082090918027 
1094	 0.154766343854364 
1095	 0.154774674501921 
1096	 0.155315734560268 
1097	 0.155012858460611 
1098	 0.153645803718489 
1099	 0.153320248597353 
1100	 0.153188478166399 
1101	 0.153070678290152 
1102	 0.154252982063359 
1103	 0.154444209847719 
1104	 0.154184790067364 
1105	 0.152620700405067 
1106	 0.152032662385946 
1107	 0.152437911664506 
1108	 0.152806321809074 
1109	 0.153654890218894 
1110	 0.153646964548553 
1111	 0.152182973024378 
1112	 0.152133454748817 
1113	 0.153014801762677 
1114	 0.153151516962751 
1115	 0.154172391947921 
1116	 0.154330797208823 
1117	 0.152037124828343 
1118	 0.150984462918279 
1119	 0.150064746991286 
1120	 0.150106438075479 
1121	 0.153156573177804 
1122	 0.154866217842431 
1123	 0.151761208226249 
1124	 0.148672080244337 
1125	 0.147386943363256 
1126	 0.148657089575339 
1127	 0.155608958824334 
1128	 0.159536971824882 
1129	 0.156393534211617 
1130	 0.143689381687736 
1131	 0.144006259427208 
1132	 0.146721059779342 
1133	 0.148328316827454 
1134	 0.156004840868949 
1135	 0.156955298476886 
1136	 0.152148933652841 
1137	 0.151126047427538 
1138	 0.151049093267752 
1139	 0.150854334847723 
1140	 0.150842812098218 
1141	 0.150229112247653 
1142	 0.146710119461377 
1143	 0.145523915190362 
1144	 0.147405327515936 
1145	 0.147297509348422 
1146	 0.14928139156422 
1147	 0.151933753228859 
1148	 0.15005187977176 
1149	 0.14925502714248 
1150	 0.148784810771548 
1151	 0.148059573036325 
1152	 0.147089193223705 
1153	 0.145964782291616 
1154	 0.145546600535927 
1155	 0.144960241373044 
1156	 0.145432658754701 
1157	 0.145840222308984 
1158	 0.146620601285286 
1159	 0.145684251510185 
1160	 0.145020085581988 
1161	 0.146221699671765 
1162	 0.146690603687071 
1163	 0.147207154801142 
1164	 0.147363954734494 
1165	 0.146147292118963 
1166	 0.145842504204957 
1167	 0.146071661527199 
1168	 0.14596881263795 
1169	 0.14644365342067 
1170	 0.146468202853993 
1171	 0.146456221250361 
1172	 0.146605175748196 
1173	 0.146780003413304 
1174	 0.146799890002482 
1175	 0.14671880733741 
1176	 0.147163711466725 
1177	 0.146950997674496 
1178	 0.146713639287243 
1179	 0.146840840228539 
1180	 0.146301320124415 
1181	 0.14585600992891 
1182	 0.145943282682006 
1183	 0.145779556453603 
1184	 0.145466604023816 
1185	 0.145726951797372 
1186	 0.146407907013644 
1187	 0.146349398404226 
1188	 0.146364100979946 
1189	 0.146856758494516 
1190	 0.146330690588157 
1191	 0.145590713234638 
1192	 0.14544876276374 
1193	 0.145714024687051 
1194	 0.145741079433403 
1195	 0.145756526030833 
1196	 0.145925528431403 
1197	 0.145682389208904 
1198	 0.145084366844236 
1199	 0.144925853756994 
1200	 0.145430819074395 
1201	 0.145501829198122 
1202	 0.144994346503621 
1203	 0.145039254829685 
1204	 0.144704783172809 
1205	 0.144410059683821 
1206	 0.14524954237551 
1207	 0.145682989848876 
1208	 0.145539503661544 
1209	 0.145286024193764 
1210	 0.144912035013499 
1211	 0.144719445616806 
1212	 0.14467935190071 
1213	 0.145048766559684 
1214	 0.145064524963819 
1215	 0.145049684176082 
1216	 0.144298857166216 
1217	 0.143923227801179 
1218	 0.144121607877518 
1219	 0.144111497209729 
1220	 0.143865357829698 
1221	 0.143930026950136 
1222	 0.143731149645123 
1223	 0.143455712518097 
1224	 0.144160518585925 
1225	 0.144497817672444 
1226	 0.143862070409559 
1227	 0.143552529582554 
1228	 0.14355505315998 
1229	 0.143496117910098 
1230	 0.143385230043401 
1231	 0.143389890785076 
1232	 0.143457558472169 
1233	 0.143180136484634 
1234	 0.142976489549148 
1235	 0.143083444338073 
1236	 0.143435785169354 
1237	 0.143515905451194 
1238	 0.143625867947508 
1239	 0.14404365891249 
1240	 0.143874300758085 
1241	 0.143197243252915 
1242	 0.143025359221971 
1243	 0.142987620039137 
1244	 0.142919407233647 
1245	 0.143192130703947 
1246	 0.143330820333509 
1247	 0.14296910073638 
1248	 0.142505407219269 
1249	 0.142547161062689 
1250	 0.142701725820295 
1251	 0.14265886950769 
1252	 0.142876562590793 
1253	 0.143067368576254 
1254	 0.142922861854578 
1255	 0.142704772694802 
1256	 0.142417161581761 
1257	 0.141790895570565 
1258	 0.141850658384568 
1259	 0.142152600946209 
1260	 0.142303686612486 
1261	 0.143335058808775 
1262	 0.143538309713772 
1263	 0.143098914469754 
1264	 0.142490874863593 
1265	 0.14226185675919 
1266	 0.141914312468677 
1267	 0.141604741843834 
1268	 0.141972818477541 
1269	 0.142198195264862 
1270	 0.141927477259897 
1271	 0.142122150413061 
1272	 0.142429557620235 
1273	 0.142657594583065 
1274	 0.142755649448939 
1275	 0.142225510159993 
1276	 0.141970830483984 
1277	 0.142133656355038 
1278	 0.141864208144364 
1279	 0.141499047458817 
1280	 0.141142957170467 
1281	 0.141104867030298 
1282	 0.141253169678398 
1283	 0.141233616014104 
1284	 0.141409891914978 
1285	 0.141500850755409 
1286	 0.141277845906705 
1287	 0.14126959374784 
1288	 0.141637602386837 
1289	 0.141665682048039 
1290	 0.141517077775932 
1291	 0.141229829674501 
1292	 0.140978711197251 
1293	 0.141145123215381 
1294	 0.141149379941365 
1295	 0.141118329765526 
1296	 0.141763445141685 
1297	 0.14182865443758 
1298	 0.141359327723858 
1299	 0.141160789857865 
1300	 0.140730780587149 
1301	 0.140540106552732 
1302	 0.14059331812526 
1303	 0.140546661173755 
1304	 0.140319532392586 
1305	 0.140254056887981 
1306	 0.139977150022384 
1307	 0.139756092184751 
1308	 0.139707683775798 
1309	 0.139617680632254 
1310	 0.139259288734866 
1311	 0.139175807396873 
1312	 0.139173711192946 
1313	 0.138605213620196 
1314	 0.138407675853836 
1315	 0.13882161981235 
1316	 0.138834110483157 
1317	 0.138507083171762 
1318	 0.13850984475201 
1319	 0.139159837444169 
1320	 0.138994205768151 
1321	 0.138787074522878 
1322	 0.1374520096422 
1323	 0.136191630266363 
1324	 0.136422537934381 
1325	 0.137062525156592 
1326	 0.137570114795457 
1327	 0.137873747853368 
1328	 0.136967170343574 
1329	 0.136103695543565 
1330	 0.136347038212015 
1331	 0.136077511953117 
1332	 0.135575871163551 
1333	 0.13541090959073 
1334	 0.135071029525585 
1335	 0.134510948552155 
1336	 0.133770074148537 
1337	 0.133261415299493 
1338	 0.132001721735591 
1339	 0.131870041253478 
1340	 0.133378190517559 
1341	 0.134024029863885 
1342	 0.135401295028792 
1343	 0.134910792847259 
1344	 0.131374113684838 
1345	 0.130215333490358 
1346	 0.129368480779229 
1347	 0.128111762137412 
1348	 0.127322613148659 
1349	 0.128361623994853 
1350	 0.137509400774455 
1351	 0.139338471490082 
1352	 0.130064514916764 
1353	 0.129491688171114 
1354	 0.113491104876252 
1355	 8.87118691661929E-02 
1356	 5.55773387400329E-02 
1357	 8.08360690298397E-02 
1358	 0.113260483050303 
1359	 0.023777831416815 
1360	 4.11485528548001E-02 
1361	 0.202717236256595 
1362	 0.210627042778579 
1363	 0.18590677368354 
1364	 2.94281040868086E-02 
1365	 0.04158881662321 
1366	 0.119541373144065 
1367	-0.237593761592977 
1368	-0.442758541862013 
1369	-0.608501329301708 
1370	-0.689041605226665 
1371	-0.472110073969158 
1372	-0.427050247911303 
1373	-0.427475802951471 
1374	-0.50497561048749 
1375	-0.784303265891017 
1376	-0.557363065917899 
1377	-0.274880382478639 
1378	-0.102519679535019 
1379	 0.217753158647893 
1380	 0.134127113313764 
1381	-0.44000767757517 
1382	-0.57363827200867 
1383	-0.58092757186478 
1384	-1.30253933516137 
1385	-0.952426294201698 
1386	-0.482608538938351 
1387	-0.102528152528635 
1388	-0.246830233707195 
1389	-0.702963471727535 
1390	-0.627799620667548 
1391	-0.524439361412378 
1392	-0.511673952423444 
1393	-0.267875703890672 
1394	 0.272247775311688 
1395	 9.28237215179669E-02 
1396	-0.62683703133842 
1397	-0.246282168620606 
1398	 0.633668986678938 
1399	 0.196001429040312 
1400	-0.794053744225539 
1401	-1.80603442071624 
1402	-11.6010057908007 
1403	-0.151039463080538 
1404	 3.88065171975194E-02 
1405	-2.74332386224915E-02 
1406	-0.392067951174891 
1407	-0.371525689497236 
1408	-0.293908035525355 
1409	-0.219147918778065 
1410	 0.03473090298122 
1411	 1.42992331643862E-02 
1412	-0.128298984919333 
1413	-0.12833158297761 
1414	-0.166798815235793 
1415	-0.116688685540938 
1416	 3.63059648110658E-02 
1417	 3.83064660219167E-02 
1418	 1.64085488677343E-04 
1419	 2.53237130701526E-02 
1420	 3.62159604404725E-02 
1421	 3.32264216785906E-02 
1422	 5.36932636921011E-02 
1423	 5.86008509196549E-02 
1424	 2.48164005252646E-02 
1425	 0.022956831232929 
1426	 5.53685943638827E-02 
1427	 5.89641205523344E-02 
1428	 4.13265450189105E-02 
1429	 4.74624513153261E-02 
1430	 6.95056119571036E-02 
1431	 6.70326651814565E-02 
1432	 5.10216983749903E-02 
1433	 5.95611076905872E-02 
1434	 0.075888071534785 
1435	 0.070403183842022 
1436	 5.97138030409802E-02 
1437	 7.50372156661836E-02 
1438	 7.52587586800358E-02 
1439	 6.68087571404688E-02 
1440	 8.06752225549987E-02 
1441	 9.38437184736256E-02 
1442	 8.77654851368988E-02 
1443	 7.64300165173677E-02 
1444	 7.83556857197159E-02 
1445	 8.47885835442673E-02 
1446	 7.79855897908218E-02 
1447	 7.20266791258546E-02 
1448	 0.07253197344861 
1449	 7.00350107408962E-02 
1450	 7.37555239848078E-02 
1451	 7.98710507111417E-02 
1452	 7.71633628702901E-02 
1453	 7.29268814153802E-02 
1454	 0.074204299679369 
1455	 7.75736133774608E-02 
1456	 7.75013040740037E-02 
1457	 7.72275572773794E-02 
1458	 7.94517690297881E-02 
1459	 8.10127087648753E-02 
1460	 8.16288712765853E-02 
1461	 8.64133048024425E-02 
1462	 0.086974677602665 
1463	 8.20022774665816E-02 
1464	 8.01424500240537E-02 
1465	 7.90056439259257E-02 
1466	 7.81587748623502E-02 
1467	 7.70626728883266E-02 
1468	 7.68887082747298E-02 
1469	 7.88258660059106E-02 
1470	 8.00936396626806E-02 
1471	 8.21888051633816E-02 
1472	 8.14770447976568E-02 
1473	 7.70177668080131E-02 
1474	 7.81007771197627E-02 
1475	 8.13510387286384E-02 
1476	 0.082062931590195 
1477	 8.52483591198466E-02 
1478	 8.64602531080458E-02 
1479	 8.51833666015714E-02 
1480	 8.34758839989917E-02 
1481	 0.080162125011679 
1482	 8.09351028341743E-02 
1483	 8.32222829208966E-02 
1484	 8.28997785528803E-02 
1485	 8.35590512408607E-02 
1486	 0.084760611349439 
1487	 8.44634260445465E-02 
1488	 8.42432794509287E-02 
1489	 8.47251219869534E-02 
1490	 8.57599452403987E-02 
1491	 8.62000712212515E-02 
1492	 8.67000800198792E-02 
1493	 0.088872112064603 
1494	 8.96480271736004E-02 
1495	 0.088764288918391 
1496	 8.87037087782932E-02 
1497	 0.08877862264738 
1498	 0.089166992760534 
1499	 8.99319592826695E-02 
1500	 9.02943484676193E-02 
1501	 9.10020049289613E-02 
1502	 9.14952547620913E-02 
1503	 9.13623561748725E-02 
1504	 9.16678938772051E-02 
1505	 9.25598215085731E-02 
1506	 9.25054245059913E-02 
1507	 9.23407163029104E-02 
1508	 9.26953896975627E-02 
1509	 9.32655738936629E-02 
1510	 0.093549765237645 
1511	 9.34324729211008E-02 
1512	 9.39334477385017E-02 
1513	 9.48889640679064E-02 
1514	 9.52228233419512E-02 
1515	 9.54758641483118E-02 
1516	 9.58833609746552E-02 
1517	 9.59216836566715E-02 
1518	 9.58766722912551E-02 
1519	 9.58860658623984E-02 
1520	 9.62350842222164E-02 
1521	 9.68712049520745E-02 
1522	 0.096837072189061 
1523	 9.68093183224766E-02 
1524	 9.74200762514618E-02 
1525	 9.79052757693961E-02 
1526	 9.80488640578594E-02 
1527	 9.79583734944404E-02 
1528	 9.82769975834398E-02 
1529	 9.90993345641002E-02 
1530	 9.92647431982318E-02 
1531	 9.92643550898854E-02 
1532	 9.96130848733706E-02 
1533	 9.98002988067678E-02 
1534	 0.10008943490193 
1535	 0.100380473866015 
1536	 0.100964402520004 
1537	 0.101511012245367 
1538	 0.101613773821447 
1539	 0.102313613189163 
1540	 0.102842528984574 
1541	 0.102477916735225 
1542	 0.102499385414645 
1543	 0.102700979088821 
1544	 0.102755457271863 
1545	 0.10316824310789 
1546	 0.103554661982393 
1547	 0.103734799777961 
1548	 0.103741528706361 
1549	 0.103582408486139 
1550	 0.103597558113736 
1551	 0.104357724350676 
1552	 0.105475785942704 
1553	 0.106000147659168 
1554	 0.106000688780514 
1555	 0.105773201262147 
1556	 0.105517244704328 
1557	 0.105729467739177 
1558	 0.106447648952084 
1559	 0.106507187843709 
1560	 0.106091130593403 
1561	 0.106665965011404 
1562	 0.107117520096726 
1563	 0.106991498503404 
1564	 0.107506109281484 
1565	 0.107685682754982 
1566	 0.107375067229583 
1567	 0.107895417110077 
1568	 0.108584382274864 
1569	 0.108455617435896 
1570	 0.108508040748328 
1571	 0.109060149541299 
1572	 0.109007215284574 
1573	 0.108924078127829 
1574	 0.109365189990035 
1575	 0.109576380623982 
1576	 0.109506278949058 
1577	 0.109065219709918 
1578	 0.108683729292197 
1579	 0.108944455467177 
1580	 0.108938428987953 
1581	 0.108913974009292 
1582	 0.109272335318269 
1583	 0.109360779929718 
1584	 0.109659550383216 
1585	 0.109834193784538 
1586	 0.109696311421287 
1587	 0.109862489163825 
1588	 0.109916660187331 
1589	 0.110197058024567 
1590	 0.110593895026521 
1591	 0.110525808606718 
1592	 0.110690801577548 
1593	 0.111115855653416 
1594	 0.111604106279053 
1595	 0.112242815359428 
1596	 0.112324754478835 
1597	 0.111909422707839 
1598	 0.111895812888814 
1599	 0.11212123200827 
1600	 0.111774509846147 
1601	 0.111474955917745 
1602	 0.111985470902862 
1603	 0.112297790373748 
1604	 0.112411180800809 
1605	 0.112676044927524 
1606	 0.112482752286103 
1607	 0.112073648196685 
1608	 0.112085336784073 
1609	 0.112541817942683 
1610	 0.113015873091146 
1611	 0.11323994796324 
1612	 0.113045444684977 
1613	 0.112898814081877 
1614	 0.112938704473597 
1615	 0.112996714324359 
1616	 0.113065108468054 
1617	 0.112671397024324 
1618	 0.112410169068947 
1619	 0.112858881049965 
1620	 0.113106394142974 
1621	 0.11297005038937 
1622	 0.113357818714115 
1623	 0.113703672295319 
1624	 0.113330871581966 
1625	 0.11316212752005 
1626	 0.113439343571749 
1627	 0.113694130099428 
1628	 0.11347133246355 
1629	 0.113350469151762 
1630	 0.113839707621422 
1631	 0.113711276383793 
1632	 0.113927298685102 
1633	 0.114952919868812 
1634	 0.114805613671645 
1635	 0.114306008400736 
1636	 0.114460843741283 
1637	 0.114493708008508 
1638	 0.11445176300021 
1639	 0.11465134826698 
1640	 0.11423304894112 
1641	 0.113435534551703 
1642	 0.113722759627352 
1643	 0.11419035447649 
1644	 0.114278691667269 
1645	 0.114785614944658 
1646	 0.115086736235282 
1647	 0.114565388624438 
1648	 0.113964460432787 
1649	 0.113848095852381 
1650	 0.113935468045538 
1651	 0.113895088349919 
1652	 0.113872431539595 
1653	 0.114292039529242 
1654	 0.114419855194234 
1655	 0.114309050024568 
1656	 0.114211965444144 
1657	 0.11408698553669 
1658	 0.114026995879598 
1659	 0.113861789852855 
1660	 0.114054430058177 
1661	 0.11457822768018 
1662	 0.114564718358971 
1663	 0.114506810950462 
1664	 0.114643409281673 
1665	 0.114525275379878 
1666	 0.114358237581024 
1667	 0.114253174531109 
1668	 0.114169851524366 
1669	 0.114458293174507 
1670	 0.115104948516297 
1671	 0.114609941576025 
1672	 0.114216528347788 
1673	 0.114839190713272 
1674	 0.115127903536452 
1675	 0.115517250856595 
1676	 0.115673426882772 
1677	 0.115044489889734 
1678	 0.114268099362955 
1679	 0.113476572147184 
1680	 0.113152849679224 
1681	 0.1132669080313 
1682	 0.113030536962486 
1683	 0.112960190084508 
1684	 0.113389047407872 
1685	 0.113432973126304 
1686	 0.113514394158837 
1687	 0.113751253879083 
1688	 0.113660117425492 
1689	 0.113740651178413 
1690	 0.11401847334593 
1691	 0.114064735825842 
1692	 0.114266227193674 
1693	 0.1135903252603 
1694	 0.112023637986375 
1695	 0.112230292968377 
1696	 0.112643751168486 
1697	 0.112716123724571 
1698	 0.114054719266399 
1699	 0.114495206451384 
1700	 0.113725991729246 
1701	 0.113416678505117 
1702	 0.113394789422223 
1703	 0.113285661249073 
1704	 0.11334684355548 
1705	 0.113509326601645 
1706	 0.11374532239899 
1707	 0.113606057677212 
1708	 0.113307652550408 
1709	 0.113851751953273 
1710	 0.113973140606912 
1711	 0.11331684196562 
1712	 0.113424184022783 
1713	 0.112129112012029 
1714	 0.111959421650498 
1715	 0.113505862413422 
1716	 0.112935837156 
1717	 0.112932704254454 
1718	 0.113885135352199 
1719	 0.113131716854847 
1720	 0.112236114328836 
1721	 0.112648856850413 
1722	 0.112647490112755 
1723	 0.112355376522439 
1724	 0.112552982752767 
1725	 0.112346704840541 
1726	 0.112135763338933 
1727	 0.112314968533027 
1728	 0.112558490667914 
1729	 0.113243000032888 
1730	 0.113194018608322 
1731	 0.111917995386449 
1732	 0.111418754128461 
1733	 0.111556959881893 
1734	 0.111072806872486 
1735	 0.110826514263476 
1736	 0.110728494076939 
1737	 0.110216559617477 
1738	 0.110299410778389 
1739	 0.110763010569492 
1740	 0.110991090863178 
1741	 0.11051873376619 
1742	 0.109228825974345 
1743	 0.108638948870191 
1744	 0.109095364508588 
1745	 0.11006697307983 
1746	 0.110849877319818 
1747	 0.110956916374576 
1748	 0.10964913871824 
1749	 0.108839358388029 
1750	 0.108160463878188 
1751	 0.107992508341205 
1752	 0.108519807233706 
1753	 0.108433072677448 
1754	 0.108328292903971 
1755	 0.108213478266134 
1756	 0.107453225510737 
1757	 0.10736312572673 
1758	 0.107308261051896 
1759	 0.10712142936204 
1760	 0.106605357947298 
1761	 0.106639233132882 
1762	 0.107283353721335 
1763	 0.107036263313145 
1764	 0.106748905970874 
1765	 0.105055109813809 
1766	 0.102959520967376 
1767	 0.104185295786754 
1768	 0.104578927364145 
1769	 0.103944767376379 
1770	 0.105958612474011 
1771	 0.105946515069833 
1772	 0.10409412580634 
1773	 0.1046079381558 
1774	 0.104404204484514 
1775	 0.104908701011986 
1776	 0.105274902028018 
1777	 0.107196571940407 
1778	 0.106846423332591 
1779	 0.102761160622776 
1780	 0.10135530346936 
1781	 0.10064864673178 
1782	 0.100486951497232 
1783	 0.102589729397846 
1784	 0.102536512380793 
1785	 0.100886722294786 
1786	 0.101535253830102 
1787	 0.104079123931237 
1788	 0.103760594180021 
1789	 0.102709810287688 
1790	 9.72322242850559E-02 
1791	 9.47494009928831E-02 
1792	 9.70541085794626E-02 
1793	 0.098695745574408 
1794	 9.90336705289657E-02 
1795	 9.76786530336192E-02 
1796	 9.20133111084252E-02 
1797	 9.21876317319326E-02 
1798	 0.107927742042397 
1799	 0.121690085142607 
1800	 0.111192553753854 
1801	 0.111586004209112 
1802	 9.25614560778943E-02 
1803	 7.68054036927469E-02 
1804	 9.17371979713276E-02 
1805	 9.68936517729349E-02 
1806	 7.36051076371708E-02 
1807	 8.44914357457742E-02 
1808	 0.171112919093807 
1809	 0.208792599477797 
1810	 0.235373749614676 
1811	 0.21381528419854 
1812	 1.50983665623054E-02 
1813	-8.28226127460317E-02 
1814	-0.22099253090551 
1815	-0.277698183576044 
1816	 9.45328553823063E-03 
1817	 0.281349587299217 
1818	 1.20455446569086 
1819	 0.429982962799546 
1820	-0.180066136277765 
1821	-0.653148541113427 
1822	-1.21785648732107 
1823	-2.74889426202193 
1824	-2.73590970726597 
1825	-1.36136371040588 
1826	-1.15780089995503 
1827	-0.799069747174695 
1828	-0.370920772280981 
1829	 1.4776190579304 
1830	 4.5511974283314 
1831	 0.324309970261744 
1832	 0.31649549425927 
1833	 0.96151634017002 
1834	 2.98163454488054 
1835	-1.60146494182244 
1836	-3.84359791347952 
1837	 0.915577981384513 
1838	 0.650677594708893 
1839	 0.730291403731521 
1840	 1.20588454360143 
1841	 2.94791661231473 
1842	-11.5139076732489 
1843	-1.73209291207798 
1844	-4.41105353914921E-02 
1845	 0.021262483550558 
1846	-0.168940123173185 
1847	-0.14795182300618 
1848	-0.771645865156833 
1849	 1.42405670093479 
1850	-0.47462190013113 
1851	-4.01079602665767 
1852	-7.43942634232019 
1853	-5.52826354041961 
1854	-1.13190333704052 
1855	 0.181868552268265 
1856	 4.28557041095943E-02 
1857	-0.763455678491179 
1858	-1.1129562879742 
1859	-2.31941915827123 
1860	 3.61385551389195 
1861	 0.883629102976561 
1862	-9.81346896639965E-02 
1863	-1.69903010739819 
1864	-2.47023537728351 
1865	-2.73294977600261 
1866	-7.31887138596785 
1867	 4.51031263210145 
1868	-0.540840406388554 
1869	-1.09317614322603 
1870	-0.898867138152822 
1871	-0.817009846109627 
1872	-0.435745822233466 
1873	-0.317006192363968 
1874	-0.353257424304353 
1875	-0.491232614506131 
1876	-0.60742297093647 
1877	-1.42268460569457 
1878	-1.65846895995751 
1879	 1.12560655877879 
1880	-2.79940794267681 
1881	-2.36861276421525 
1882	-1.37152850860861 
1883	-1.43579145418485 
1884	-1.56656851329163 
1885	 0.147932323253011 
1886	 0.129781723297112 
1887	-0.619354411830564 
1888	-2.10853035257408 
1889	-1.65037980988195 
1890	 0.478794574084539 
1891	 1.93042128440339 
1892	 4.27740972861863 
1893	 18.7089780065721 
1894	-8.03425606499381 
1895	-1.64195060266502 
1896	 39.0161086282018 
1897	-1.13110781438871 
1898	 0.330435980186756 
1899	 0.173814640135724 
1900	 0.305777019840539 
1901	 0.606449166421744 
1902	 0.631195271530656 
1903	 0.418086039127811 
1904	 0.507626588565586 
1905	-1.65457483881043 
1906	 0.207026240616993 
1907	 1.22119021956326 
1908	-1.03764910991049 
1909	 3.20867015478958 
1910	 1.02876540375277 
1911	 1.25759206011103 
1912	 1.86879924180683 
1913	 2.14625792768994 
1914	 1.91062184323299 
1915	 3.48902505824543 
1916	-37.8407197841258 
1917	-1.11000022229857 
1918	-0.44214207422259 
1919	-0.307178464081232 
1920	-0.498793835146754 
1921	-1.30880842195303 
1922	-4.3845365443945 
1923	-22.044029695806 
1924	-2.10538663584481 
1925	-1.06598498523166 
1926	-0.494128499528074 
1927	-0.438838527807009 
1928	-0.394967172459902 
1929	 1.28057924702052 
1930	 1.47284074110081 
1931	 0.963891184999731 
1932	 0.408778919286059 
1933	-0.357299267874534 
1934	-0.228570627040251 
1935	 0.291076450993595 
1936	 0.444629977948296 
1937	 0.413573653369926 
1938	 0.377931354893639 
1939	 0.306661588565081 
1940	 0.107104150963417 
1941	 0.106821912238704 
1942	 0.2046141734354 
1943	 1.12326125430004E-02 
1944	-0.101292038952066 
1945	-4.96263772601687E-02 
1946	-3.40263830550695E-02 
1947	 1.43820413072686E-02 
1948	 9.63074828499112E-02 
1949	 0.138141590192706 
1950	 0.018903310610877 
1951	-6.84413090189877E-02 
1952	-7.18781592660704E-02 
1953	-3.39487086609443E-02 
1954	-4.92613244370304E-02 
1955	-1.12990573949605E-02 
1956	 4.72162669549587E-02 
1957	 5.40913024015786E-02 
1958	 4.31137420220525E-02 
1959	 4.15653342539759E-02 
1960	 0.060982562947098 
1961	 5.68619075825351E-02 
1962	 4.60102979985301E-02 
1963	 3.92182205009648E-02 
1964	 2.51730036412541E-02 
1965	 2.16775051869995E-02 
1966	 1.90007813322406E-02 
1967	 1.89088131248789E-02 
1968	 2.12595575644783E-02 
1969	 3.05941582825598E-02 
1970	 3.25103409933526E-02 
1971	 2.81011891919688E-02 
1972	 3.19771167208214E-02 
1973	 3.68306143180084E-02 
1974	 3.84600189471847E-02 
1975	 0.046767142838797 
1976	 5.55475178074288E-02 
1977	 5.42192303082904E-02 
1978	 4.77886380211262E-02 
1979	 4.54835542553531E-02 
1980	 4.42734390439834E-02 
1981	 3.96121460705225E-02 
1982	 3.97034344892786E-02 
1983	 0.045267054307289 
1984	 4.46830784620209E-02 
1985	 4.87427868888872E-02 
1986	 5.23486326972464E-02 
1987	 4.97957313155181E-02 
1988	 5.15016550626558E-02 
1989	 0.052826825858648 
1990	 4.92241202049809E-02 
1991	 4.74267307769555E-02 
1992	 4.89340204359172E-02 
1993	 4.99346242176472E-02 
1994	 5.06737125376846E-02 
1995	 5.32319929943793E-02 
1996	 5.65489820923911E-02 
1997	 5.26957918220399E-02 
1998	 4.87172163917284E-02 
1999	 4.99013727527063E-02 
2000	 4.64279462420766E-02 
2001	 4.25254943055729E-02 
2002	 4.43866744277928E-02 
2003	 4.32094789848535E-02 
2004	 4.04854398675324E-02 
2005	 4.50289264525842E-02 
2006	 5.31699115206663E-02 
2007	 6.34364114041422E-02 
2008	 6.58756628833802E-02 
2009	 6.98610201208141E-02 
2010	 8.26629659137664E-02 
2011	 8.30562036008259E-02 
2012	 7.11891658169357E-02 
2013	 7.01509606155527E-02 
2014	 6.90784506012107E-02 
2015	 5.65029809663819E-02 
2016	 5.21011749806996E-02 
2017	 5.28435819870535E-02 
2018	 5.61593321405466E-02 
2019	 5.49760702019146E-02 
2020	 5.34306964770212E-02 
2021	 5.75828708510206E-02 
2022	 5.48586046735466E-02 
2023	 5.33361785215149E-02 
2024	 5.47736141500083E-02 
2025	 5.73526888294797E-02 
2026	 5.78182161818455E-02 
2027	 5.79991149927802E-02 
2028	 6.21913170313985E-02 
2029	 0.063706650300902 
2030	 6.27535198669302E-02 
2031	 6.14550187406768E-02 
2032	 6.02794274112997E-02 
2033	 5.91177770996655E-02 
2034	 5.68769308619644E-02 
2035	 5.67680989921063E-02 
2036	 5.77756518399485E-02 
2037	 5.64197105691316E-02 
2038	 5.47930833897575E-02 
2039	 5.44490458484357E-02 
2040	 5.36350339394212E-02 
2041	 5.39288558775594E-02 
2042	 0.057081335033914 
2043	 5.88291190774247E-02 
2044	 6.04656002926079E-02 
2045	 6.18946844256297E-02 
2046	 6.30526067798659E-02 
2047	 6.11414088186521E-02 
2048	 6.35398625187636E-02 
2049	 6.68121365994376E-02 
2050	 6.51378517028923E-02 
2051	 6.59587836289174E-02 
2052	 6.59645736240195E-02 
2053	 6.33558994982678E-02 
2054	 6.39349987186264E-02 
2055	 0.065693024025288 
2056	 6.61309554912394E-02 
2057	 6.54610045867192E-02 
2058	 6.45841228866089E-02 
2059	 6.26328275272158E-02 
2060	 6.11354808852819E-02 
2061	 0.058678257507305 
2062	 5.83314904960427E-02 
2063	 5.85685005646988E-02 
2064	 0.059387410028276 
2065	 6.05014750393361E-02 
2066	 5.94666150603595E-02 
2067	 5.74796613790538E-02 
2068	 5.63533839061577E-02 
2069	 5.85810709456243E-02 
2070	 6.29940376595662E-02 
2071	 6.47177772476089E-02 
2072	 6.74971217221129E-02 
2073	 6.82649234793366E-02 
2074	 6.48564416050407E-02 
2075	 6.49120267030223E-02 
2076	 6.64836846346994E-02 
2077	 0.067271970974878 
2078	 7.05473118086817E-02 
2079	 7.00344223110762E-02 
2080	 0.066500301771265 
2081	 6.44270776051943E-02 
2082	 6.41082151734756E-02 
2083	 6.43070527246248E-02 
2084	 6.76741240714983E-02 
2085	 7.03410972001988E-02 
2086	 6.93528759835106E-02 
2087	 6.87591977212701E-02 
2088	 6.86529346423728E-02 
2089	 6.79043664827962E-02 
2090	 6.91882963251665E-02 
2091	 0.070875774709135 
2092	 7.13937531082264E-02 
2093	 7.13017792660521E-02 
2094	 7.16705086764776E-02 
2095	 7.10168674109842E-02 
2096	 7.10466988514529E-02 
2097	 7.17374024070344E-02 
2098	 7.30196826202545E-02 
2099	 7.53599444100069E-02 
2100	 7.66619078633103E-02 
2101	 7.54995157651924E-02 
2102	 7.42221794400235E-02 
2103	 7.26842474245459E-02 
2104	 7.18147188442057E-02 
2105	 0.074563093135587 
2106	 7.70118754129585E-02 
2107	 7.59223328392933E-02 
2108	 7.54728942547958E-02 
2109	 7.60584352602035E-02 
2110	 7.44360431595326E-02 
2111	 7.41297282032021E-02 
2112	 7.52766357673343E-02 
2113	 7.68816712130489E-02 
2114	 8.02310919123785E-02 
2115	 8.07743649645684E-02 
2116	 7.93406779956661E-02 
2117	 8.05376899718751E-02 
2118	 8.22946453134999E-02 
2119	 8.26953632270803E-02 
2120	 8.44078447349242E-02 
2121	 8.62607210513099E-02 
2122	 8.44787146932092E-02 
2123	 8.06675843009058E-02 
2124	 7.89243485808754E-02 
2125	 7.79286300304044E-02 
2126	 7.73689435015439E-02 
2127	 7.72760032755839E-02 
2128	 7.72326984997159E-02 
2129	 0.076071920495583 
2130	 7.56696159668878E-02 
2131	 7.64094744851446E-02 
2132	 7.52330102408323E-02 
2133	 7.52838653542817E-02 
2134	 7.58181284623395E-02 
2135	 7.58962370341536E-02 
2136	 7.61513600116103E-02 
2137	 7.75308997748484E-02 
2138	 0.078925342782244 
2139	 8.08001012580067E-02 
2140	 8.08512811881991E-02 
2141	 8.02559906391117E-02 
2142	 8.05044576546344E-02 
2143	 8.03066167701426E-02 
2144	 7.84706012768755E-02 
2145	 7.95465575151496E-02 
2146	 8.04283699165962E-02 
2147	 0.079725125531759 
2148	 8.07624236644757E-02 
2149	 8.15418121960689E-02 
2150	 8.11440352254728E-02 
2151	 7.90807330913947E-02 
2152	 0.078723806417481 
2153	 7.90442895324478E-02 
2154	 7.83547826615915E-02 
2155	 8.01920063843322E-02 
2156	 8.02985707666177E-02 
2157	 8.01273793224964E-02 
2158	 7.89276602210126E-02 
2159	 7.99675267183041E-02 
2160	 0.0811557463633 
2161	 8.20983592920419E-02 
2162	 8.55832771160103E-02 
2163	 0.085834763603622 
2164	 0.082864847803936 
2165	 0.082756056588848 
2166	 8.32299022698777E-02 
2167	 0.082476838697182 
2168	 8.31500800320118E-02 
2169	 8.30153645202631E-02 
2170	 8.14847271561181E-02 
2171	 0.078990319944352 
2172	 7.90283650038399E-02 
2173	 7.82594818036505E-02 
2174	 7.79710596862673E-02 
2175	 7.89837862708793E-02 
2176	 7.80805352887743E-02 
2177	 7.74749700415287E-02 
2178	 8.00992602844673E-02 
2179	 8.12197325588299E-02 
2180	 8.13133937444277E-02 
2181	 8.21348988598792E-02 
2182	 8.06686512305377E-02 
2183	 7.84553516771436E-02 
2184	 8.01426527492413E-02 
2185	 0.083280505749453 
2186	 8.38854942645112E-02 
2187	 8.38615430747417E-02 
2188	 8.38109263912885E-02 
2189	 8.16506713747698E-02 
2190	 8.12308695605883E-02 
2191	 0.08168289015573 
2192	 8.36370578684075E-02 
2193	 8.82108965963257E-02 
2194	 8.85375653453595E-02 
2195	 8.78435128634386E-02 
2196	 8.65339523434398E-02 
2197	 8.05410305976005E-02 
2198	 0.077967689435867 
2199	 7.60664415393103E-02 
2200	 7.89209152101437E-02 
2201	 0.078682188291616 
2202	 7.67500160373646E-02 
2203	 7.96522452552382E-02 
2204	 8.02048390585569E-02 
2205	 7.86931544600423E-02 
2206	 0.079629395124505 
2207	 7.98361644633387E-02 
2208	 0.078792655745818 
2209	 8.24954952642252E-02 
2210	 8.74906665999695E-02 
2211	 8.62964612149545E-02 
2212	 8.45869804728172E-02 
2213	 8.33568667067511E-02 
2214	 8.11175885901137E-02 
2215	 8.10004129349175E-02 
2216	 8.02109867152791E-02 
2217	 8.00680895552848E-02 
2218	 8.02251599714685E-02 
2219	 8.02860668618219E-02 
2220	 7.96721052459451E-02 
2221	 8.10961645733927E-02 
2222	 8.50266422693938E-02 
2223	 8.52090343465509E-02 
2224	 8.60134625809442E-02 
2225	 8.57349737916038E-02 
2226	 8.08490361936413E-02 
2227	 7.81667437021539E-02 
2228	 7.58187360099037E-02 
2229	 7.55910711345396E-02 
2230	 7.54840353583902E-02 
2231	 7.67220560865852E-02 
2232	 0.08318980120243 
2233	 8.51556023112628E-02 
2234	 8.43328170920994E-02 
2235	 8.66384711751198E-02 
2236	 8.56974982345949E-02 
2237	 8.05571138607093E-02 
2238	 7.95354830361953E-02 
2239	 7.81458940112544E-02 
2240	 7.21631396141436E-02 
2241	 6.97588069188128E-02 
2242	 7.36667336892832E-02 
2243	 7.31791183466625E-02 
2244	 0.07421818398986 
2245	 0.077214716869815 
2246	 7.26602198359827E-02 
2247	 0.071456557412315 
2248	 7.00519085840104E-02 
2249	 6.90770181463741E-02 
2250	 6.88297765204551E-02 
2251	 6.57429186643834E-02 
2252	 7.08962698186722E-02 
2253	 7.81270815575259E-02 
2254	 8.07016478813373E-02 
2255	 8.15870923339187E-02 
2256	 8.13496005388675E-02 
2257	 8.03072650808142E-02 
2258	 8.02439298203558E-02 
2259	 0.080068058401949 
2260	 7.96306885783896E-02 
2261	 7.73833719428418E-02 
2262	 7.72050330687425E-02 
2263	 7.86189835905132E-02 
2264	 8.00733635733718E-02 
2265	 8.36099111089997E-02 
2266	 8.25594674698464E-02 
2267	 8.01321844182852E-02 
2268	 7.73577747164105E-02 
2269	 6.86619606779855E-02 
2270	 0.067466617162934 
2271	 6.89435680983931E-02 
2272	 7.02612029251204E-02 
2273	 7.79218326916904E-02 
2274	 8.12873024370408E-02 
2275	 8.46818270546587E-02 
2276	 8.52473407277882E-02 
2277	 7.92479507312871E-02 
2278	 7.76439334607865E-02 
2279	 7.72869461345623E-02 
2280	 7.57030642234694E-02 
2281	 7.44042860947684E-02 
2282	 0.077079455458076 
2283	 7.87599560728316E-02 
2284	 7.76072766590276E-02 
2285	 7.77513626495812E-02 
2286	 7.81026510670444E-02 
2287	 7.34759365302302E-02 
2288	 7.03114905476911E-02 
2289	 7.17188995956415E-02 
2290	 7.13211254887727E-02 
2291	 7.49361135725842E-02 
2292	 8.08644666161523E-02 
2293	 8.01772938246925E-02 
2294	 8.21540596920992E-02 
2295	 7.94102538901213E-02 
2296	 7.31530822061297E-02 
2297	 7.42905883061674E-02 
2298	 7.16620867678484E-02 
2299	 7.10351683500616E-02 
2300	 6.97865109572371E-02 
2301	 6.33909230230953E-02 
2302	 6.45585011785105E-02 
2303	 7.05482718409176E-02 
2304	 7.11974484389949E-02 
2305	 7.28600264616046E-02 
2306	 7.59225737120234E-02 
2307	 7.30517751571574E-02 
2308	 7.30332068752128E-02 
2309	 6.85177206862118E-02 
2310	 6.28571225720065E-02 
2311	 6.93758344040446E-02 
2312	 7.15264665313014E-02 
2313	 7.22607242008406E-02 
2314	 7.40376601869293E-02 
2315	 6.68981756043627E-02 
2316	 6.50224645737295E-02 
2317	 7.07544427061165E-02 
2318	 7.34705589586998E-02 
2319	 6.46380241172929E-02 
2320	 0.055251781913105 
2321	 0.050192865442982 
2322	 4.52064538587977E-02 
2323	 4.91912881725365E-02 
2324	 4.54971833032289E-02 
2325	 4.39968386776817E-02 
2326	 0.046009927995793 
2327	 4.60021682185817E-02 
2328	 6.18720163625765E-02 
2329	 7.82796824814981E-02 
2330	 8.81574485672927E-02 
2331	 8.78565477815844E-02 
2332	 8.11436125524763E-02 
2333	 6.18713771626021E-02 
2334	 3.74603986925138E-02 
2335	 3.31495819291671E-02 
2336	 0.028236660036849 
2337	 2.58325643715645E-02 
2338	 3.70364492523959E-02 
2339	 3.61886799589949E-02 
2340	 2.17223048346199E-02 
2341	 1.84141403875912E-02 
2342	 1.14913884370935E-02 
2343	 4.84319064499296E-03 
2344	 1.91532975978195E-02 
2345	 3.45303191360428E-02 
2346	 4.40370578728651E-02 
2347	 0.047237642987772 
2348	 0.047816036288674 
2349	 3.93973623927905E-02 
2350	 2.28895516783298E-02 
2351	 1.91692302987572E-02 
2352	 1.04424403321968E-02 
2353	 4.18358432473105E-04 
2354	 8.52974028482396E-03 
2355	 2.00472165848045E-02 
2356	 3.38312059047251E-02 
2357	 5.21716167457606E-02 
2358	 5.31601851849753E-02 
2359	 3.56765565582192E-02 
2360	 2.88434981431232E-02 
2361	 3.20800801744317E-02 
2362	 3.14473820998538E-02 
2363	 2.33006648082858E-02 
2364	 4.00918087408518E-02 
2365	 5.64065839376092E-02 
2366	 0.045750668789301 
2367	 0.086751390799014 
2368	 0.112421499418142 
2369	 8.35243791948573E-02 
2370	 9.33654510613615E-02 
2371	 7.25202258906112E-02 
2372	 2.75967661212203E-02 
2373	 4.87096346832728E-02 
2374	 7.45126852273221E-02 
2375	 0.103094842662808 
2376	 0.107502717101649 
2377	 7.12196445466429E-02 
2378	 7.72365097976855E-02 
2379	 7.16363162702053E-02 
2380	 0.051779116737692 
2381	 6.73353962815969E-02 
2382	-1.97285562097367E-02 
2383	-0.118791975224365 
2384	-0.117457119379516 
2385	-8.17548127948297E-02 
2386	-4.03569324909761E-03 
2387	 2.80710144557142E-02 
2388	-2.30134658535464E-02 
2389	-1.21139212313312E-02 
2390	-2.62250593525496E-02 
2391	-2.47995864631749E-02 
2392	 9.2160871973728E-03 
2393	-6.36071383579892E-02 
2394	-5.78783263942176E-02 
2395	-3.60999657710757E-02 
2396	-2.75214301109199E-02 
2397	 9.68305754010122E-02 
2398	 0.127414966757297 
2399	 0.131913214585556 
2400	 0.216882287038666 
2401	 0.112206170918917 
2402	 1.23638607062786E-02 
2403	 0.024520431673089 
2404	-7.57463407647415E-02 
2405	-8.45530136272904E-02 
2406	 8.58825893810643E-03 
2407	 2.74164250201511E-02 
2408	 0.134192132684307 
2409	 0.31532943310928 
2410	 0.37921303136395 
2411	 0.328157012984697 
2412	 0.242453796842745 
2413	 0.142634281611487 
2414	-8.69593201028977E-02 
2415	-0.317026966031432 
2416	-0.351997771024084 
2417	-0.511833082589017 
2418	-0.686714714086061 
2419	-0.383886130448093 
2420	-0.295543483023966 
2421	-0.32655971310008 
2422	-0.254511251851248 
2423	-0.323424468808963 
2424	-0.332131162799861 
2425	-0.317027562043901 
2426	-0.268972675434188 
2427	-0.128383467100435 
2428	-0.249365334132811 
2429	-0.172655912780763 
2430	 1.28626233778844E-02 
2431	 0.120713420270031 
2432	 0.331890726172675 
2433	 0.463345641626588 
2434	 0.28422679995052 
2435	 0.160173530210783 
2436	 3.44429817283378E-02 
2437	 8.46217875384007E-03 
2438	-7.72024054483702E-04 
2439	-0.254557703779737 
2440	-9.62716493410243E-02 
2441	 9.72588240101101E-02 
2442	 4.19695084549164E-02 
2443	 0.224986831999184 
2444	 7.65542080204357E-02 
2445	-6.56059013566793E-02 
2446	 0.126030747714763 
2447	 0.103712112937056 
2448	 0.374740815171438 
2449	 0.335453352314829 
2450	 0.519944938547766 
2451	 5.69868675505692 
2452	-41.7710000584615 
2453	 2.68184103355383 
2454	 1.18941893240007 
2455	 0.53731153788919 
2456	 1.39139977458049 
2457	-7.38689192063584 
2458	-4.54398636172486 
2459	-0.675746571969061 
2460	 1.51571335312865 
2461	-6.51779405308039 
2462	-7.92620217970168 
2463	-1.16807596803702 
2464	-0.37060649110374 
2465	-0.50926865394719 
2466	-1.19777859692038 
2467	-4.46566085048579 
2468	 1.62494686713254 
2469	-0.670083917272605 
2470	-1.05163284239779 
2471	-0.82172539190379 
2472	-1.03935909966985 
2473	-0.276656548079022 
2474	-1.03567998880869 
2475	-2.57157804003425 
2476	-1.50177769822245 
2477	-1.10862660217629 
2478	 1.67742319825293 
2479	 0.57857992315353 
2480	 0.350464282479857 
2481	 0.233928169320502 
2482	-0.174142169116091 
2483	 1.51443656209543 
2484	 1.02404720891229 
2485	 2.45351662361866 
2486	 1.18936925459393 
2487	 1.08494282684858 
2488	 8.78825478383329 
2489	 4.75151509025964 
2490	 21.9562476637311 
2491	-1.47320210735967 
2492	-1.1947353739665 
2493	-1.10291836996016 
2494	-0.460918059090184 
2495	-0.344242379729059 
2496	 0.487138067553011 
2497	 1.28363396333193 
2498	-3.04084994287041 
2499	-1.49017336529256 
2500	-1.19176693915678 
