Wavelength	rt0714far00004.asd
350	 2.09478541132209E-02 
351	 2.09650674194956E-02 
352	 2.04199248009509E-02 
353	 2.03623421228936E-02 
354	 2.12060796310391E-02 
355	 2.17448032660217E-02 
356	 2.15965122594754E-02 
357	 2.13052478159422E-02 
358	 2.15104617246904E-02 
359	 2.17919228292014E-02 
360	 2.19168017274011E-02 
361	 2.17615722035521E-02 
362	 2.13841392422793E-02 
363	 2.17849309919631E-02 
364	 2.24124616741878E-02 
365	 2.27277740096542E-02 
366	 2.25165040428097E-02 
367	 2.25855323988765E-02 
368	 2.28366676878684E-02 
369	 2.29313837753024E-02 
370	 2.25670894146926E-02 
371	 2.28321424129395E-02 
372	 2.33841749177116E-02 
373	 2.32055556595632E-02 
374	 2.34382848479793E-02 
375	 2.39149419159466E-02 
376	 2.43789857774672E-02 
377	 2.46575676697946E-02 
378	 2.47480113292749E-02 
379	 2.46460939036713E-02 
380	 2.45749125258994E-02 
381	 2.54469947309301E-02 
382	 2.61380721050099E-02 
383	 2.63357093618758E-02 
384	 0.026289004812703 
385	 2.69782701351414E-02 
386	 2.67776397373581E-02 
387	 2.61079906524391E-02 
388	 2.76820285654454E-02 
389	 2.82403910764714E-02 
390	 2.79450753295171E-02 
391	 2.77916333815754E-02 
392	 0.029125185149952 
393	 2.94882411808505E-02 
394	 2.92739130102588E-02 
395	 2.96878450530413E-02 
396	 2.99190961567231E-02 
397	 3.00850960175196E-02 
398	 0.030194358553376 
399	 3.01415514081971E-02 
400	 3.04473099396366E-02 
401	 3.07189293906409E-02 
402	 3.07758930693063E-02 
403	 3.12589799982889E-02 
404	 3.14667939155538E-02 
405	 3.14216373908007E-02 
406	 3.14559064183556E-02 
407	 3.19690326036469E-02 
408	 3.23741991478139E-02 
409	 3.25565119472603E-02 
410	 3.29031864927891E-02 
411	 3.31337569184982E-02 
412	 3.32333959375086E-02 
413	 3.33424759846985E-02 
414	 3.38940989122372E-02 
415	 0.03421891757796 
416	 3.44417094392184E-02 
417	 3.48968260031764E-02 
418	 0.034992267631874 
419	 3.53380911494091E-02 
420	 3.59555494727448E-02 
421	 0.036176658614194 
422	 3.64162189589048E-02 
423	 3.67216720292515E-02 
424	 3.70752324763703E-02 
425	 3.75022514850362E-02 
426	 3.78325085861248E-02 
427	 3.82269800426704E-02 
428	 3.89026477560467E-02 
429	 3.92494141011333E-02 
430	 3.96747265395916E-02 
431	 4.02601962593191E-02 
432	 4.06050828427574E-02 
433	 4.11174775801621E-02 
434	 0.041574228903264 
435	 4.18064344587822E-02 
436	 4.21953581647316E-02 
437	 4.27512811527694E-02 
438	 4.33194631553604E-02 
439	 4.37059544155785E-02 
440	 4.42945997011293E-02 
441	 4.48213765481134E-02 
442	 4.51659909912557E-02 
443	 4.55137561899764E-02 
444	 4.59942260955693E-02 
445	 4.64652822039488E-02 
446	 4.67971065160642E-02 
447	 0.047237005278782 
448	 0.047703154013956 
449	 4.81048615367192E-02 
450	 0.04837084571577 
451	 4.86518002086571E-02 
452	 4.90511670419263E-02 
453	 4.95355387941378E-02 
454	 4.98101741102372E-02 
455	 5.01309027875537E-02 
456	 5.04546582708748E-02 
457	 5.06780860750945E-02 
458	 5.09627899896197E-02 
459	 5.13113636369205E-02 
460	 5.16666045591105E-02 
461	 5.19242410858796E-02 
462	 5.21530718315141E-02 
463	 5.23994735987321E-02 
464	 0.05269407193781 
465	 0.053043328069676 
466	 5.33764167356079E-02 
467	 5.36809015252971E-02 
468	 5.39759919770589E-02 
469	 5.42651694501549E-02 
470	 5.44632459897678E-02 
471	 0.054641259962358 
472	 5.50813820368902E-02 
473	 5.55051574665202E-02 
474	 5.58818447048629E-02 
475	 5.62238903699511E-02 
476	 5.64347868737049E-02 
477	 5.66931642684466E-02 
478	 5.70663052728775E-02 
479	 5.75125860383854E-02 
480	 5.77314727905144E-02 
481	 5.79825759432911E-02 
482	 5.84377313752852E-02 
483	 5.89542139874504E-02 
484	 5.92808532901673E-02 
485	 5.95585443608485E-02 
486	 6.00275920888626E-02 
487	 6.05541964697747E-02 
488	 6.08719372625554E-02 
489	 6.11012239706803E-02 
490	 6.17096613858468E-02 
491	 6.23258920347508E-02 
492	 6.28851868789599E-02 
493	 6.33635336601007E-02 
494	 0.063666254528515 
495	 6.40275317543337E-02 
496	 0.064574302155338 
497	 6.53161779514842E-02 
498	 6.58593792222602E-02 
499	 6.62724307938408E-02 
500	 6.67010329616758E-02 
501	 6.73235342963443E-02 
502	 6.79622242786294E-02 
503	 6.85551728614877E-02 
504	 6.90848757287624E-02 
505	 6.95473337328813E-02 
506	 7.00282629529889E-02 
507	 7.05728027371262E-02 
508	 7.11816986785742E-02 
509	 7.17513917941417E-02 
510	 7.23254123420106E-02 
511	 7.29206312145227E-02 
512	 0.073430801131892 
513	 7.39439844025868E-02 
514	 7.44890506202577E-02 
515	 7.50773923560151E-02 
516	 7.57994952408521E-02 
517	 7.65677016607281E-02 
518	 0.077307310972928 
519	 7.79895570056863E-02 
520	 7.84788826675291E-02 
521	 0.079020662446884 
522	 7.97913795321529E-02 
523	 8.04287265767538E-02 
524	 8.09910485511201E-02 
525	 8.16044170708634E-02 
526	 8.24106737601443E-02 
527	 8.31119199290767E-02 
528	 8.37914079755585E-02 
529	 8.45050466319264E-02 
530	 8.51428681106146E-02 
531	 8.57524435531902E-02 
532	 8.64040390782775E-02 
533	 8.71521255438997E-02 
534	 8.79123135464602E-02 
535	 8.86144084786013E-02 
536	 8.92582910589147E-02 
537	 8.99146471077418E-02 
538	 9.06634388840871E-02 
539	 0.091412858730574 
540	 9.20861259695053E-02 
541	 9.27946513389623E-02 
542	 9.36027626955113E-02 
543	 9.44073242738418E-02 
544	 9.50275125309454E-02 
545	 9.55844710697318E-02 
546	 9.62653043058316E-02 
547	 9.70879947299074E-02 
548	 9.77418903387908E-02 
549	 9.83744230809077E-02 
550	 9.90558217767723E-02 
551	 9.98044245577417E-02 
552	 0.100468337491523 
553	 0.101130291025981 
554	 0.10182033478359 
555	 0.10248913228207 
556	 0.103086578149153 
557	 0.103729699874881 
558	 0.104474647754134 
559	 0.105079446105686 
560	 0.105597511384755 
561	 0.106119535188661 
562	 0.106740352778041 
563	 0.107282373964044 
564	 0.107785483333169 
565	 0.108299004869848 
566	 0.108837576682784 
567	 0.109383421449802 
568	 0.109837169070942 
569	 0.11013946096957 
570	 0.110630174958167 
571	 0.111092020297832 
572	 0.111413602547512 
573	 0.111640852520404 
574	 0.112064639809877 
575	 0.11246266036658 
576	 0.11265153921132 
577	 0.113011513108642 
578	 0.113218891156477 
579	 0.113302668398775 
580	 0.113497456804813 
581	 0.113724074152804 
582	 0.113936355320741 
583	 0.114098114205889 
584	 0.114184817474787 
585	 0.114201059948186 
586	 0.114165625767334 
587	 0.114126318402333 
588	 0.114251294310918 
589	 0.114344315850545 
590	 0.114324901985848 
591	 0.114270576267788 
592	 0.114112086048969 
593	 0.113885729084456 
594	 0.113622682872223 
595	 0.113257664589803 
596	 0.112887921761834 
597	 0.112442251524676 
598	 0.111801188884607 
599	 0.111328139938894 
600	 0.111004432967315 
601	 0.110748892025662 
602	 0.110456765606063 
603	 0.110285603023537 
604	 0.110258083446375 
605	 0.110319277175602 
606	 0.110269539489076 
607	 0.110247600708884 
608	 0.11031479655509 
609	 0.110430291859829 
610	 0.110486289947838 
611	 0.110592519216368 
612	 0.110803847863677 
613	 0.110878478844712 
614	 0.110874575043165 
615	 0.110901187734614 
616	 0.111056719833535 
617	 0.111019110255447 
618	 0.111088546948645 
619	 0.111288357226615 
620	 0.11106567243135 
621	 0.111245856647507 
622	 0.111569851433665 
623	 0.111558560654317 
624	 0.111518821957325 
625	 0.111570824309805 
626	 0.111703612372292 
627	 0.111786068117223 
628	 0.111781716282712 
629	 0.111807319106155 
630	 0.111944181912908 
631	 0.112127451004087 
632	 0.112093764774074 
633	 0.111976579846516 
634	 0.112059231395918 
635	 0.112094404587533 
636	 0.112140321902548 
637	 0.112212585441163 
638	 0.112227698490195 
639	 0.112220314653924 
640	 0.112183809135113 
641	 0.112130611942112 
642	 0.112209698019235 
643	 0.112079432212341 
644	 0.111879600135422 
645	 0.112097959789884 
646	 0.111981765316553 
647	 0.111817209494199 
648	 0.111834238318754 
649	 0.111680380504144 
650	 0.111493278001017 
651	 0.111265738735708 
652	 0.11095406960937 
653	 0.110571839506638 
654	 0.110105942819967 
655	 0.109580175853047 
656	 0.109134445130934 
657	 0.108732766427023 
658	 0.108358455395332 
659	 0.107960759715909 
660	 0.107363113493869 
661	 0.107071725096077 
662	 0.106955300889875 
663	 0.106556148545335 
664	 0.10653777619458 
665	 0.106441568386002 
666	 0.106067294334711 
667	 0.105916746689272 
668	 0.105928056241955 
669	 0.105921050613868 
670	 0.105753830324545 
671	 0.105740725255339 
672	 0.105832849248318 
673	 0.105911720573855 
674	 0.105828325745898 
675	 0.105795909437408 
676	 0.105917411891582 
677	 0.106186107946789 
678	 0.106396896974176 
679	 0.106588859428256 
680	 0.106798225076345 
681	 0.10703854682943 
682	 0.107107059239018 
683	 0.10733673182576 
684	 0.107707432876356 
685	 0.107682621482695 
686	 0.107989717639133 
687	 0.108235207477084 
688	 0.108040273708908 
689	 0.108410749334033 
690	 0.108384626876139 
691	 0.108039092607278 
692	 0.108011782447768 
693	 0.107854003757685 
694	 0.107689012959649 
695	 0.107531128004229 
696	 0.107082007477639 
697	 0.1066367778742 
698	 0.106195053031089 
699	 0.105680506482673 
700	 0.104952745685009 
701	 0.104260734894964 
702	 0.103682920356124 
703	 0.103108151780274 
704	 0.102378109977504 
705	 0.101510707954467 
706	 0.100569159807393 
707	 9.95790301391876E-02 
708	 9.85893869647375E-02 
709	 9.75613570845665E-02 
710	 9.64061665937886E-02 
711	 9.49964818074338E-02 
712	 9.34406603399286E-02 
713	 9.18984364739219E-02 
714	 9.05144487584088E-02 
715	 8.89054799939718E-02 
716	 8.72484986593997E-02 
717	 8.57749963538341E-02 
718	 8.36127858260734E-02 
719	 8.15871776265511E-02 
720	 7.99343653329578E-02 
721	 7.82516679976954E-02 
722	 0.076806259936215 
723	 7.49475329489477E-02 
724	 7.27828025580197E-02 
725	 7.10330436731362E-02 
726	 6.88517383900548E-02 
727	 6.66253664502511E-02 
728	 6.46631896606577E-02 
729	 6.21416553603177E-02 
730	 5.93770472863422E-02 
731	 0.056936438257067 
732	 5.51472274674649E-02 
733	 5.33457268640061E-02 
734	 5.17365263224668E-02 
735	 5.04502178202073E-02 
736	 4.94134175430872E-02 
737	 4.85300111510637E-02 
738	 4.79368478644257E-02 
739	 4.76634476103752E-02 
740	 4.71838446240398E-02 
741	 4.69320463146204E-02 
742	 4.68797763367837E-02 
743	 4.67725009040819E-02 
744	 4.67357042174544E-02 
745	 4.67484259408039E-02 
746	 4.67001265282852E-02 
747	 4.63803873502533E-02 
748	 4.64027447640248E-02 
749	 0.046525150157971 
750	 4.64407485787541E-02 
751	 4.64057778382263E-02 
752	 4.64374456105655E-02 
753	 4.64458209656644E-02 
754	 4.63277877900609E-02 
755	 4.64000863855587E-02 
756	 4.65354638036473E-02 
757	 4.66016287607643E-02 
758	 4.64755955917754E-02 
759	 4.64345797962056E-02 
760	 4.66668744178777E-02 
761	 4.70110236514802E-02 
762	 4.73857970920988E-02 
763	 0.047604191958825 
764	 4.75313305743593E-02 
765	 4.72185570878126E-02 
766	 4.70150916166595E-02 
767	 4.71989177362594E-02 
768	 4.76039460850347E-02 
769	 4.76653392695721E-02 
770	 4.77326951055815E-02 
771	 4.78599716708454E-02 
772	 4.80406593022481E-02 
773	 4.82428026665268E-02 
774	 4.86581527684203E-02 
775	 4.90368026925553E-02 
776	 4.90845386199923E-02 
777	 4.94827920840913E-02 
778	 4.97870101016177E-02 
779	 4.99909720809988E-02 
780	 5.05627715121477E-02 
781	 5.08269660950216E-02 
782	 5.09848119544681E-02 
783	 5.13021905402818E-02 
784	 0.05183853319686 
785	 5.21979495469612E-02 
786	 5.25311882294649E-02 
787	 5.30891567952086E-02 
788	 5.34875951314928E-02 
789	 5.40434030436936E-02 
790	 5.46214994984309E-02 
791	 5.47900805328841E-02 
792	 0.055203459282949 
793	 5.57886361385959E-02 
794	 5.63668763584229E-02 
795	 5.67501244196532E-02 
796	 5.72086707164541E-02 
797	 5.76284240552409E-02 
798	 5.79340184013834E-02 
799	 5.85332478372588E-02 
800	 5.88836685494819E-02 
801	 0.0590605943782 
802	 5.94204815817174E-02 
803	 5.94519618909998E-02 
804	 5.96547030687547E-02 
805	 0.060052683569851 
806	 6.00871181306193E-02 
807	 6.00840908219779E-02 
808	 5.99694114400787E-02 
809	 5.97349448897317E-02 
810	 0.059745136482343 
811	 0.059565119713568 
812	 0.059248606673017 
813	 5.90164669662729E-02 
814	 5.86872988276495E-02 
815	 5.85978628859162E-02 
816	 0.058374697860728 
817	 5.73163701316745E-02 
818	 0.056873219487416 
819	 5.65191246778869E-02 
820	 5.56573927975432E-02 
821	 5.38480417024671E-02 
822	 5.27988922996412E-02 
823	 0.051962958640321 
824	 5.06104806701059E-02 
825	 4.90661324447645E-02 
826	 0.047361174867669 
827	 4.53957249473104E-02 
828	 4.32769844867102E-02 
829	 4.17281314322829E-02 
830	 4.05064168458068E-02 
831	 3.94656206125406E-02 
832	 3.85722206071834E-02 
833	 3.73585630664982E-02 
834	 3.65182666046107E-02 
835	 3.60868398455568E-02 
836	 0.035125346211403 
837	 3.48957411281171E-02 
838	 3.50385899801318E-02 
839	 3.49570855387214E-02 
840	 3.43903810339155E-02 
841	 0.03377231742746 
842	 0.033449049641801 
843	 3.35183586367652E-02 
844	 3.32068837912191E-02 
845	 3.27497981154998E-02 
846	 3.23922552763408E-02 
847	 3.23174844819946E-02 
848	 3.23640653645069E-02 
849	 3.22307443352334E-02 
850	 3.18669886532053E-02 
851	 3.15460886439045E-02 
852	 3.10472489038053E-02 
853	 3.07998433828022E-02 
854	 3.08776143701792E-02 
855	 3.03165269629563E-02 
856	 3.04736021754835E-02 
857	 3.06910190404792E-02 
858	 3.01571628205836E-02 
859	 2.95290389613324E-02 
860	 2.94159553999782E-02 
861	 2.94813270797676E-02 
862	 2.90733379851453E-02 
863	 0.029004061909235 
864	 2.87743642936196E-02 
865	 2.83885684307298E-02 
866	 0.028327341883566 
867	 2.81666508321375E-02 
868	 2.81233127825933E-02 
869	 2.81459954037193E-02 
870	 2.77566754849904E-02 
871	 2.72056335749112E-02 
872	 2.68785263671039E-02 
873	 0.02685601041424 
874	 2.64824299572944E-02 
875	 2.62089305412786E-02 
876	 2.59643732105017E-02 
877	 0.025633490398557 
878	 2.55788583890983E-02 
879	 2.50780468291679E-02 
880	 2.44850332398865E-02 
881	 2.44980201190036E-02 
882	 2.46222584351524E-02 
883	 2.40389539298618E-02 
884	 0.02322792630897 
885	 2.34481116104527E-02 
886	 2.36520148778427E-02 
887	 2.35862759934834E-02 
888	 2.32342895989876E-02 
889	 2.27835721838563E-02 
890	 2.27745069247288E-02 
891	 2.29611529264063E-02 
892	 2.28655196692953E-02 
893	 0.021888093398906 
894	 2.20371941509035E-02 
895	 2.25946313731627E-02 
896	 2.23573839098135E-02 
897	 2.14756623761602E-02 
898	 2.15349672903405E-02 
899	 2.16304935453281E-02 
900	 2.07054945952819E-02 
901	 2.04696831181117E-02 
902	 2.04983397701491E-02 
903	 0.020235567766891 
904	 1.94822711657191E-02 
905	 2.00209726749016E-02 
906	 2.00799266932447E-02 
907	 0.019294667325858 
908	 1.86882977945018E-02 
909	 2.04545471346713E-02 
910	 1.97533336463717E-02 
911	 1.71243999269425E-02 
912	 1.78061554720471E-02 
913	 1.81502856756091E-02 
914	 1.76357518817701E-02 
915	 1.67892630028431E-02 
916	 1.67276425820342E-02 
917	 1.66257076183227E-02 
918	 1.58163831318268E-02 
919	 1.44851774735838E-02 
920	 1.38262179256389E-02 
921	 1.51713762999115E-02 
922	 1.57697877252733E-02 
923	 1.44450412228364E-02 
924	 1.49595530832679E-02 
925	 0.014490036561439 
926	 0.013849895712162 
927	 1.41582445854196E-02 
928	 1.33984653064621E-02 
929	 1.35673136243987E-02 
930	 1.36572004444414E-02 
931	 1.17693548908231E-02 
932	 1.33211027028109E-02 
933	 8.82638250575193E-03 
934	 7.67101062150014E-03 
935	 1.86223431722161E-02 
936	 1.24405726609229E-02 
937	 1.03017025098013E-02 
938	 0.011280672717046 
939	 8.98626692044142E-03 
940	 6.11232418501014E-03 
941	 8.21373369973842E-03 
942	 1.00790877054037E-02 
943	 4.55318957017625E-03 
944	 8.73073191039869E-03 
945	 1.32376542315405E-02 
946	 1.30372770250743E-02 
947	 8.36449303934112E-03 
948	 1.41503854121311E-03 
949	 1.92762105934234E-03 
950	 7.5454639199297E-03 
951	 9.07993183999902E-03 
952	 7.75850448086653E-03 
953	 8.54637406503769E-03 
954	 9.3409159369504E-03 
955	 5.31084499732868E-03 
956	 8.56003091842335E-03 
957	 9.71512189480308E-03 
958	 7.08273998094408E-03 
959	 5.71176220526843E-03 
960	 7.10714324601326E-03 
961	 9.30404076676357E-03 
962	 9.15929877042253E-03 
963	 4.97986204437405E-03 
964	 6.00455936084953E-03 
965	 6.97237351612737E-03 
966	 6.71697522761583E-03 
967	 7.63644708027722E-03 
968	 7.98644089442327E-03 
969	 6.3795673100168E-03 
970	 4.4280831084309E-03 
971	 5.54286975001795E-03 
972	 6.53720409721246E-03 
973	 8.12723660284854E-03 
974	 8.01434859813018E-03 
975	 2.72901513442223E-03 
976	 6.64295587411405E-03 
977	 9.0723891737161E-03 
978	 7.81035980667923E-03 
979	 9.38172298368539E-03 
980	 5.99809051738562E-03 
981	 4.89269414758977E-03 
982	 7.54689773723454E-03 
983	 9.34537178198873E-03 
984	 6.92803905566876E-03 
985	 5.28477620177905E-03 
986	 5.09893064311486E-03 
987	 3.88384770879348E-03 
988	 7.96212539607371E-03 
989	 9.54819514763071E-03 
990	 7.95398257828475E-03 
991	 7.97709891757105E-03 
992	 5.9322741051965E-03 
993	 4.67410586540435E-03 
994	 5.0115631492879E-03 
995	 5.74825172734963E-03 
996	 5.99433650877458E-03 
997	 4.64706041306617E-03 
998	 4.72107676698214E-03 
999	 9.1915337739628E-03 
1000	 7.6198851103505E-03 
1001	 6.60810631720403E-03 
1002	 5.79853024260021E-03 
1003	 5.48432877092837E-03 
1004	 5.69695657391006E-03 
1005	 5.50405204698698E-03 
1006	 5.13940101141785E-03 
1007	 5.04178543954485E-03 
1008	 4.99321807551202E-03 
1009	 5.27644573263364E-03 
1010	 6.03926325298166E-03 
1011	 7.26241091953732E-03 
1012	 8.17408285968533E-03 
1013	 8.6202475693746E-03 
1014	 8.8512216510282E-03 
1015	 8.55160220487875E-03 
1016	 8.32041829499189E-03 
1017	 7.99868081428923E-03 
1018	 7.69581844170189E-03 
1019	 7.1692928768086E-03 
1020	 6.89941909750213E-03 
1021	 6.90101606618172E-03 
1022	 6.26928683202775E-03 
1023	 0.00656090795197 
1024	 6.97242142050613E-03 
1025	 7.19686879121183E-03 
1026	 7.73201549726689E-03 
1027	 8.14152579943816E-03 
1028	 8.51308192464596E-03 
1029	 8.57795626082512E-03 
1030	 8.54461484748005E-03 
1031	 8.66177365710604E-03 
1032	 8.5046754066453E-03 
1033	 8.49525568645359E-03 
1034	 8.97295435580335E-03 
1035	 8.94791068525482E-03 
1036	 8.14873071240894E-03 
1037	 8.04212489036805E-03 
1038	 8.1075736246276E-03 
1039	 8.5225899947371E-03 
1040	 8.60996260347478E-03 
1041	 8.44564721588507E-03 
1042	 8.30547891135809E-03 
1043	 7.35281933903959E-03 
1044	 7.56000556561719E-03 
1045	 8.79129957633881E-03 
1046	 9.06469050217595E-03 
1047	 9.25546445505079E-03 
1048	 9.46893500610387E-03 
1049	 9.27105721162869E-03 
1050	 9.13020189066379E-03 
1051	 9.27412449071299E-03 
1052	 9.22855723782121E-03 
1053	 8.33943485215295E-03 
1054	 8.34880345816175E-03 
1055	 9.29911892683659E-03 
1056	 9.66159520069127E-03 
1057	 9.9945381013941E-03 
1058	 1.07454122466525E-02 
1059	 1.08582037494503E-02 
1060	 0.010228737095768 
1061	 0.010141255039437 
1062	 1.02821172257874E-02 
1063	 0.010117195552791 
1064	 9.68885206027155E-03 
1065	 9.65597124985717E-03 
1066	 9.68315553983361E-03 
1067	 9.68166141955293E-03 
1068	 1.00531883929607E-02 
1069	 1.01917914951298E-02 
1070	 1.00701033113802E-02 
1071	 1.00268525637841E-02 
1072	 9.86169066008391E-03 
1073	 9.92251398762585E-03 
1074	 1.00929430259823E-02 
1075	 1.03981837328449E-02 
1076	 1.04444317364574E-02 
1077	 1.06881582682246E-02 
1078	 1.05702188734293E-02 
1079	 9.9638326900952E-03 
1080	 9.77390353575008E-03 
1081	 9.57584248397315E-03 
1082	 9.51146129326925E-03 
1083	 9.66665311555328E-03 
1084	 9.76014105202206E-03 
1085	 1.00479135841744E-02 
1086	 1.00951765129347E-02 
1087	 1.01137813845401E-02 
1088	 9.97469801135637E-03 
1089	 9.5352520644364E-03 
1090	 9.05935623846366E-03 
1091	 8.8453258459682E-03 
1092	 8.71826234815142E-03 
1093	 8.58860514677431E-03 
1094	 8.74378816802844E-03 
1095	 8.58050581495869E-03 
1096	 7.80348605507429E-03 
1097	 7.8716605564527E-03 
1098	 8.77811862424351E-03 
1099	 8.81353329894031E-03 
1100	 8.73493971883676E-03 
1101	 8.86535104487622E-03 
1102	 8.26058690896132E-03 
1103	 8.05769684767583E-03 
1104	 8.43344871375015E-03 
1105	 9.1171672053487E-03 
1106	 9.29875294253277E-03 
1107	 8.60846628958387E-03 
1108	 7.82430835126399E-03 
1109	 8.2825715723365E-03 
1110	 7.89020452675888E-03 
1111	 6.89148046725002E-03 
1112	 6.77231811753521E-03 
1113	 7.17551573092776E-03 
1114	 6.2670285382975E-03 
1115	 4.81426716485887E-03 
1116	 4.72728686647579E-03 
1117	 4.15073055529313E-03 
1118	 3.78464964829673E-03 
1119	 7.10518583356953E-03 
1120	 7.74113703986544E-03 
1121	 3.84684177454754E-03 
1122	 2.16965078639381E-03 
1123	 1.89530173152089E-03 
1124	 2.57248068830426E-03 
1125	 7.25425494653264E-03 
1126	 9.77627854463104E-03 
1127	 8.62551368668634E-03 
1128	 9.70790159732076E-03 
1129	 1.02685048420238E-02 
1130	 1.09865378877581E-02 
1131	 9.10448942223133E-03 
1132	 4.28303739645447E-03 
1133	 4.80537105829684E-03 
1134	 6.71776034569989E-03 
1135	 6.70384463597746E-03 
1136	 1.09287510700161E-02 
1137	 1.12047422625834E-02 
1138	 8.54700354853543E-03 
1139	 3.51456610315135E-03 
1140	 2.77489629698089E-03 
1141	 4.09253235593744E-03 
1142	 4.56521209106862E-03 
1143	 5.76140636109421E-03 
1144	 7.31704087951399E-03 
1145	 5.09763328013916E-03 
1146	 5.11354521688118E-03 
1147	 9.79775549588835E-03 
1148	 1.11995034215983E-02 
1149	 9.2642039409295E-03 
1150	 8.52984703980604E-03 
1151	 6.5129390618638E-03 
1152	 6.00240741885921E-03 
1153	 6.77377035408394E-03 
1154	 6.2066149677633E-03 
1155	 5.77711395272069E-03 
1156	 4.2275068898112E-03 
1157	 2.89366498291508E-03 
1158	 4.36662119160015E-03 
1159	 5.98195595371546E-03 
1160	 5.69357105378266E-03 
1161	 5.81978449011026E-03 
1162	 6.08571143152369E-03 
1163	 5.38925723411203E-03 
1164	 4.84765526444051E-03 
1165	 5.03313841062083E-03 
1166	 4.85514586337923E-03 
1167	 4.40238705144801E-03 
1168	 4.38544363447378E-03 
1169	 4.4045348874059E-03 
1170	 4.56534159565569E-03 
1171	 4.56793207108123E-03 
1172	 4.80051469529435E-03 
1173	 5.1281688002597E-03 
1174	 5.68403559939072E-03 
1175	 5.15866125727598E-03 
1176	 4.44749081323174E-03 
1177	 4.92791660571759E-03 
1178	 5.21123714687652E-03 
1179	 5.0166378315424E-03 
1180	 5.40817170575278E-03 
1181	 5.4040711949921E-03 
1182	 4.78520329867719E-03 
1183	 4.45814661013766E-03 
1184	 4.69971912917823E-03 
1185	 5.15847463248136E-03 
1186	 5.06204371835587E-03 
1187	 4.73582478992547E-03 
1188	 4.88424280656268E-03 
1189	 4.97925356028387E-03 
1190	 4.84813638106293E-03 
1191	 5.19889569709245E-03 
1192	 5.34385905492361E-03 
1193	 5.33329736307869E-03 
1194	 5.00788869391457E-03 
1195	 5.01602131332026E-03 
1196	 4.60284885557925E-03 
1197	 4.33040490408899E-03 
1198	 4.58499109795527E-03 
1199	 4.67527577768996E-03 
1200	 4.89566056117767E-03 
1201	 5.22434125129085E-03 
1202	 4.94164413329259E-03 
1203	 4.22887525064065E-03 
1204	 4.20175250756032E-03 
1205	 4.53282703911266E-03 
1206	 4.5781605049785E-03 
1207	 4.90983325164456E-03 
1208	 5.11872502290065E-03 
1209	 4.86495382018581E-03 
1210	 4.63995847508558E-03 
1211	 4.54940501290104E-03 
1212	 4.96142907623313E-03 
1213	 5.33699774494107E-03 
1214	 5.2749629791599E-03 
1215	 4.94344685853568E-03 
1216	 5.01183554170324E-03 
1217	 5.00346488361511E-03 
1218	 4.54081222384083E-03 
1219	 4.47013256626001E-03 
1220	 4.52415415493322E-03 
1221	 4.21535934022731E-03 
1222	 4.08579016416119E-03 
1223	 4.41102253909137E-03 
1224	 4.88864646588792E-03 
1225	 4.89324494885078E-03 
1226	 4.47660064442165E-03 
1227	 4.57393672286784E-03 
1228	 5.02131687381514E-03 
1229	 0.005236977781709 
1230	 5.33107937876883E-03 
1231	 5.30619713822895E-03 
1232	 4.98723549838367E-03 
1233	 4.84976801568042E-03 
1234	 5.32626984872193E-03 
1235	 5.39788176888945E-03 
1236	 5.27734938213017E-03 
1237	 5.2418825539284E-03 
1238	 5.09741365275364E-03 
1239	 4.83381660430517E-03 
1240	 4.89913545513155E-03 
1241	 5.06535281528525E-03 
1242	 4.88634818756753E-03 
1243	 4.87166114827636E-03 
1244	 5.07214265505933E-03 
1245	 5.10527049566787E-03 
1246	 5.05172658040939E-03 
1247	 5.16143577242984E-03 
1248	 5.25168665585086E-03 
1249	 5.19715056354581E-03 
1250	 5.14276814215113E-03 
1251	 5.16247055049558E-03 
1252	 5.22967568504598E-03 
1253	 4.93646187188873E-03 
1254	 4.60704161172283E-03 
1255	 4.87691454830936E-03 
1256	 4.95519799976736E-03 
1257	 4.86447622347035E-03 
1258	 4.94010249099955E-03 
1259	 5.15411808716226E-03 
1260	 5.27865195414388E-03 
1261	 5.51879763349428E-03 
1262	 5.60549865979915E-03 
1263	 5.74272961553022E-03 
1264	 5.5690348220281E-03 
1265	 5.67927187928301E-03 
1266	 5.83628933710458E-03 
1267	 5.8164907587919E-03 
1268	 5.8433702006223E-03 
1269	 5.66076630211339E-03 
1270	 5.31200814734172E-03 
1271	 5.39898099541532E-03 
1272	 5.46837035216279E-03 
1273	 5.12154647390094E-03 
1274	 5.26712383080233E-03 
1275	 5.12006236710272E-03 
1276	 5.04702733653308E-03 
1277	 5.85671919884625E-03 
1278	 5.63493192761765E-03 
1279	 4.95368270438017E-03 
1280	 5.32919911305978E-03 
1281	 5.36532976831966E-03 
1282	 4.90949669771962E-03 
1283	 4.72216230194201E-03 
1284	 4.91742385216663E-03 
1285	 5.0280023208057E-03 
1286	 5.02586820635604E-03 
1287	 5.10989609040332E-03 
1288	 5.48091464304667E-03 
1289	 5.55961359176823E-03 
1290	 5.33942059724678E-03 
1291	 5.23107469074495E-03 
1292	 5.23940880546936E-03 
1293	 5.10354109987136E-03 
1294	 4.70866787823703E-03 
1295	 4.75257716795072E-03 
1296	 5.08614919928372E-03 
1297	 5.14736798059279E-03 
1298	 5.27164972779722E-03 
1299	 5.83756006421225E-03 
1300	 5.78025110742864E-03 
1301	 5.05819155773124E-03 
1302	 5.02635875465056E-03 
1303	 4.84433241811868E-03 
1304	 4.58002123345394E-03 
1305	 4.99550560899838E-03 
1306	 5.17354397048249E-03 
1307	 5.14038523345497E-03 
1308	 4.93467441924035E-03 
1309	 4.70375840630572E-03 
1310	 4.76358106703723E-03 
1311	 4.54724968408761E-03 
1312	 4.56480938290546E-03 
1313	 5.29687636535283E-03 
1314	 5.52500434756493E-03 
1315	 5.42770371505152E-03 
1316	 5.34621313910853E-03 
1317	 5.1849222962257E-03 
1318	 4.98117166254681E-03 
1319	 4.53622731729038E-03 
1320	 4.20132198776201E-03 
1321	 3.55583754491609E-03 
1322	 3.69729136438212E-03 
1323	 4.42285042274152E-03 
1324	 5.0361402491278E-03 
1325	 5.45813061309207E-03 
1326	 5.37763791973502E-03 
1327	 4.78367136950263E-03 
1328	 5.00232767007884E-03 
1329	 5.23481222671454E-03 
1330	 4.91580704723219E-03 
1331	 4.21386303294874E-03 
1332	 2.04149583758347E-03 
1333	 1.92825131012293E-03 
1334	 3.0068437288667E-03 
1335	 3.39959648827752E-03 
1336	 4.86001846468594E-03 
1337	 5.59131298200366E-03 
1338	 5.49048544962444E-03 
1339	 5.43239871499756E-03 
1340	 5.33245472104224E-03 
1341	 5.22483849471447E-03 
1342	 4.16570901113121E-03 
1343	 3.34503898258242E-03 
1344	 3.91666312993415E-03 
1345	 3.75941944419645E-03 
1346	 1.39881185414765E-04 
1347	-1.98875470694306E-04 
1348	 5.87716694895856E-03 
1349	 7.01819408505082E-03 
1350	 3.80066165182426E-03 
1351	 8.44184540849795E-03 
1352	 1.92782313722707E-02 
1353	 2.32590970405878E-02 
1354	 0.028557666975633 
1355	 5.61861727903238E-02 
1356	 8.48332933840869E-02 
1357	 3.60874170806813E-02 
1358	-7.94342353950308E-02 
1359	-4.24751107530785E-02 
1360	 9.79135659848484E-02 
1361	-5.44641107749949E-02 
1362	 0.034589505654531 
1363	 0.254995269045473 
1364	 0.106619804791305 
1365	 8.56515517578868E-02 
1366	 3.72167010543082E-02 
1367	-3.67039021502945E-02 
1368	-1.11742609992818E-02 
1369	 0.136035908449196 
1370	 0.140537032715033 
1371	 1.61543938166735E-02 
1372	 9.92712271167589E-02 
1373	 0.334643155360392 
1374	 0.502467216884707 
1375	 0.712117487694746 
1376	 0.631908289884807 
1377	 0.575211259555535 
1378	 0.578607268872812 
1379	 0.460537018902649 
1380	 0.311426418054149 
1381	-0.207900248133487 
1382	-0.345369986260008 
1383	 0.487024926587523 
1384	 0.400212179138084 
1385	 0.02603276591886 
1386	 0.16669692017969 
1387	-4.59811508460319E-02 
1388	-0.307366391941539 
1389	-0.805932678409716 
1390	-0.824381728502494 
1391	-0.706346724845053 
1392	-0.646674737551403 
1393	-0.555207656331968 
1394	-0.291046211357842 
1395	-0.158191144787497 
1396	-0.5325433428675 
1397	-0.824419980604501 
1398	-0.562947708692729 
1399	-2.11528788989695 
1400	-5.25502921946526 
1401	-6.11210571899554 
1402	-20.5477666650748 
1403	-0.941662478686727 
1404	-0.105194154432789 
1405	-3.16236427262331E-02 
1406	 1.35471894992484E-02 
1407	 0.107893924706311 
1408	 6.01943179877176E-02 
1409	-4.5893643084987E-03 
1410	 0.123861656691899 
1411	 1.93716867961725E-02 
1412	-0.366461542054933 
1413	-0.284584116139746 
1414	-3.61344857682315E-03 
1415	 2.78175160267312E-03 
1416	 1.72180226152828E-02 
1417	 6.38620976501105E-02 
1418	 4.32903467980292E-02 
1419	 1.49644197575639E-02 
1420	 2.06397530108124E-02 
1421	 1.20819945748314E-02 
1422	-4.73610326710327E-02 
1423	-5.50822164731762E-02 
1424	-1.70777368060215E-02 
1425	-6.18936875462595E-03 
1426	-1.01832362730501E-02 
1427	-9.56706223645904E-03 
1428	-4.6877120764573E-03 
1429	-5.13557128887768E-03 
1430	-9.07819747590765E-03 
1431	-9.21198729603181E-03 
1432	-1.66112349924088E-02 
1433	-1.18236471203638E-02 
1434	 1.15861134274691E-02 
1435	 1.91390260802506E-02 
1436	 2.80730609439357E-02 
1437	 2.65111863164251E-02 
1438	 6.00878722692886E-03 
1439	-1.59353544694595E-04 
1440	 3.0620454032831E-03 
1441	 5.05893999501532E-03 
1442	 1.82970015218608E-02 
1443	 1.70581461572051E-02 
1444	 6.743688904508E-04 
1445	-3.23669669652262E-03 
1446	 2.13738225483969E-03 
1447	 6.17071582743333E-03 
1448	 0.008493874513895 
1449	 0.01287796518259 
1450	 1.31703788275869E-02 
1451	 5.77763762986286E-03 
1452	 1.4116329878449E-03 
1453	 3.78574304773038E-03 
1454	 4.69756820466034E-03 
1455	 4.5583730855673E-03 
1456	 5.33596499335775E-03 
1457	 8.73198665710695E-03 
1458	 8.72053209236867E-03 
1459	 5.74393218632741E-03 
1460	 6.98923486833863E-03 
1461	 1.12248055925253E-02 
1462	 1.08806846327984E-02 
1463	 1.02876619497625E-02 
1464	 8.94614788682738E-03 
1465	 1.96544692962746E-03 
1466	-3.36414160774995E-04 
1467	 1.04050161915953E-03 
1468	 9.92739381241196E-04 
1469	 1.98439519987185E-03 
1470	 1.89643106444924E-03 
1471	 2.04607855107408E-03 
1472	 1.32818544398741E-03 
1473	-1.87846226752508E-03 
1474	-2.03967768329397E-03 
1475	-1.41510405141196E-03 
1476	-9.44706764376433E-05 
1477	 4.15983570930705E-03 
1478	 5.43887777113803E-03 
1479	 4.85592101829164E-03 
1480	 5.51716846303524E-03 
1481	 5.93766163220592E-03 
1482	 6.20891443866699E-03 
1483	 8.15933906076659E-03 
1484	 7.72828643336034E-03 
1485	 4.47084308478766E-03 
1486	 4.03088379673985E-03 
1487	 4.8406472472476E-03 
1488	 4.41438175155901E-03 
1489	 4.49051862108045E-03 
1490	 4.40006995018845E-03 
1491	 3.05751928914381E-03 
1492	 2.62547305872641E-03 
1493	 3.15780807491066E-03 
1494	 3.28470720630775E-03 
1495	 3.31186172911311E-03 
1496	 3.42259099477356E-03 
1497	 3.60622638766277E-03 
1498	 3.51531254112638E-03 
1499	 3.01288369105172E-03 
1500	 2.98588100344608E-03 
1501	 3.26611659509283E-03 
1502	 3.31575188057933E-03 
1503	 3.40093229095114E-03 
1504	 3.67108775853669E-03 
1505	 4.05510615976307E-03 
1506	 4.02391504151813E-03 
1507	 3.90892118657738E-03 
1508	 4.14410591939049E-03 
1509	 4.06398894730101E-03 
1510	 3.50129690141524E-03 
1511	 3.40633487545377E-03 
1512	 3.68336310611831E-03 
1513	 3.85199832913013E-03 
1514	 4.03011094403635E-03 
1515	 4.06182676276654E-03 
1516	 4.1357282597779E-03 
1517	 4.46453292014347E-03 
1518	 4.50056469898455E-03 
1519	 4.51287891432118E-03 
1520	 4.46972435581704E-03 
1521	 3.84772847615835E-03 
1522	 3.54434197633279E-03 
1523	 3.66807443291539E-03 
1524	 3.79197815603626E-03 
1525	 4.12335279936937E-03 
1526	 4.25564604696199E-03 
1527	 4.39700995341519E-03 
1528	 4.61569046809823E-03 
1529	 4.32503254968698E-03 
1530	 4.14281666945437E-03 
1531	 4.20839883522179E-03 
1532	 3.98378330574844E-03 
1533	 4.07633686368744E-03 
1534	 4.75898785636266E-03 
1535	 4.86387106062578E-03 
1536	 4.01597882915945E-03 
1537	 3.70383355838416E-03 
1538	 3.78542435304285E-03 
1539	 3.63842035805225E-03 
1540	 4.22853706100241E-03 
1541	 4.92477976716362E-03 
1542	 4.89671646457172E-03 
1543	 4.39023556340015E-03 
1544	 4.06590047337939E-03 
1545	 4.33621690087306E-03 
1546	 3.96261013116886E-03 
1547	 3.45251997355587E-03 
1548	 4.10079550479263E-03 
1549	 4.38037225393902E-03 
1550	 4.13110768390795E-03 
1551	 4.34091862509052E-03 
1552	 4.19769280637822E-03 
1553	 3.7941167012739E-03 
1554	 3.77717966557069E-03 
1555	 3.95147287155758E-03 
1556	 4.25970387185706E-03 
1557	 4.31216565141829E-03 
1558	 3.97811852065071E-03 
1559	 3.74798538404824E-03 
1560	 3.65420558397624E-03 
1561	 3.82706300684842E-03 
1562	 4.30238788454596E-03 
1563	 4.41271944772688E-03 
1564	 4.24434789766446E-03 
1565	 4.15614870915337E-03 
1566	 3.93623885144515E-03 
1567	 3.97807488584829E-03 
1568	 4.23118826905597E-03 
1569	 3.8291207720253E-03 
1570	 3.31850072095881E-03 
1571	 3.74208597142373E-03 
1572	 4.07347013304284E-03 
1573	 3.99209451231378E-03 
1574	 4.52264159564041E-03 
1575	 4.47179849012554E-03 
1576	 3.69378242561196E-03 
1577	 3.72577991764478E-03 
1578	 3.65332590472107E-03 
1579	 3.34380982646166E-03 
1580	 3.84612986466195E-03 
1581	 4.09071378202753E-03 
1582	 3.75924905302511E-03 
1583	 3.69735284457083E-03 
1584	 3.5460003374124E-03 
1585	 3.42331362058241E-03 
1586	 3.87228066841066E-03 
1587	 4.32669398112213E-03 
1588	 4.4381205004863E-03 
1589	 4.26912225956552E-03 
1590	 4.25801103114189E-03 
1591	 4.35581954543749E-03 
1592	 4.07912748681248E-03 
1593	 4.0138362201918E-03 
1594	 4.19297054316078E-03 
1595	 4.3083353293532E-03 
1596	 4.52675064376118E-03 
1597	 4.78583248137025E-03 
1598	 4.77790485615441E-03 
1599	 4.48767894642859E-03 
1600	 4.11072499728263E-03 
1601	 3.98290355641886E-03 
1602	 4.38516967382222E-03 
1603	 4.71844258558573E-03 
1604	 4.40275693248919E-03 
1605	 3.90353715573882E-03 
1606	 3.66632412448206E-03 
1607	 3.20482598077826E-03 
1608	 2.97947948535304E-03 
1609	 3.35247387344471E-03 
1610	 3.71988717031452E-03 
1611	 3.98226352282954E-03 
1612	 4.0397427495995E-03 
1613	 3.94059590833494E-03 
1614	 3.66989165381498E-03 
1615	 3.55824910854752E-03 
1616	 3.97890581894284E-03 
1617	 4.2232461018875E-03 
1618	 4.22195534084025E-03 
1619	 4.40259869715855E-03 
1620	 4.48010054177507E-03 
1621	 4.54444644608888E-03 
1622	 4.66445174111016E-03 
1623	 4.58147672689959E-03 
1624	 4.40652068407583E-03 
1625	 4.27887458029206E-03 
1626	 4.13520729439599E-03 
1627	 3.98597302667821E-03 
1628	 3.94246491913608E-03 
1629	 4.2525988743569E-03 
1630	 4.62324401371059E-03 
1631	 4.24740245668342E-03 
1632	 0.00397940458071 
1633	 4.41907896573133E-03 
1634	 4.54577104449724E-03 
1635	 4.80171084986503E-03 
1636	 5.14328894682413E-03 
1637	 4.85913576420112E-03 
1638	 4.99229255337036E-03 
1639	 5.43545118655628E-03 
1640	 5.57413430042186E-03 
1641	 6.10041691122668E-03 
1642	 5.58953877764984E-03 
1643	 4.01964115083263E-03 
1644	 3.64582796514137E-03 
1645	 3.33021992778048E-03 
1646	 3.06376175214256E-03 
1647	 3.85901803309122E-03 
1648	 4.31325155852337E-03 
1649	 4.08377699735591E-03 
1650	 3.91685690321095E-03 
1651	 3.78401890072247E-03 
1652	 3.58580453150869E-03 
1653	 3.35882318168765E-03 
1654	 3.32539231226093E-03 
1655	 3.74189811343415E-03 
1656	 3.82418666929841E-03 
1657	 3.59701811974206E-03 
1658	 3.77599379354661E-03 
1659	 4.09822916737368E-03 
1660	 4.06052654416709E-03 
1661	 4.18272249002215E-03 
1662	 4.17869466175875E-03 
1663	 3.76829135783459E-03 
1664	 3.74728159347981E-03 
1665	 3.98510788798437E-03 
1666	 3.73236762652646E-03 
1667	 3.29490873782135E-03 
1668	 3.84047387203056E-03 
1669	 3.74584347848915E-03 
1670	 4.1358382264907E-03 
1671	 4.55378095006032E-03 
1672	 3.64477708750696E-03 
1673	 2.79887793202597E-03 
1674	 3.4768350209211E-03 
1675	 3.52967336732722E-03 
1676	 3.00886317972631E-03 
1677	 3.98636894742812E-03 
1678	 4.50660266158552E-03 
1679	 4.16424208062264E-03 
1680	 4.67766783891057E-03 
1681	 4.71333058223823E-03 
1682	 3.94996255946265E-03 
1683	 4.09109943292825E-03 
1684	 4.87213108986867E-03 
1685	 5.30862866485283E-03 
1686	 5.11217464012845E-03 
1687	 4.06911108681889E-03 
1688	 3.15784393407527E-03 
1689	 3.50835500382938E-03 
1690	 4.23996204980359E-03 
1691	 4.58794587033019E-03 
1692	 4.36725078084892E-03 
1693	 3.45772547716562E-03 
1694	 3.11734582273789E-03 
1695	 3.82004471460403E-03 
1696	 4.13804030084754E-03 
1697	 3.50191144059369E-03 
1698	 3.09596412911005E-03 
1699	 3.96690754071344E-03 
1700	 0.004759739051863 
1701	 4.45328790493874E-03 
1702	 4.67473013893447E-03 
1703	 4.52255449327713E-03 
1704	 3.56700097950047E-03 
1705	 4.07216823417401E-03 
1706	 4.45455438307265E-03 
1707	 3.62200382731748E-03 
1708	 3.63238267222466E-03 
1709	 4.04734815992148E-03 
1710	 3.67370356034018E-03 
1711	 3.02211271683488E-03 
1712	 2.58672527130457E-03 
1713	 4.08769234972125E-03 
1714	 4.30667755621876E-03 
1715	 3.57032540393006E-03 
1716	 4.25990321018736E-03 
1717	 4.3801365906361E-03 
1718	 3.7864002672872E-03 
1719	 4.62041134274138E-03 
1720	 4.78971360666219E-03 
1721	 3.03859247281729E-03 
1722	 2.91161483485972E-03 
1723	 4.12862137494539E-03 
1724	 3.93083260705527E-03 
1725	 3.67605789771797E-03 
1726	 3.41427176134589E-03 
1727	 2.58772588483642E-03 
1728	 2.45110083185384E-03 
1729	 3.03371118704816E-03 
1730	 4.01411159317868E-03 
1731	 4.57129400581833E-03 
1732	 4.31793219316975E-03 
1733	 3.93218525040928E-03 
1734	 4.11047693744081E-03 
1735	 4.60638371074282E-03 
1736	 4.44010427764833E-03 
1737	 4.26853535739418E-03 
1738	 4.34531539626954E-03 
1739	 3.6903049647684E-03 
1740	 3.5304673255479E-03 
1741	 4.4087419476635E-03 
1742	 4.21520141107406E-03 
1743	 3.14841494877582E-03 
1744	 3.03282326217496E-03 
1745	 3.26237507201533E-03 
1746	 3.63670821535996E-03 
1747	 3.26864566340517E-03 
1748	 9.21241907218779E-04 
1749	 9.28249267626024E-04 
1750	 1.92956133153366E-03 
1751	 2.23666825361868E-03 
1752	 4.80253637161403E-03 
1753	 5.84940208069322E-03 
1754	 5.12128527123357E-03 
1755	 0.005376613973168 
1756	 5.14898185777408E-03 
1757	 3.1326439536001E-03 
1758	 4.03952644360252E-03 
1759	 5.0874312323324E-03 
1760	 6.71877601257756E-03 
1761	 6.76611059807094E-03 
1762	 4.97794764373791E-03 
1763	 2.72426109436485E-03 
1764	 1.15557334736853E-03 
1765	 2.99106508689085E-03 
1766	 4.73506157443132E-03 
1767	 4.66485686058203E-03 
1768	 4.95494643179986E-03 
1769	 4.17338779549354E-03 
1770	 2.20709108103389E-03 
1771	 1.89080488461418E-03 
1772	 2.88097093759219E-03 
1773	 3.39079077640392E-03 
1774	 4.14586160300328E-03 
1775	 1.70360928646614E-03 
1776	 1.71308152706878E-03 
1777	 3.59432891659696E-03 
1778	 3.27054836628015E-03 
1779	 3.83255564643979E-03 
1780	 3.63740591696036E-03 
1781	-1.75549360575063E-03 
1782	-2.98763638827385E-03 
1783	 2.29838222844401E-04 
1784	 2.80753156856631E-03 
1785	 7.3351422054706E-03 
1786	 9.33901703687694E-03 
1787	 1.18537629782873E-02 
1788	 9.59241253139899E-03 
1789	 1.62612369696397E-04 
1790	 1.09723669808979E-03 
1791	 5.61477867569585E-04 
1792	 1.11935445458627E-03 
1793	 2.97697485464788E-03 
1794	-5.19577856982586E-03 
1795	-0.013876667188137 
1796	-9.48292120847208E-03 
1797	-5.26927219845331E-03 
1798	 1.60178094339957E-04 
1799	 5.18815313370073E-03 
1800	-1.29728315859107E-02 
1801	-0.020518465744758 
1802	-3.24302334610248E-02 
1803	-3.45483454583996E-02 
1804	 5.26197263252283E-03 
1805	 1.29011628112337E-02 
1806	-2.30986785172082E-03 
1807	-6.23832057391065E-03 
1808	-0.069662949204098 
1809	-8.53487197407566E-02 
1810	-3.96099103948837E-03 
1811	 3.77725077271796E-02 
1812	 0.133115883415483 
1813	 0.146013479578862 
1814	 2.54615293851822E-02 
1815	-4.18412502764729E-02 
1816	-0.434666272592379 
1817	-1.00285534842543 
1818	-1.38263793833148 
1819	-0.780243066971541 
1820	-0.350205880564799 
1821	 1.11275725397447 
1822	 1.34686786913176 
1823	-0.356352794203944 
1824	-0.751370019694415 
1825	-0.920783198880622 
1826	-0.9809458063419 
1827	 9.20267183291913E-02 
1828	 0.438434680655563 
1829	 0.19562421924816 
1830	 0.870894742396938 
1831	 6.37289792152683E-02 
1832	 0.275304931937926 
1833	 3.48290655397023 
1834	 13.0115933183103 
1835	-1.1455125429461 
1836	-3.02282214812767 
1837	 1.14084351147039 
1838	 0.907393951334795 
1839	 7.48553500249068E-03 
1840	-1.21206634265672 
1841	-1.43626010540116 
1842	-2.92213689636558 
1843	-0.35298831884223 
1844	 0.42088770982818 
1845	 0.275855582479556 
1846	 6.43788206974366E-02 
1847	-0.003107738863873 
1848	-1.98061438781786 
1849	 3.78942766039957 
1850	 1.39721412999536 
1851	 0.562541639541115 
1852	-13.9993028547013 
1853	-20.8016891990396 
1854	-4.74411369867983 
1855	-0.426485083381206 
1856	-0.233988604458024 
1857	 0.311880946588027 
1858	 0.812812244723783 
1859	 2.36607793024749 
1860	-1.20564210015103 
1861	-1.90288567774839 
1862	-1.62149565007143 
1863	-1.74063548716408 
1864	-1.46376698244425 
1865	-1.16553987883519 
1866	 2.54839183972656 
1867	-3.73719921147293 
1868	-2.58097915970046 
1869	-1.00817722318331 
1870	 0.154909216174575 
1871	 0.892594249153064 
1872	 0.771243387718466 
1873	 0.301085642380891 
1874	 6.71908211843052E-02 
1875	-3.20405145670646E-03 
1876	-8.76315617011263E-02 
1877	 0.102423275239076 
1878	 0.303608261981697 
1879	 0.350547114670793 
1880	-0.170074091770199 
1881	-0.342354316187302 
1882	-0.640620640485826 
1883	-0.294408514159268 
1884	-1.03724549376977 
1885	 1.67154838397969 
1886	 0.46860817610773 
1887	 1.22775345899186 
1888	 7.64114602926869 
1889	 9.36307361666847 
1890	 1.82353413474632 
1891	 2.29657086949156 
1892	 2.35941553182466 
1893	 7.25439982446326 
1894	-6.60357793093208 
1895	-6.1472985009073 
1896	-17.7914295617113 
1897	 1.49566668800639 
1898	 1.17306400263826 
1899	 1.38399243827162 
1900	 1.35539684921475 
1901	 1.42063403773978 
1902	 1.17558249301832 
1903	 0.329671925393547 
1904	-0.407352044256459 
1905	-0.329631331976312 
1906	 0.520015051368779 
1907	 0.890965871858223 
1908	-0.406180602142949 
1909	-0.867068616774105 
1910	-0.381017646254508 
1911	-0.623991639720668 
1912	-0.540709650601446 
1913	-0.339278861976868 
1914	-0.394856955247074 
1915	-0.501430382106112 
1916	-10.8852972668897 
1917	-0.77525947643623 
1918	-0.191694836976681 
1919	-0.727377072358502 
1920	-0.91114359168646 
1921	-1.34043794855622 
1922	-5.37434888808676 
1923	-13.6494369519837 
1924	-0.516835808901946 
1925	-0.479651091132794 
1926	-0.272218593447747 
1927	 3.79525137305913E-02 
1928	-0.118829347963419 
1929	-0.396940913914738 
1930	-0.046350886578207 
1931	 0.520281042541265 
1932	 0.645667326149612 
1933	 0.572756310908234 
1934	 0.488681559158349 
1935	 0.427006938825633 
1936	 0.302871261101167 
1937	 0.067386931069881 
1938	 0.206127208721491 
1939	 0.200895556004553 
1940	 0.121473007419465 
1941	-2.70952696213054E-02 
1942	 0.144439702555602 
1943	 4.95618758379624E-02 
1944	-6.63175063744727E-02 
1945	-9.28257997552748E-03 
1946	-5.73798556595905E-02 
1947	-0.101962740903763 
1948	-0.106663682608968 
1949	-8.14741852858565E-02 
1950	-5.60468397036923E-02 
1951	-4.92237970690399E-02 
1952	-2.94423685664108E-02 
1953	 1.09331596906663E-02 
1954	-4.74680458153393E-03 
1955	-4.48069365691161E-03 
1956	 4.08947430893459E-02 
1957	 3.03205625744109E-02 
1958	 1.60097494839428E-02 
1959	 6.73150890551399E-03 
1960	-3.92127569920938E-03 
1961	 1.68160428791427E-02 
1962	 1.46408976133082E-02 
1963	-4.46578602053928E-03 
1964	 3.34690532928334E-03 
1965	 6.06736871587995E-03 
1966	 2.7737113605362E-03 
1967	 2.69135391585523E-03 
1968	 1.04575360249544E-02 
1969	 4.99898620659856E-03 
1970	-3.55025654311822E-03 
1971	-4.69686044544692E-03 
1972	-4.42513952031933E-03 
1973	-3.54574542375304E-03 
1974	-3.47881095872673E-04 
1975	-1.71086538940139E-03 
1976	 1.33470199012952E-03 
1977	 7.73579320239037E-03 
1978	 4.27979792102685E-03 
1979	 3.98669232665334E-03 
1980	 5.78739123313538E-03 
1981	 0.006818412587968 
1982	 3.24427447375276E-03 
1983	 6.48187468053055E-03 
1984	 1.12047565108863E-02 
1985	 1.10243067183808E-02 
1986	 0.008115868940106 
1987	 6.43229918727432E-03 
1988	 5.95605880784728E-03 
1989	 6.65285590748207E-03 
1990	 9.20990924092628E-03 
1991	 9.57394013595774E-03 
1992	 6.92634639301722E-03 
1993	 4.39688294440934E-03 
1994	 4.21418172797264E-03 
1995	 6.59350468316526E-03 
1996	 1.14639353910221E-02 
1997	 1.25537898807666E-02 
1998	 1.37383113534909E-02 
1999	 1.92150985827743E-02 
2000	 1.67872600752554E-02 
2001	 1.30821982895472E-02 
2002	 1.73523524666451E-02 
2003	 1.25354941571231E-02 
2004	 6.41225350315677E-03 
2005	 5.9991003791141E-03 
2006	-1.91011074330876E-05 
2007	-5.41552754124973E-03 
2008	-2.65419904470859E-03 
2009	-3.25351542781525E-03 
2010	-2.66821210952125E-03 
2011	-2.26938559188076E-03 
2012	-3.94214734135019E-03 
2013	-4.01562604017293E-03 
2014	 2.06137758263544E-03 
2015	 5.83477135825543E-03 
2016	 2.30935872503501E-03 
2017	 1.88583442896759E-03 
2018	 2.32922628379852E-03 
2019	 1.70433323029792E-03 
2020	 4.24209027428666E-03 
2021	 5.79675910542523E-03 
2022	 2.28516008817696E-03 
2023	 1.66921847791258E-03 
2024	 2.03895186767679E-03 
2025	 3.53222160084951E-03 
2026	 3.91054264999669E-03 
2027	 0.004832482787306 
2028	 4.62097083857948E-03 
2029	 5.97414110629858E-03 
2030	 6.18946366440116E-03 
2031	 5.82798651469416E-03 
2032	 7.71554651012059E-03 
2033	 5.50355405386014E-03 
2034	 4.02306924609901E-03 
2035	 4.14015223846854E-03 
2036	 1.34983180425478E-03 
2037	 1.27117705201713E-03 
2038	 2.12344272778863E-03 
2039	 2.82514263413203E-03 
2040	 4.58718770590984E-03 
2041	 5.81917372309354E-03 
2042	 7.10668191046511E-03 
2043	 7.25703784171915E-03 
2044	 6.13243196248957E-03 
2045	 6.82002179074145E-03 
2046	 5.50402699648904E-03 
2047	 4.44172058774444E-03 
2048	 6.28786900666738E-03 
2049	 4.18081049638944E-03 
2050	 6.35994338926003E-04 
2051	 1.04696511643664E-03 
2052	 1.94624398863651E-03 
2053	 3.11742851009676E-04 
2054	 5.89052309507765E-04 
2055	 4.52710406448922E-03 
2056	 6.70178277762693E-03 
2057	 8.50719908977337E-03 
2058	 8.8322750524864E-03 
2059	 8.50083643278251E-03 
2060	 7.55676918402076E-03 
2061	 3.83966494813346E-03 
2062	 3.05150768244543E-03 
2063	 3.73407650912353E-03 
2064	 1.46164989513975E-03 
2065	-8.67472289833388E-04 
2066	-4.87273167334987E-04 
2067	 1.31146783885241E-03 
2068	 7.10653655684132E-03 
2069	 1.04308532208572E-02 
2070	 7.86671176563265E-03 
2071	 5.02979539792865E-03 
2072	 1.47297713425767E-03 
2073	 1.42874921337374E-03 
2074	 4.65543886461528E-03 
2075	 7.40066900815025E-03 
2076	 1.35711490381137E-02 
2077	 1.42277037098945E-02 
2078	 1.13586587009038E-02 
2079	 9.8332826358606E-03 
2080	 6.58823837042782E-03 
2081	 4.13036870868949E-03 
2082	 3.2613604635112E-03 
2083	 3.21332737344745E-03 
2084	 3.51835549147423E-03 
2085	 2.43793918498143E-03 
2086	 4.07268110688615E-04 
2087	 1.32920655910869E-03 
2088	 2.2151037184403E-03 
2089	 3.18323842547439E-03 
2090	 4.93958901966961E-03 
2091	 4.57958467254082E-03 
2092	 5.29369656946771E-03 
2093	 5.4799842045882E-03 
2094	 5.93790823286989E-03 
2095	 8.12830206225629E-03 
2096	 8.87525571940005E-03 
2097	 8.02404607987521E-03 
2098	 7.86418380855858E-03 
2099	 8.09880362830716E-03 
2100	 6.66184752692484E-03 
2101	 6.26382240703975E-03 
2102	 6.48319409858616E-03 
2103	 6.58855829793015E-03 
2104	 6.89765011075261E-03 
2105	 5.65391254238757E-03 
2106	 2.59418741889714E-03 
2107	-1.01055323365248E-04 
2108	-2.60581323717835E-03 
2109	-3.64271811707909E-03 
2110	-2.88616559985795E-03 
2111	-2.94109252740078E-03 
2112	-1.17572544454934E-03 
2113	-7.08363916002154E-06 
2114	 1.59498293044772E-03 
2115	 2.18780926936423E-03 
2116	 1.5254726974917E-03 
2117	 1.98340063729509E-03 
2118	 3.88146930562628E-03 
2119	 3.59598912375456E-03 
2120	 2.40640754705062E-03 
2121	 2.38981650012216E-03 
2122	 8.56192328920047E-04 
2123	-1.80998518738436E-03 
2124	 2.83676464101678E-04 
2125	 3.34004919332358E-03 
2126	 3.75063061033534E-03 
2127	 3.31173746351137E-03 
2128	 2.67741003765821E-03 
2129	 1.10004032987591E-03 
2130	 1.06974743128725E-03 
2131	 4.40216647396458E-03 
2132	 3.54033803494944E-03 
2133	 3.26902858646845E-03 
2134	 4.43206049479619E-03 
2135	 5.46945144562168E-03 
2136	 5.0939292992294E-03 
2137	 6.44579343008403E-03 
2138	 6.50682543927847E-03 
2139	 3.74275125247682E-03 
2140	 3.40239322245902E-03 
2141	 5.30201475493316E-03 
2142	 5.19614455260983E-03 
2143	 4.51906252122247E-03 
2144	 3.1303645331588E-03 
2145	 1.88935763228455E-03 
2146	 6.54113009410085E-04 
2147	 8.96633577796251E-04 
2148	 1.84412797258818E-03 
2149	 1.18839552699352E-03 
2150	 1.04994460097839E-03 
2151	 3.44268149282268E-04 
2152	 4.97629765658661E-04 
2153	 1.43448295092644E-04 
2154	-2.2761299827458E-03 
2155	-2.35341826303147E-03 
2156	-2.02549226440682E-03 
2157	-1.64754082772727E-03 
2158	 1.52300395972082E-03 
2159	 2.6063172335098E-03 
2160	 1.25249185476355E-03 
2161	 1.77250534071875E-03 
2162	 3.61332441270849E-03 
2163	 4.56231881787652E-03 
2164	 5.4742015995736E-03 
2165	 6.33140556122742E-03 
2166	 6.76385440515315E-03 
2167	 6.95887806353689E-03 
2168	 8.09659226904601E-03 
2169	 7.77344913618484E-03 
2170	 5.65253696582596E-03 
2171	 4.57472687383056E-03 
2172	 4.97197897411107E-03 
2173	 2.09806279627257E-03 
2174	 4.78943896956191E-04 
2175	 7.21893566355397E-04 
2176	-1.31260681045314E-03 
2177	-1.83930331442418E-04 
2178	 1.42108773746799E-03 
2179	 1.13092310897452E-03 
2180	 4.50888723805275E-03 
2181	 6.32099412370686E-03 
2182	 5.67824853735559E-03 
2183	 7.08256474415322E-03 
2184	 5.56097073192606E-03 
2185	 3.11920305655356E-03 
2186	 2.15446077435809E-03 
2187	 3.01494724117473E-03 
2188	 2.58218351684389E-03 
2189	 1.36952826256149E-03 
2190	 9.20490663250424E-05 
2191	-1.36119823969711E-03 
2192	-2.15831019715536E-03 
2193	-3.12253554613768E-03 
2194	-1.29471859032721E-03 
2195	 4.04475260912643E-03 
2196	 5.30991528064953E-03 
2197	 4.60500379739792E-03 
2198	 4.42227436982442E-03 
2199	 2.67657177716945E-03 
2200	 1.28972751192077E-03 
2201	-4.52401964513608E-04 
2202	-1.80251680204325E-03 
2203	-5.80174844185249E-03 
2204	-6.35659990766823E-03 
2205	-4.7904176290628E-03 
2206	-2.55639548187239E-03 
2207	 1.23049191616988E-03 
2208	 3.65131387535391E-04 
2209	 1.91018914508499E-03 
2210	 6.16518975933096E-03 
2211	 3.15289127081832E-03 
2212	 3.60563098295507E-03 
2213	 8.25676726297831E-03 
2214	 7.85051948195316E-03 
2215	 7.60037322079141E-03 
2216	 9.81430722273148E-03 
2217	 9.61603616443669E-03 
2218	 3.28144778031412E-03 
2219	 1.1078131615356E-03 
2220	 1.41650181444053E-03 
2221	 9.03355191321102E-04 
2222	 8.32506351450555E-04 
2223	 1.28577072128094E-03 
2224	 2.72149985852017E-03 
2225	 2.82156613874498E-03 
2226	 1.77764212354644E-04 
2227	 3.34324448031849E-04 
2228	 4.00729277369727E-03 
2229	 5.40123855459605E-03 
2230	 5.98533448442304E-03 
2231	 7.53808605082661E-03 
2232	 0.008338676962653 
2233	 8.8067933731991E-03 
2234	 1.12832620089735E-02 
2235	 1.23629535532512E-02 
2236	 7.23955282732539E-03 
2237	 3.93307757122805E-03 
2238	 1.59612684171654E-03 
2239	-1.35988500455197E-03 
2240	 3.86152364714304E-03 
2241	 6.01913589781966E-03 
2242	 1.34243802591948E-03 
2243	 2.55367361889809E-04 
2244	-3.31136703920384E-03 
2245	-8.71724520262333E-03 
2246	-4.73218519039079E-03 
2247	-6.70827221820913E-04 
2248	-1.86645208273163E-03 
2249	-1.85067657497013E-03 
2250	-3.35601996294053E-03 
2251	-6.0556541634933E-03 
2252	-6.56789772746079E-03 
2253	-3.50588143815902E-03 
2254	-0.00211471370331 
2255	-2.01101841522674E-03 
2256	-2.0216380754591E-04 
2257	-2.48902682818269E-03 
2258	 1.08723311159021E-03 
2259	 5.74121065868181E-03 
2260	 8.51236280866893E-03 
2261	 1.64522552462694E-02 
2262	 1.72071582431091E-02 
2263	 9.62727793513989E-03 
2264	 7.90037371450335E-03 
2265	 5.46139743646154E-03 
2266	 1.50990722339925E-03 
2267	-1.08178844000112E-03 
2268	-1.69427805429663E-03 
2269	-3.05959591459658E-03 
2270	-4.08490193112208E-03 
2271	-2.43448664463507E-03 
2272	-1.59439053844227E-03 
2273	-3.52871205537713E-03 
2274	-3.04186487017878E-03 
2275	 1.7212867689461E-03 
2276	 2.34295931498802E-03 
2277	-9.90801383179983E-05 
2278	 2.07871983252308E-03 
2279	 5.3565715714523E-03 
2280	 6.4336291491785E-03 
2281	 9.76375681513712E-03 
2282	 1.20667470742751E-02 
2283	 7.28973604416417E-03 
2284	 3.08962591995657E-03 
2285	-0.003221743080481 
2286	-6.06635594768498E-03 
2287	-2.67600801213066E-03 
2288	-0.002394814661569 
2289	 4.20865809659379E-03 
2290	 0.010085230644029 
2291	 6.13775736229732E-03 
2292	 9.71520988762776E-03 
2293	 9.01049565974599E-03 
2294	-3.3302189176114E-03 
2295	-4.80173322390452E-03 
2296	-5.43805599302972E-03 
2297	-3.92026290233155E-03 
2298	 7.85919011941849E-03 
2299	 5.35113441636884E-03 
2300	-4.0857370762576E-03 
2301	-8.08880647469856E-03 
2302	-1.54557299771566E-02 
2303	-2.18138684136375E-02 
2304	-1.88490336832517E-02 
2305	-1.73623408483396E-02 
2306	-1.87033106831898E-02 
2307	-1.37977602705956E-02 
2308	-1.05638415457683E-02 
2309	-6.87295712046002E-03 
2310	-6.57533010938961E-03 
2311	-1.06104834638324E-02 
2312	-1.20120482999493E-02 
2313	-1.42397314701586E-02 
2314	-7.2197028981082E-03 
2315	 9.16594498747545E-04 
2316	 2.87535502344992E-04 
2317	 2.05010389583825E-03 
2318	-2.23226320638346E-03 
2319	-1.20137498585042E-02 
2320	-9.91647283890538E-03 
2321	-2.70852348583463E-03 
2322	-3.63147009460347E-03 
2323	-1.16239270362935E-03 
2324	 5.82637948960108E-03 
2325	-2.81601138166252E-03 
2326	-1.08060366439245E-02 
2327	-0.014607038588994 
2328	-2.56160999217616E-02 
2329	-2.56731409170078E-02 
2330	-2.27221367169001E-02 
2331	-2.54355283580918E-02 
2332	-2.89583283520548E-02 
2333	-3.13884546554743E-02 
2334	-3.07809047718146E-02 
2335	-2.60517846496535E-02 
2336	-1.58435700034616E-02 
2337	-3.61842104196725E-03 
2338	-3.20603605572194E-03 
2339	-1.55298356426061E-02 
2340	-1.52085533179001E-02 
2341	-5.15913833946342E-03 
2342	-9.97780668635372E-04 
2343	 1.63638325597142E-02 
2344	 3.18680138122208E-02 
2345	 1.04168949053228E-02 
2346	-2.05660354836944E-02 
2347	-3.28043568465491E-02 
2348	-0.024760183065246 
2349	-1.00008479760419E-02 
2350	 1.35534782558138E-02 
2351	 4.28044190272427E-02 
2352	 2.28137334653792E-02 
2353	-4.30455233365657E-03 
2354	 4.66454372599562E-03 
2355	 6.16403619631819E-03 
2356	 2.00373500530573E-02 
2357	 4.78691978612245E-02 
2358	 5.05825316178421E-02 
2359	 0.029649661359887 
2360	 2.12921836426012E-02 
2361	 2.11645097325713E-02 
2362	 2.89436813904922E-03 
2363	-7.46077998385307E-03 
2364	-2.18526767696156E-02 
2365	-3.58152209300768E-02 
2366	-3.57875852466064E-02 
2367	-0.01352826918556 
2368	 1.14139142480987E-02 
2369	-4.0290971688468E-03 
2370	 2.80775135599894E-02 
2371	 6.52383908434284E-02 
2372	 3.55231154272015E-02 
2373	 4.42734786583901E-02 
2374	 5.31189759236953E-02 
2375	 0.027470667299762 
2376	-7.16360917745071E-03 
2377	-2.88837264573025E-02 
2378	-5.12248845052241E-02 
2379	-9.72901680354652E-02 
2380	-5.58032504639596E-02 
2381	 3.43076699766385E-02 
2382	 7.75810832621642E-02 
2383	 6.01289918499315E-02 
2384	 4.42385746158221E-02 
2385	-0.018713160881608 
2386	-9.09879426963449E-02 
2387	-6.11557279891641E-02 
2388	-8.10974926077881E-02 
2389	-9.15268069592699E-02 
2390	-3.95700183783549E-02 
2391	-5.01710071341223E-02 
2392	-3.85392166464457E-02 
2393	-0.018020113187272 
2394	-6.34438909193619E-02 
2395	-8.74702946985757E-02 
2396	-6.21405823659829E-02 
2397	 2.62465197888139E-02 
2398	 0.128716888839846 
2399	 0.127696310149 
2400	 0.111050090555852 
2401	 0.02999942646565 
2402	-8.38497121639767E-02 
2403	-0.071521448564699 
2404	-0.102506319741078 
2405	-0.154787726129763 
2406	-0.196117181018418 
2407	-0.281254490010601 
2408	-0.243404724326069 
2409	-0.264968127032709 
2410	-0.297130361372811 
2411	-0.222664619559095 
2412	-0.385449893619249 
2413	-0.381234941698501 
2414	-0.227943228358544 
2415	-0.21613316494444 
2416	-0.147819975959813 
2417	-4.82511244822058E-02 
2418	-5.64684648746279E-02 
2419	-8.42961977248362E-02 
2420	-0.141360754386919 
2421	-0.241903323717237 
2422	-0.148374016565692 
2423	-0.139100562298144 
2424	-0.171631815423396 
2425	 0.127983259370621 
2426	 0.271216391522084 
2427	 0.121033723121864 
2428	 0.302626635383847 
2429	 0.306564436283832 
2430	 0.141763040265563 
2431	 0.0133676926833 
2432	-0.102648676405984 
2433	-0.306542084169392 
2434	-0.41073213132603 
2435	-0.381999494121249 
2436	-0.154682243486181 
2437	 0.021894030066611 
2438	 1.56185702413913E-02 
2439	 3.52436491347329E-02 
2440	-4.92969386549786E-02 
2441	-0.110330594117237 
2442	-0.150541245484234 
2443	-9.94448456454173E-02 
2444	 8.17663140643613E-02 
2445	-9.68991703481488E-02 
2446	 2.37887282614163E-02 
2447	 4.83061727951523E-02 
2448	-0.184716692740515 
2449	-0.733952769020599 
2450	-1.07969799230886 
2451	-6.00655339133898 
2452	 36.603364379052 
2453	-0.568579060130109 
2454	-0.577373467817257 
2455	-0.631111957462419 
2456	-6.88268952491416E-02 
2457	 4.42855536123971 
2458	 13.5936974787958 
2459	 13.2659695609058 
2460	 65.2299263795703 
2461	-61.9567878163485 
2462	-23.5754206349966 
2463	-2.65074238407396 
2464	-0.986407204251302 
2465	-1.04079774891719 
2466	-2.26186955553639 
2467	-9.98336831676186 
2468	-28.2206854781321 
2469	-1.98001972297588 
2470	 2.23368041798619 
2471	 0.268988314509448 
2472	-1.38508707795149 
2473	-0.187651480988824 
2474	 0.209399814702956 
2475	 0.984692014271737 
2476	 0.422487188991227 
2477	-0.148835730415579 
2478	 1.31624938013527 
2479	 0.393270994480059 
2480	-0.340918566640807 
2481	-1.45791280561953 
2482	-3.31972514898002 
2483	 3.74213714672014 
2484	 1.35889638917648 
2485	 0.559925889900626 
2486	 0.678525070656359 
2487	 0.354730923497521 
2488	-4.39734484420679 
2489	-4.48056727109595 
2490	-48.3200676802085 
2491	 2.43130458084642 
2492	-0.300379975064751 
2493	-1.51426070179354 
2494	-1.21061626234435 
2495	-2.25431704339448 
2496	-0.969907419816439 
2497	-0.198011486423154 
2498	 0.213506158901113 
2499	-0.214884642696375 
2500	-0.835364132936765 
