Wavelength	rt0708a00007.asd
350	 7.19993626187131E-02 
351	 0.072028009507985 
352	 7.29508191290481E-02 
353	 7.34162107213088E-02 
354	 7.28841344524974E-02 
355	 7.28738149317924E-02 
356	 7.36422832639007E-02 
357	 0.073838176745755 
358	 7.26047278335776E-02 
359	 7.33628642830353E-02 
360	 7.40192473053525E-02 
361	 0.074030185627208 
362	 7.40618918033793E-02 
363	 7.43850561292343E-02 
364	 7.45890231099103E-02 
365	 7.44836489835729E-02 
366	 7.43227927857017E-02 
367	 7.46765148766965E-02 
368	 7.51182298900303E-02 
369	 7.51162848182975E-02 
370	 7.46934800939345E-02 
371	 7.51019788684889E-02 
372	 7.57998558898642E-02 
373	 7.53868606572296E-02 
374	 7.49766100499269E-02 
375	 7.51542092670092E-02 
376	 7.59468048284941E-02 
377	 7.67121120579387E-02 
378	 7.64847794726551E-02 
379	 7.58991278648435E-02 
380	 7.58897112154103E-02 
381	 7.70527627163503E-02 
382	 7.74239993896343E-02 
383	 7.73932551969438E-02 
384	 7.81746915506306E-02 
385	 7.79130980070807E-02 
386	 7.74000863153518E-02 
387	 7.73022011878779E-02 
388	 7.78381890601242E-02 
389	 7.79813109064504E-02 
390	 7.81076454920573E-02 
391	 7.85119134530835E-02 
392	 7.85918840514818E-02 
393	 7.85484153946283E-02 
394	 7.88417624514301E-02 
395	 7.96423755818798E-02 
396	 7.92642842399057E-02 
397	 7.86905016677563E-02 
398	 7.85895561040798E-02 
399	 7.91305763478488E-02 
400	 7.90442065030542E-02 
401	 7.90162508727904E-02 
402	 7.94357420026045E-02 
403	 7.93358008010011E-02 
404	 7.92778539195371E-02 
405	 7.93200410923164E-02 
406	 7.93531956590846E-02 
407	 0.079394763327471 
408	 7.95483183836343E-02 
409	 7.97022404179067E-02 
410	 7.95612461590091E-02 
411	 7.94809448442456E-02 
412	 0.079591398596429 
413	 7.98329519500763E-02 
414	 7.98199056307333E-02 
415	 7.97803704844259E-02 
416	 0.079853931844879 
417	 0.080087919563614 
418	 8.02184563241213E-02 
419	 8.02496313744948E-02 
420	 8.03323642109822E-02 
421	 8.07269862154234E-02 
422	 8.07752849691256E-02 
423	 8.08243333087917E-02 
424	 8.11776626063854E-02 
425	 8.14039610183858E-02 
426	 8.18362973618689E-02 
427	 0.082197463734479 
428	 8.20920722823885E-02 
429	 8.24894062050034E-02 
430	 8.28512291176123E-02 
431	 8.30032680117091E-02 
432	 8.33566650236672E-02 
433	 8.35825323557587E-02 
434	 8.37849205086313E-02 
435	 8.40814983528988E-02 
436	 8.43384356135965E-02 
437	 8.47017450108926E-02 
438	 8.50339754019125E-02 
439	 8.51013501986986E-02 
440	 8.52658992515945E-02 
441	 8.55206977276986E-02 
442	 8.57989730295253E-02 
443	 8.60141535076908E-02 
444	 8.61761053003286E-02 
445	 8.63345660409403E-02 
446	 8.65156014778252E-02 
447	 8.66037172658961E-02 
448	 8.66787674494392E-02 
449	 8.67959919512089E-02 
450	 8.69733490214906E-02 
451	 8.70488542419565E-02 
452	 8.70813760995652E-02 
453	 0.087140530029642 
454	 8.72552242948003E-02 
455	 8.72913842222336E-02 
456	 8.72740807145891E-02 
457	 0.087281961199263 
458	 8.73260169293687E-02 
459	 8.73390460109827E-02 
460	 8.73079706591646E-02 
461	 8.72776542001851E-02 
462	 8.72379099653419E-02 
463	 8.71980484208314E-02 
464	 8.71808496556305E-02 
465	 8.72520102225878E-02 
466	 8.72300322925061E-02 
467	 8.71959506819581E-02 
468	 8.73070971766812E-02 
469	 8.72268743237745E-02 
470	 8.71718515287347E-02 
471	 8.72263904243599E-02 
472	 8.72328234510062E-02 
473	 8.72686523059944E-02 
474	 8.73515718882285E-02 
475	 8.74491980168878E-02 
476	 8.73913962099491E-02 
477	 8.74559522198815E-02 
478	 8.75591133460754E-02 
479	 8.74184048532515E-02 
480	 8.75033333596986E-02 
481	 8.76878965993241E-02 
482	 8.78108736592122E-02 
483	 8.77884295482869E-02 
484	 8.79455854035564E-02 
485	 8.81570027739308E-02 
486	 8.82118890943994E-02 
487	 8.84487980147977E-02 
488	 8.86027915388489E-02 
489	 8.86376015724329E-02 
490	 0.08876291563989 
491	 8.90185273882538E-02 
492	 0.089328032736152 
493	 8.96140134206347E-02 
494	 8.98940616788283E-02 
495	 9.00145215786041E-02 
496	 9.01351002936284E-02 
497	 9.05188481555866E-02 
498	 9.08158845891434E-02 
499	 9.11013007786318E-02 
500	 9.14230770988548E-02 
501	 9.17183223600118E-02 
502	 9.20871569581505E-02 
503	 9.24054774493227E-02 
504	 9.26019594803498E-02 
505	 9.30813303339204E-02 
506	 9.34552252600925E-02 
507	 9.37026521241506E-02 
508	 9.40957462395877E-02 
509	 9.45090306344704E-02 
510	 9.49259331986982E-02 
511	 9.53322434420454E-02 
512	 9.56648558440659E-02 
513	 9.61578679732238E-02 
514	 0.096732993087325 
515	 9.71961154520811E-02 
516	 9.76747202440296E-02 
517	 9.81763127425896E-02 
518	 9.86937792941558E-02 
519	 9.92165723975734E-02 
520	 9.97062631951497E-02 
521	 0.100203843995303 
522	 0.10074790347726 
523	 0.101285330849668 
524	 0.101884867662399 
525	 0.102525102499314 
526	 0.10312634761355 
527	 0.103689091736958 
528	 0.104333410822565 
529	 0.10506293125384 
530	 0.105612806681365 
531	 0.10627121341432 
532	 0.106998224566563 
533	 0.107660057264438 
534	 0.108362036315771 
535	 0.109080713099382 
536	 0.109780891630621 
537	 0.110420804758052 
538	 0.11113433449357 
539	 0.111937618546691 
540	 0.112758103841311 
541	 0.113330122510819 
542	 0.114033814192681 
543	 0.114845018306843 
544	 0.115505730663055 
545	 0.116161204726524 
546	 0.116803276050429 
547	 0.117420948056773 
548	 0.118033348524093 
549	 0.118661960024603 
550	 0.119263114458399 
551	 0.119794418481689 
552	 0.120345060450142 
553	 0.120969444155199 
554	 0.121595282326665 
555	 0.122014704047921 
556	 0.122484217855116 
557	 0.122988801889014 
558	 0.123468583371845 
559	 0.123960833725789 
560	 0.124462096649151 
561	 0.12493549940585 
562	 0.125334525348916 
563	 0.125702056533564 
564	 0.126123882047114 
565	 0.126594820543955 
566	 0.126930238156698 
567	 0.127212116285729 
568	 0.127519733094627 
569	 0.127899645734191 
570	 0.128203448433896 
571	 0.128468068349106 
572	 0.128750666652614 
573	 0.129111514607294 
574	 0.129358818087543 
575	 0.129530093049143 
576	 0.129728142057629 
577	 0.130098706296437 
578	 0.130331302492332 
579	 0.130441588127681 
580	 0.130632489368984 
581	 0.130742642064115 
582	 0.130844839881581 
583	 0.131005468979355 
584	 0.131241363401961 
585	 0.131380005656167 
586	 0.131416749385618 
587	 0.131429177333109 
588	 0.131548728817008 
589	 0.131657047509226 
590	 0.131691821571882 
591	 0.131682670258853 
592	 0.131704573969623 
593	 0.131708724070534 
594	 0.131685010557737 
595	 0.131847495993258 
596	 0.131864059728641 
597	 0.131754747968208 
598	 0.131729168653768 
599	 0.131681377434661 
600	 0.131620213273777 
601	 0.131561484838095 
602	 0.131506810546531 
603	 0.131553332004094 
604	 0.131547728365568 
605	 0.131363460316919 
606	 0.131457783601633 
607	 0.131496213368606 
608	 0.131403387077304 
609	 0.131402475266568 
610	 0.131333974668691 
611	 0.131240131784296 
612	 0.131191435415032 
613	 0.131229333337095 
614	 0.131214714323268 
615	 0.131156369150055 
616	 0.131136428078489 
617	 0.13104499015231 
618	 0.130990917207326 
619	 0.130996446763501 
620	 0.130906970462478 
621	 0.130894092332909 
622	 0.130924740682749 
623	 0.130933452742198 
624	 0.131058255652578 
625	 0.131057421718933 
626	 0.130961192730341 
627	 0.131050092113458 
628	 0.131012061284175 
629	 0.130984235998955 
630	 0.131061327535378 
631	 0.130985849679833 
632	 0.131039454092194 
633	 0.131094127174067 
634	 0.130889624567258 
635	 0.130795659615153 
636	 0.130585106507782 
637	 0.130275516676807 
638	 0.130310389897053 
639	 0.130251826387706 
640	 0.130098986247531 
641	 0.129957447110846 
642	 0.129822935231561 
643	 0.129552614029947 
644	 0.129225238147202 
645	 0.129087614406417 
646	 0.12892533840649 
647	 0.1287104339773 
648	 0.128475259993617 
649	 0.128304447154958 
650	 0.128147179572141 
651	 0.127976311311538 
652	 0.127793402660926 
653	 0.12770153259608 
654	 0.127513351242876 
655	 0.127229899087351 
656	 0.127164075661214 
657	 0.12682799519705 
658	 0.126444289719853 
659	 0.12624008980451 
660	 0.126069740687362 
661	 0.125855745911489 
662	 0.125580482072143 
663	 0.12527900487626 
664	 0.125009834240948 
665	 0.124806863087295 
666	 0.124656785605094 
667	 0.124479072306376 
668	 0.124317536788778 
669	 0.124229513930596 
670	 0.124239829667623 
671	 0.124178308099111 
672	 0.124197351506836 
673	 0.124329070332833 
674	 0.124477481247704 
675	 0.124547078004583 
676	 0.124674601116268 
677	 0.124940845814674 
678	 0.125171767679143 
679	 0.125399274455962 
680	 0.125735848500651 
681	 0.126280262697328 
682	 0.126719381486377 
683	 0.127321115577261 
684	 0.128118891982903 
685	 0.128838268932426 
686	 0.12994216598976 
687	 0.131169844600528 
688	 0.132180054683879 
689	 0.133540493421645 
690	 0.134759018203875 
691	 0.135935810331601 
692	 0.137506217119211 
693	 0.139216483652524 
694	 0.140807966797216 
695	 0.142202253714291 
696	 0.143743957017322 
697	 0.145311040052247 
698	 0.146900753749887 
699	 0.148433533402981 
700	 0.149904038131685 
701	 0.151322561004778 
702	 0.152679395841683 
703	 0.15397822544606 
704	 0.155034363053963 
705	 0.156067168272091 
706	 0.157128595273347 
707	 0.15782861884541 
708	 0.158601161331668 
709	 0.159318058677864 
710	 0.159727062193059 
711	 0.160099183944395 
712	 0.160503978155597 
713	 0.160789939414875 
714	 0.160611189519812 
715	 0.160629374701288 
716	 0.160660949815749 
717	 0.160427909983129 
718	 0.160338759835776 
719	 0.159935767103622 
720	 0.159385983377044 
721	 0.158946862920646 
722	 0.158667809655882 
723	 0.158116647319196 
724	 0.157288958583275 
725	 0.156723082709625 
726	 0.15594919387054 
727	 0.1549414473129 
728	 0.15380728079038 
729	 0.152714081257514 
730	 0.151488882112119 
731	 0.150199669101671 
732	 0.148982424864904 
733	 0.148048760847184 
734	 0.147335517992114 
735	 0.146742025013535 
736	 0.146121924871018 
737	 0.145757557852158 
738	 0.145552253976798 
739	 0.145395175529494 
740	 0.14542911832614 
741	 0.14538997439678 
742	 0.145343505788923 
743	 0.145485901152812 
744	 0.145521655244438 
745	 0.145556710249621 
746	 0.145652421234117 
747	 0.145756369658728 
748	 0.145839991304862 
749	 0.145961946403128 
750	 0.146149122196703 
751	 0.14626136432547 
752	 0.146286793264612 
753	 0.146332649218169 
754	 0.146524731581819 
755	 0.146554957907533 
756	 0.146640594402331 
757	 0.1468459572851 
758	 0.146961460599169 
759	 0.14737305207086 
760	 0.147825701781074 
761	 0.147693891053866 
762	 0.147893877983518 
763	 0.147793166721395 
764	 0.147766076488091 
765	 0.148202109083262 
766	 0.148311202464032 
767	 0.148377114882909 
768	 0.148511594314268 
769	 0.148642431659494 
770	 0.148754746127553 
771	 0.148938972354146 
772	 0.149235398853381 
773	 0.149500652999752 
774	 0.149748504094804 
775	 0.149994848906085 
776	 0.150267250838449 
777	 0.150621515219643 
778	 0.150858882539583 
779	 0.151043534520154 
780	 0.151489228051221 
781	 0.151707848139329 
782	 0.151968904487253 
783	 0.152442263571177 
784	 0.15276707031515 
785	 0.153029145778891 
786	 0.153366483061181 
787	 0.153848130462571 
788	 0.154040501854703 
789	 0.154406541063067 
790	 0.154971851020145 
791	 0.155392584896413 
792	 0.155727798350721 
793	 0.156159815300906 
794	 0.156668622746227 
795	 0.156861487533247 
796	 0.157199464734775 
797	 0.157606549760655 
798	 0.157913623716929 
799	 0.158119228079558 
800	 0.158462190139121 
801	 0.158834432789832 
802	 0.15899137749452 
803	 0.159249092033848 
804	 0.159512547748829 
805	 0.159703688790111 
806	 0.159809972362614 
807	 0.159888168137633 
808	 0.160012464517711 
809	 0.160166192516677 
810	 0.160110072994906 
811	 0.159866283889013 
812	 0.159653688241217 
813	 0.159682035711198 
814	 0.159422134075547 
815	 0.15922336942671 
816	 0.159014560656155 
817	 0.158453865908955 
818	 0.158269013108243 
819	 0.157899986546411 
820	 0.15720400924168 
821	 0.156718229899464 
822	 0.15607292973497 
823	 0.155236029532974 
824	 0.154247442001832 
825	 0.15292288794589 
826	 0.151692362346731 
827	 0.150427087527341 
828	 0.148962433106624 
829	 0.147811138028249 
830	 0.146657137176177 
831	 0.145666088776799 
832	 0.145259067865443 
833	 0.144169944173176 
834	 0.143333219197212 
835	 0.143092622507077 
836	 0.142702770872922 
837	 0.142465516381684 
838	 0.1421441959364 
839	 0.14165749195953 
840	 0.141593868395529 
841	 0.141494626828584 
842	 0.141319043491245 
843	 0.141147968977786 
844	 0.140849999391393 
845	 0.140667949203182 
846	 0.140581362872026 
847	 0.140398282383434 
848	 0.140245024201498 
849	 0.140062538696607 
850	 0.139814688728113 
851	 0.139526720130967 
852	 0.1394535211898 
853	 0.139392391040199 
854	 0.13919323987681 
855	 0.139024927360094 
856	 0.139033642234924 
857	 0.138972115417294 
858	 0.138671901662101 
859	 0.138668254814107 
860	 0.138462760199298 
861	 0.138211478778439 
862	 0.138293771000399 
863	 0.138281687318328 
864	 0.137959277164551 
865	 0.137593339944174 
866	 0.137746442860877 
867	 0.137416516573619 
868	 0.137080810712927 
869	 0.136950348338287 
870	 0.136642975253909 
871	 0.136663645757931 
872	 0.136700958093788 
873	 0.136441526374943 
874	 0.135954078294729 
875	 0.135651995288242 
876	 0.135562020668896 
877	 0.13552398108454 
878	 0.13529701878007 
879	 0.134791867734025 
880	 0.134354094695703 
881	 0.134364375386871 
882	 0.13422078780691 
883	 0.13373245492422 
884	 0.13333339348294 
885	 0.133655949256538 
886	 0.133013319782131 
887	 0.132620607117752 
888	 0.132752406669788 
889	 0.132331129559389 
890	 0.132169411935257 
891	 0.132155078930797 
892	 0.132078670556818 
893	 0.131849562434077 
894	 0.131623166302245 
895	 0.13137111659421 
896	 0.131095437236516 
897	 0.13106696819645 
898	 0.130843395524994 
899	 0.130214223693004 
900	 0.129464659110508 
901	 0.130034030731466 
902	 0.129698731119155 
903	 0.128960141681379 
904	 0.129046982471167 
905	 0.129088695701705 
906	 0.128933718504285 
907	 0.128678904900189 
908	 0.128513923964198 
909	 0.127857211577223 
910	 0.126910219072333 
911	 0.126287564964111 
912	 0.1266197739757 
913	 0.126209458409318 
914	 0.125817952000754 
915	 0.125765221363471 
916	 0.125495019622598 
917	 0.124710223108287 
918	 0.123951665987869 
919	 0.123626707589952 
920	 0.123761125603723 
921	 0.123430307744304 
922	 0.122698383406696 
923	 0.121878242881748 
924	 0.121357056393816 
925	 0.121124927172352 
926	 0.120704789540392 
927	 0.119875076952638 
928	 0.120143322006306 
929	 0.118272129313672 
930	 0.116093155728388 
931	 0.117842620486669 
932	 0.119055146155318 
933	 0.116566597070637 
934	 0.111515752344923 
935	 0.109274284064313 
936	 0.116441058746484 
937	 0.115029017135618 
938	 0.112072486965344 
939	 0.116585904405156 
940	 0.114431681418523 
941	 0.110575680919797 
942	 0.109279807055695 
943	 0.112595754967089 
944	 0.112162068841072 
945	 0.109467851979039 
946	 0.107694403368721 
947	 0.10897185545888 
948	 0.106875401207347 
949	 0.103565360288138 
950	 0.103866203543394 
951	 0.110384819312643 
952	 0.10601766918557 
953	 0.10392246481053 
954	 0.105771324030881 
955	 0.104519605971847 
956	 0.102884510607182 
957	 0.103275530369609 
958	 0.10371709466655 
959	 0.100662765835618 
960	 0.100658897548025 
961	 0.099797362961176 
962	 9.86500760650245E-02 
963	 0.100503654181371 
964	 0.100301731883714 
965	 9.95672027148718E-02 
966	 9.93795240709391E-02 
967	 9.97460933562559E-02 
968	 9.86131777060642E-02 
969	 9.85916299371017E-02 
970	 0.099603605978408 
971	 9.92254244710629E-02 
972	 9.84487343544794E-02 
973	 9.89151780061467E-02 
974	 0.10000435607912 
975	 9.92694228394876E-02 
976	 9.85959683982812E-02 
977	 9.85082638229177E-02 
978	 9.92947868955302E-02 
979	 0.100781843752937 
980	 0.100318318780952 
981	 9.88545568825845E-02 
982	 9.83531176734787E-02 
983	 0.100374711200175 
984	 0.100943270060791 
985	 0.100562558756439 
986	 9.99664435175025E-02 
987	 9.96811026999382E-02 
988	 0.100213277641631 
989	 0.100582261730098 
990	 0.100488984277854 
991	 0.100307585962639 
992	 0.100225357930857 
993	 0.100561206582647 
994	 0.101135690482218 
995	 0.101656956364518 
996	 0.103752142035904 
997	 0.102469682192887 
998	 0.100438378324639 
999	 0.103254664785842 
1000	 0.103755756019391 
1001	 0.105508441679765 
1002	 0.106145863859001 
1003	 0.106591896099806 
1004	 0.106798783406908 
1005	 0.106954530500903 
1006	 0.107079196934397 
1007	 0.107158129160182 
1008	 0.106980186700999 
1009	 0.107110268065859 
1010	 0.10707521013216 
1011	 0.107304477480176 
1012	 0.107965650557108 
1013	 0.108130537848412 
1014	 0.108392392209114 
1015	 0.108719410594617 
1016	 0.108978474962209 
1017	 0.108949083181473 
1018	 0.109376485542676 
1019	 0.110215903292472 
1020	 0.11067106734911 
1021	 0.111334582333422 
1022	 0.111514569383024 
1023	 0.111231402432154 
1024	 0.111420607757865 
1025	 0.111816909377741 
1026	 0.112464661420766 
1027	 0.112993447824819 
1028	 0.11386988641837 
1029	 0.114151662330987 
1030	 0.113989723117365 
1031	 0.114213974259793 
1032	 0.114390712130716 
1033	 0.114646735092678 
1034	 0.115129088543539 
1035	 0.115453304042655 
1036	 0.115679779759151 
1037	 0.11591551116464 
1038	 0.116087588992804 
1039	 0.116425057649958 
1040	 0.116548587935481 
1041	 0.116713029781868 
1042	 0.116938919921844 
1043	 0.117208579630439 
1044	 0.117400969928194 
1045	 0.117602531764867 
1046	 0.117820083539323 
1047	 0.117930022007535 
1048	 0.118204806168529 
1049	 0.118640853485042 
1050	 0.118973937173232 
1051	 0.119425070630242 
1052	 0.119678828720492 
1053	 0.119780734836139 
1054	 0.119913496797873 
1055	 0.119864504277259 
1056	 0.119946109650022 
1057	 0.120082260520134 
1058	 0.12036242140714 
1059	 0.120393194008559 
1060	 0.120286869320464 
1061	 0.120424715670596 
1062	 0.12046344176241 
1063	 0.120700094808572 
1064	 0.121433183915533 
1065	 0.121661382750353 
1066	 0.121676900873929 
1067	 0.121696771400918 
1068	 0.121476934074851 
1069	 0.121332765977864 
1070	 0.121138984823165 
1071	 0.121063999513909 
1072	 0.120978956585225 
1073	 0.12103579374038 
1074	 0.121001063964695 
1075	 0.121033652966797 
1076	 0.121016713652364 
1077	 0.120930793931746 
1078	 0.120879947188941 
1079	 0.120981473665401 
1080	 0.120856529353306 
1081	 0.120436180247267 
1082	 0.12030198692807 
1083	 0.120150798189319 
1084	 0.120120011409766 
1085	 0.120686241716058 
1086	 0.120614785730876 
1087	 0.119840971521277 
1088	 0.1196319151365 
1089	 0.11946629780674 
1090	 0.119228551718974 
1091	 0.119120837821869 
1092	 0.119616361501079 
1093	 0.119508718406095 
1094	 0.118979215465806 
1095	 0.118583460189912 
1096	 0.118014848400161 
1097	 0.117769324000587 
1098	 0.117485811542347 
1099	 0.117400770473405 
1100	 0.118094836619934 
1101	 0.117954656932323 
1102	 0.117110802359003 
1103	 0.116805140321059 
1104	 0.116423031610666 
1105	 0.115872620534578 
1106	 0.115881815613472 
1107	 0.116208393557768 
1108	 0.115773417167146 
1109	 0.115465512002212 
1110	 0.115419756121512 
1111	 0.115692953904382 
1112	 0.115392545350405 
1113	 0.114774383395374 
1114	 0.114597850945466 
1115	 0.114185340329539 
1116	 0.113884778671067 
1117	 0.115511823590427 
1118	 0.115044811614814 
1119	 0.109800414888671 
1120	 0.108291264535611 
1121	 0.108257725470246 
1122	 0.109631245490526 
1123	 0.113399402876348 
1124	 0.116454722628702 
1125	 0.115807505317261 
1126	 0.110987392537943 
1127	 0.107125855302587 
1128	 0.10793130641784 
1129	 0.107582140758802 
1130	 0.108336341321003 
1131	 0.106702287597704 
1132	 0.104310289693846 
1133	 0.102749880821929 
1134	 9.98825150429338E-02 
1135	 9.91289900453554E-02 
1136	 0.100756609202402 
1137	 0.100201783866151 
1138	 9.87048172995031E-02 
1139	 9.80982125221463E-02 
1140	 9.75022699573906E-02 
1141	 9.62458775758766E-02 
1142	 9.67972370257806E-02 
1143	 0.096575786763422 
1144	 9.35615591423039E-02 
1145	 9.17532423793905E-02 
1146	 9.15692982655248E-02 
1147	 9.01559285528844E-02 
1148	 8.88204994490719E-02 
1149	 8.79261741110138E-02 
1150	 8.69995639859414E-02 
1151	 8.54811972289972E-02 
1152	 8.46139781601481E-02 
1153	 8.40411384482864E-02 
1154	 8.38086450912042E-02 
1155	 8.38596079631737E-02 
1156	 8.35531493256335E-02 
1157	 8.28071660344897E-02 
1158	 8.31441439195751E-02 
1159	 8.33530080255497E-02 
1160	 0.083050701300696 
1161	 8.33524408521338E-02 
1162	 8.30933607558637E-02 
1163	 8.21539588171551E-02 
1164	 8.16662088319616E-02 
1165	 8.16659939849932E-02 
1166	 8.18965010780266E-02 
1167	 8.21323600637693E-02 
1168	 8.20136431695093E-02 
1169	 8.17627737752572E-02 
1170	 8.18515206343632E-02 
1171	 0.081815620027319 
1172	 8.18794126526992E-02 
1173	 8.19419784985434E-02 
1174	 8.20069001458005E-02 
1175	 8.18714580872089E-02 
1176	 8.18487565435157E-02 
1177	 8.20017752986103E-02 
1178	 8.21244467656338E-02 
1179	 8.20199685993318E-02 
1180	 8.18101138249246E-02 
1181	 0.081813280894805 
1182	 8.15884513606008E-02 
1183	 8.11887048545665E-02 
1184	 8.13045782817928E-02 
1185	 8.17332967774435E-02 
1186	 8.15576815407833E-02 
1187	 8.12055701039754E-02 
1188	 8.12657306441868E-02 
1189	 8.09645611945421E-02 
1190	 8.07106623861222E-02 
1191	 0.080933872869658 
1192	 8.09961100036746E-02 
1193	 8.08590434626069E-02 
1194	 8.06298205066609E-02 
1195	 0.080917514369943 
1196	 8.11828875018776E-02 
1197	 8.09689330796988E-02 
1198	 8.07837434255813E-02 
1199	 8.05588904885394E-02 
1200	 8.03108024482585E-02 
1201	 8.04689239846927E-02 
1202	 8.06140201710124E-02 
1203	 8.06920361485646E-02 
1204	 8.08945972300244E-02 
1205	 8.08523724237129E-02 
1206	 8.06738416222334E-02 
1207	 8.04769876645237E-02 
1208	 8.05263713486854E-02 
1209	 8.09132006294893E-02 
1210	 8.10886756228907E-02 
1211	 8.12387949409064E-02 
1212	 0.081383878707675 
1213	 8.12472032074303E-02 
1214	 8.11016906550844E-02 
1215	 8.09980179745933E-02 
1216	 8.10677145073109E-02 
1217	 8.11715077827749E-02 
1218	 8.13798181141398E-02 
1219	 0.081534814290854 
1220	 8.14070232305193E-02 
1221	 8.12857794043876E-02 
1222	 8.13463773750305E-02 
1223	 8.15349104750751E-02 
1224	 8.20815069756672E-02 
1225	 8.25165893250334E-02 
1226	 8.23919043741836E-02 
1227	 8.23378611896293E-02 
1228	 8.24802461070903E-02 
1229	 8.25178857831657E-02 
1230	 8.25700761586206E-02 
1231	 0.082714396943884 
1232	 0.082884656790576 
1233	 0.08305884087007 
1234	 8.33844035199862E-02 
1235	 8.35843229847707E-02 
1236	 8.36695563503724E-02 
1237	 8.37265510305454E-02 
1238	 8.37199628285987E-02 
1239	 8.38432536559709E-02 
1240	 8.38775851379481E-02 
1241	 8.40109878529741E-02 
1242	 8.42339653132647E-02 
1243	 8.42456864457102E-02 
1244	 8.42124076177165E-02 
1245	 8.44600736933743E-02 
1246	 8.47500163021823E-02 
1247	 8.47028297293818E-02 
1248	 8.45419584901747E-02 
1249	 8.46278102166184E-02 
1250	 8.46371011647988E-02 
1251	 0.084615617797126 
1252	 8.50829696205832E-02 
1253	 8.53199979280416E-02 
1254	 8.51256135448797E-02 
1255	 8.52969752572189E-02 
1256	 8.53694705993359E-02 
1257	 8.51439706678547E-02 
1258	 8.50776943414408E-02 
1259	 8.52777236016438E-02 
1260	 8.53459617187198E-02 
1261	 8.52643181281206E-02 
1262	 8.53106149061381E-02 
1263	 8.55288376824581E-02 
1264	 8.55059232075963E-02 
1265	 8.54085717929553E-02 
1266	 8.55368195992352E-02 
1267	 8.55825950614889E-02 
1268	 8.52919576547894E-02 
1269	 8.49368059765869E-02 
1270	 8.49100328775887E-02 
1271	 0.085151893743338 
1272	 8.52419630326816E-02 
1273	 8.52143782364911E-02 
1274	 8.52779924172416E-02 
1275	 8.50341680836711E-02 
1276	 8.48220842231332E-02 
1277	 8.51368267136559E-02 
1278	 8.52256625154699E-02 
1279	 8.47865499141005E-02 
1280	 8.44395801610219E-02 
1281	 8.43528180556457E-02 
1282	 8.43265220071708E-02 
1283	 8.41215411273849E-02 
1284	 8.40910378557459E-02 
1285	 8.40537134697637E-02 
1286	 8.37368264309213E-02 
1287	 8.35066047239343E-02 
1288	 8.36567290123089E-02 
1289	 0.083492203428841 
1290	 8.29670430242236E-02 
1291	 8.25761795386694E-02 
1292	 8.26803738637011E-02 
1293	 8.25346680920911E-02 
1294	 8.20685217043854E-02 
1295	 8.18215970167236E-02 
1296	 8.16558110391527E-02 
1297	 8.13988952240444E-02 
1298	 8.11845583151164E-02 
1299	 8.08696816611777E-02 
1300	 8.04860553490982E-02 
1301	 0.08017071050474 
1302	 8.01199622615688E-02 
1303	 7.99207843708449E-02 
1304	 7.94962453885051E-02 
1305	 7.91586060873861E-02 
1306	 0.078782255171386 
1307	 0.07881678926127 
1308	 7.84425780928415E-02 
1309	 7.73919628485835E-02 
1310	 7.68721972536877E-02 
1311	 7.66271873434938E-02 
1312	 7.63083761069121E-02 
1313	 0.076366687987399 
1314	 7.59284486736962E-02 
1315	 7.49197447273132E-02 
1316	 7.44536313639808E-02 
1317	 7.43372082173428E-02 
1318	 7.38222635629048E-02 
1319	 7.31151564315871E-02 
1320	 7.28181078042801E-02 
1321	 7.26416614986814E-02 
1322	 7.19680793507199E-02 
1323	 7.12000724291535E-02 
1324	 7.08967333493615E-02 
1325	 7.04617277086735E-02 
1326	 6.99583653243056E-02 
1327	 6.98453279785491E-02 
1328	 6.96881508532361E-02 
1329	 6.91400646885571E-02 
1330	 6.84036722755763E-02 
1331	 6.75864994087178E-02 
1332	 6.70696299530103E-02 
1333	 6.66140553406043E-02 
1334	 6.54950674328278E-02 
1335	 6.47135983569775E-02 
1336	 6.50581164306878E-02 
1337	 6.50407573739394E-02 
1338	 6.41196830847984E-02 
1339	 6.34551124712232E-02 
1340	 0.063664731521531 
1341	 6.36748105434737E-02 
1342	 6.30339896595933E-02 
1343	 6.30060986290129E-02 
1344	 6.38543316609953E-02 
1345	 6.39183687989486E-02 
1346	 0.063347789627721 
1347	 6.30188843816176E-02 
1348	 0.063294398283034 
1349	 6.33185137481553E-02 
1350	 5.91084644523288E-02 
1351	 0.059681769031101 
1352	 7.73689247660205E-02 
1353	 0.085564632363428 
1354	 8.24364266786074E-02 
1355	 9.06830618087677E-02 
1356	 8.67648287250118E-02 
1357	 2.78342068320155E-02 
1358	-5.55051183329969E-03 
1359	 2.45024593103883E-02 
1360	 6.16377370450124E-02 
1361	 8.25944388193808E-02 
1362	 0.117839956784239 
1363	 0.194286037722238 
1364	 0.261214085629895 
1365	 0.30444058782462 
1366	 0.244422158949148 
1367	 0.164993468684274 
1368	 0.197683404535568 
1369	 0.193819876975089 
1370	 0.218938886771588 
1371	 0.423169735241802 
1372	 0.463866677165838 
1373	 0.530101954294634 
1374	 0.466099026876245 
1375	 0.181243924347949 
1376	 0.21828170799292 
1377	 0.552408809738215 
1378	 0.513291244168593 
1379	 0.34508243507917 
1380	 0.357357154896034 
1381	-4.04154169810409E-02 
1382	-7.14820584355978E-02 
1383	 0.57320888587817 
1384	 0.779507808136596 
1385	 0.483625080654828 
1386	 0.487069225808359 
1387	 0.636876992458932 
1388	 0.543300552408789 
1389	 0.131356116225172 
1390	 0.241987351561932 
1391	 0.441895946554616 
1392	 0.415471920230892 
1393	 0.718017065203174 
1394	 1.45479325026893 
1395	 1.58073710357828 
1396	 1.30358188958707 
1397	 0.635649574748967 
1398	 0.242490087801859 
1399	 0.286246512003807 
1400	 0.629199479160559 
1401	 0.434575865001917 
1402	 0.682017672936239 
1403	 1.38865497339003 
1404	 0.701660327323979 
1405	 0.442711905840929 
1406	 0.336992207571555 
1407	 0.280824538281945 
1408	 0.136730147441955 
1409	 0.135062122655581 
1410	 0.301705853534863 
1411	 0.227918372110179 
1412	 6.78354553965397E-02 
1413	 3.67370034379053E-02 
1414	-1.71319047905035E-02 
1415	-5.52512915837612E-03 
1416	 7.87557692006255E-02 
1417	 7.18611126884614E-02 
1418	 5.05611875266785E-02 
1419	 0.032980415213605 
1420	-2.09091409144025E-02 
1421	-1.51418496886184E-02 
1422	 2.24723274397551E-02 
1423	 2.64854479446611E-02 
1424	 2.74713231217975E-02 
1425	 3.09267395451328E-02 
1426	 2.93040159730282E-02 
1427	 2.65572528416139E-02 
1428	 2.43340633980926E-02 
1429	 2.76213838908747E-02 
1430	 3.36251337555175E-02 
1431	 0.030865445071442 
1432	 0.024822592669301 
1433	 2.68585948416506E-02 
1434	 2.82033774618548E-02 
1435	 2.44896020908266E-02 
1436	 1.88394986924173E-02 
1437	 2.77419444883271E-02 
1438	 2.73212289462253E-02 
1439	 2.12426861378483E-02 
1440	 1.71090553385877E-02 
1441	 1.35271610406027E-02 
1442	 1.09103728170716E-02 
1443	 1.10675659365677E-02 
1444	 2.04109136933528E-02 
1445	 2.45436046526001E-02 
1446	 2.02786813445144E-02 
1447	 2.04031736465536E-02 
1448	 1.99741516343046E-02 
1449	 1.68453612660276E-02 
1450	 1.80264867854459E-02 
1451	 1.98556965297808E-02 
1452	 1.85807048357416E-02 
1453	 1.89756877554515E-02 
1454	 0.019460579555573 
1455	 1.98040351835896E-02 
1456	 1.94966385062897E-02 
1457	 1.93310683002004E-02 
1458	 1.93759812052309E-02 
1459	 1.88635221787107E-02 
1460	 1.89715857588627E-02 
1461	 2.04724290434107E-02 
1462	 2.01484150134881E-02 
1463	 1.78167602716932E-02 
1464	 1.77810042915185E-02 
1465	 1.89249831118835E-02 
1466	 1.87110603031112E-02 
1467	 0.018923459478313 
1468	 1.97183789819857E-02 
1469	 1.96558505910829E-02 
1470	 1.86479737977808E-02 
1471	 1.81184600917261E-02 
1472	 1.88541324204197E-02 
1473	 1.84195242171733E-02 
1474	 0.018433562696072 
1475	 2.07505118693812E-02 
1476	 2.13026473843092E-02 
1477	 2.04778524072103E-02 
1478	 2.01572791925747E-02 
1479	 1.98542768250753E-02 
1480	 1.97962781413734E-02 
1481	 0.019143207145343 
1482	 1.92709892930009E-02 
1483	 2.07648161861505E-02 
1484	 0.0208556352117 
1485	 1.99862545535731E-02 
1486	 2.00494348436784E-02 
1487	 2.00800496107084E-02 
1488	 2.02553294354479E-02 
1489	 2.11959727002899E-02 
1490	 2.13610971136962E-02 
1491	 2.08695109765859E-02 
1492	 2.07693459270294E-02 
1493	 2.08794239252598E-02 
1494	 2.07768410812859E-02 
1495	 2.03909633399622E-02 
1496	 2.05269437767041E-02 
1497	 2.08906802612103E-02 
1498	 2.09715384380291E-02 
1499	 2.11938411525477E-02 
1500	 2.15024264113844E-02 
1501	 2.16405665205777E-02 
1502	 2.17940317473126E-02 
1503	 0.022149601432899 
1504	 0.022450458193278 
1505	 0.02263706389862 
1506	 2.27802822952102E-02 
1507	 2.31148615680172E-02 
1508	 0.023324828517546 
1509	 2.33724646519038E-02 
1510	 2.35343750632917E-02 
1511	 2.37381211541097E-02 
1512	 2.38584217087111E-02 
1513	 2.38692416309684E-02 
1514	 2.41314133965286E-02 
1515	 2.47647619785638E-02 
1516	 2.50159255893261E-02 
1517	 2.48701392302772E-02 
1518	 0.024887639998394 
1519	 2.48336099393267E-02 
1520	 2.48077048981863E-02 
1521	 2.52372737628182E-02 
1522	 2.55947199504429E-02 
1523	 2.55511795077269E-02 
1524	 2.56159203442198E-02 
1525	 2.58945401014993E-02 
1526	 2.61826991622564E-02 
1527	 2.63877686385795E-02 
1528	 2.65047419861469E-02 
1529	 2.65803017125805E-02 
1530	 2.67048587753189E-02 
1531	 2.70772980336731E-02 
1532	 2.74238052060202E-02 
1533	 2.76508425323728E-02 
1534	 2.78202592953905E-02 
1535	 2.77640760618099E-02 
1536	 2.79356416414656E-02 
1537	 2.83489655970535E-02 
1538	 2.85627353559503E-02 
1539	 2.87654496703251E-02 
1540	 0.029027768398495 
1541	 0.029156346609394 
1542	 2.93257409222046E-02 
1543	 2.96174262766471E-02 
1544	 2.97743643734314E-02 
1545	 2.97930112702526E-02 
1546	 2.99093889625813E-02 
1547	 3.02471585911954E-02 
1548	 3.06027079274247E-02 
1549	 3.07939994547475E-02 
1550	 3.09721891857517E-02 
1551	 0.031041584872853 
1552	 3.10557942414433E-02 
1553	 3.12832927940218E-02 
1554	 3.14949715241402E-02 
1555	 3.17702499946015E-02 
1556	 3.20782061213441E-02 
1557	 3.21179557921801E-02 
1558	 3.23292208147326E-02 
1559	 3.26924602447767E-02 
1560	 3.28004928874345E-02 
1561	 3.27783604789517E-02 
1562	 3.29210073657499E-02 
1563	 3.32484826777822E-02 
1564	 0.033352204231662 
1565	 3.33967774941981E-02 
1566	 3.36985988308827E-02 
1567	 3.39130336702314E-02 
1568	 3.40041061954997E-02 
1569	 3.42109917876255E-02 
1570	 3.44060992167411E-02 
1571	 3.44444919177173E-02 
1572	 3.45452467498179E-02 
1573	 3.48320457313843E-02 
1574	 3.50159302112508E-02 
1575	 3.51733577541952E-02 
1576	 3.53545877863423E-02 
1577	 3.53644253542769E-02 
1578	 3.55324736539485E-02 
1579	 3.59182572524226E-02 
1580	 3.62162014566106E-02 
1581	 3.64471977616979E-02 
1582	 3.67264719849694E-02 
1583	 0.036860664840322 
1584	 3.65863021584913E-02 
1585	 3.64236550906626E-02 
1586	 3.66931635236161E-02 
1587	 3.67889434515172E-02 
1588	 3.68550112256192E-02 
1589	 3.73289328902456E-02 
1590	 3.76799369543722E-02 
1591	 3.76719386932711E-02 
1592	 3.78244730995581E-02 
1593	 3.80797913116415E-02 
1594	 3.80236354569022E-02 
1595	 3.80567722281826E-02 
1596	 0.038446017034951 
1597	 3.86546469037739E-02 
1598	 3.85554478356605E-02 
1599	 3.84163187801918E-02 
1600	 3.83798015854084E-02 
1601	 3.85298694568797E-02 
1602	 3.86891514877342E-02 
1603	 3.87448953963348E-02 
1604	 3.89342128615234E-02 
1605	 3.92273853930918E-02 
1606	 0.03937882620064 
1607	 3.96010187426984E-02 
1608	 3.97360720701163E-02 
1609	 3.92772886377502E-02 
1610	 3.90422302073868E-02 
1611	 3.95792388293519E-02 
1612	 4.00087395539349E-02 
1613	 4.01983790513296E-02 
1614	 0.040363482177731 
1615	 4.03190776947333E-02 
1616	 4.02316205858312E-02 
1617	 4.04185030737932E-02 
1618	 4.06413091188135E-02 
1619	 4.05061337437686E-02 
1620	 4.05636420493973E-02 
1621	 4.09563784466241E-02 
1622	 4.10632100424453E-02 
1623	 4.10746252380494E-02 
1624	 4.12032374725744E-02 
1625	 0.041102413507727 
1626	 4.10541258110313E-02 
1627	 4.14319182906077E-02 
1628	 4.16696439997958E-02 
1629	 0.041785280363558 
1630	 4.19052108097456E-02 
1631	 4.15275654862159E-02 
1632	 4.15237089625861E-02 
1633	 4.20253155478423E-02 
1634	 4.20036298572668E-02 
1635	 4.19998357332389E-02 
1636	 4.21604086210757E-02 
1637	 4.18848488550312E-02 
1638	 4.19895141001446E-02 
1639	 4.28768197545894E-02 
1640	 4.31055697633754E-02 
1641	 4.25753409213669E-02 
1642	 4.24892704534324E-02 
1643	 4.26580262360956E-02 
1644	 4.26434071119409E-02 
1645	 4.27616017680246E-02 
1646	 4.30252780633019E-02 
1647	 0.042974097895723 
1648	 4.28964500884794E-02 
1649	 4.32709541692797E-02 
1650	 0.043334892618497 
1651	 4.28847087470607E-02 
1652	 4.29362154293157E-02 
1653	 4.33780560269794E-02 
1654	 4.34507820976374E-02 
1655	 4.35094266604739E-02 
1656	 4.34488880872502E-02 
1657	 4.29054017924102E-02 
1658	 4.29712636125001E-02 
1659	 4.36768601662129E-02 
1660	 4.36445053747351E-02 
1661	 4.33463858911042E-02 
1662	 4.33888132287319E-02 
1663	 4.31592875541407E-02 
1664	 4.31230066725427E-02 
1665	 4.36152511543567E-02 
1666	 4.37109351056615E-02 
1667	 0.043343435019704 
1668	 4.36611594331128E-02 
1669	 4.37422154413908E-02 
1670	 0.043653663505234 
1671	 4.35467376001661E-02 
1672	 4.33149526250283E-02 
1673	 4.36070893078733E-02 
1674	 4.38573403835804E-02 
1675	 4.37750326455091E-02 
1676	 4.38004254633286E-02 
1677	 4.37070173589471E-02 
1678	 4.35486118008862E-02 
1679	 4.35789317865766E-02 
1680	 4.35766347667071E-02 
1681	 4.34693231342399E-02 
1682	 4.35802387591018E-02 
1683	 4.36975761354563E-02 
1684	 4.37543873909209E-02 
1685	 4.38100656031122E-02 
1686	 4.35342721340345E-02 
1687	 4.32583150594185E-02 
1688	 4.34328171559901E-02 
1689	 4.37020844732835E-02 
1690	 4.37624116134116E-02 
1691	 4.37118833455509E-02 
1692	 4.36135685040807E-02 
1693	 4.34055478697337E-02 
1694	 4.30395768641138E-02 
1695	 4.31137918703117E-02 
1696	 4.32467842292562E-02 
1697	 4.27442983562214E-02 
1698	 4.29189535651723E-02 
1699	 4.34436793013167E-02 
1700	 4.30592753301528E-02 
1701	 4.27929103411118E-02 
1702	 4.28197032702642E-02 
1703	 0.04252598974359 
1704	 4.24574442229909E-02 
1705	 4.26000554235647E-02 
1706	 4.23604842513895E-02 
1707	 4.19957050925457E-02 
1708	 0.041933082461522 
1709	 4.19103192085944E-02 
1710	 4.16776799114936E-02 
1711	 0.041611847508781 
1712	 0.041922475434109 
1713	 4.20693925811037E-02 
1714	 4.20582260600317E-02 
1715	 4.20588779377331E-02 
1716	 4.19767896908486E-02 
1717	 4.15566748912393E-02 
1718	 4.14167783450881E-02 
1719	 4.11513490963008E-02 
1720	 4.09213361570547E-02 
1721	 4.16013700364405E-02 
1722	 4.22313394309413E-02 
1723	 4.15583647178055E-02 
1724	 4.08452182556022E-02 
1725	 4.09245562317553E-02 
1726	 4.09630791158109E-02 
1727	 4.08601611618578E-02 
1728	 4.05424068946434E-02 
1729	 3.98376596976435E-02 
1730	 3.94376479293573E-02 
1731	 3.96637668870109E-02 
1732	 4.00650031372253E-02 
1733	 4.01678768897213E-02 
1734	 3.97259773615017E-02 
1735	 3.91793024050019E-02 
1736	 3.91017414494126E-02 
1737	 3.91231826471119E-02 
1738	 3.89234265194296E-02 
1739	 3.90789505317596E-02 
1740	 3.94604495871261E-02 
1741	 3.94160629533055E-02 
1742	 3.91245759756423E-02 
1743	 3.88651686272745E-02 
1744	 3.85756562272728E-02 
1745	 3.84986792515471E-02 
1746	 3.91187690937615E-02 
1747	 3.91089119411444E-02 
1748	 3.84995184258904E-02 
1749	 3.85237472691337E-02 
1750	 3.87820811671313E-02 
1751	 3.82904952613882E-02 
1752	 3.74449993316131E-02 
1753	 3.74497976943225E-02 
1754	 3.76380273924255E-02 
1755	 0.037518723481817 
1756	 3.81482767927533E-02 
1757	 3.74858661096971E-02 
1758	 3.62190803873291E-02 
1759	 3.62600103747045E-02 
1760	 3.69406908724097E-02 
1761	 3.68987892205407E-02 
1762	 3.71841705717871E-02 
1763	 3.67558186391939E-02 
1764	 3.53440754102239E-02 
1765	 3.56341579168996E-02 
1766	 3.60482272660411E-02 
1767	 3.57390143160322E-02 
1768	 3.65497072783941E-02 
1769	 3.58319323743679E-02 
1770	 3.41884677440473E-02 
1771	 3.40902128663502E-02 
1772	 3.36964739396007E-02 
1773	 3.41464030007463E-02 
1774	 3.57333705643636E-02 
1775	 3.54482593809988E-02 
1776	 3.50940452355023E-02 
1777	 3.20243771339412E-02 
1778	 0.031777619807303 
1779	 3.53642037418703E-02 
1780	 3.58668671212438E-02 
1781	 3.60938432683135E-02 
1782	 3.58820164139564E-02 
1783	 3.19910606967208E-02 
1784	 3.09847885270805E-02 
1785	 3.25181044538959E-02 
1786	 3.27431434613541E-02 
1787	 3.34064227016725E-02 
1788	 0.034200368015053 
1789	 3.50357886115102E-02 
1790	 3.60721960131319E-02 
1791	 3.39964880827336E-02 
1792	 3.13350291234818E-02 
1793	 3.13736909555843E-02 
1794	 3.13960137779952E-02 
1795	 3.50553382833609E-02 
1796	 3.92691659688882E-02 
1797	 3.98630203108253E-02 
1798	 4.00452937786017E-02 
1799	 3.82565886365714E-02 
1800	 2.95086647859528E-02 
1801	 2.68763469793965E-02 
1802	 2.74973980846537E-02 
1803	 2.69762103713203E-02 
1804	 4.31463699832842E-02 
1805	 4.96343324988459E-02 
1806	 4.31051693101798E-02 
1807	 4.11719267334644E-02 
1808	 0.021531564056047 
1809	 7.14510756355344E-03 
1810	-4.26109450680788E-03 
1811	-9.87278977683489E-03 
1812	 1.57863643119512E-02 
1813	 5.20315101200298E-02 
1814	 0.140621633468418 
1815	 0.212216736091406 
1816	 0.2780552770349 
1817	 0.241317539659274 
1818	-0.130224835243362 
1819	-0.699167210116069 
1820	-0.491140208337508 
1821	-0.140033157894882 
1822	 0.160230193310522 
1823	 0.995937777839854 
1824	 1.197553688307 
1825	 0.678936665467151 
1826	 0.443912879169512 
1827	-0.617297870580898 
1828	-0.97118417836389 
1829	-1.1045375349656 
1830	-0.871418782898642 
1831	-0.874493158208594 
1832	-1.10678162463976 
1833	-1.00707471319234 
1834	-0.878698231860928 
1835	 4.986033243874 
1836	 43.5590493470196 
1837	 7.19170546146982E-02 
1838	-0.159508975615357 
1839	-1.12443045871485 
1840	-0.911094487266911 
1841	 0.126158122723889 
1842	 0.849345878669583 
1843	 1.03414273135824 
1844	 0.762793976793461 
1845	 0.847421325229698 
1846	 1.13186258647597 
1847	 0.86281482164677 
1848	-8.38792972815462 
1849	-2.46899128973344 
1850	 0.564257705899344 
1851	 0.483460253702407 
1852	 0.465023671335519 
1853	 0.263482571656597 
1854	 0.102685839517201 
1855	-2.4785014027893 
1856	-5.32495425855167 
1857	-0.816759950458619 
1858	-0.568451057256279 
1859	-0.345392914227597 
1860	-0.327990720747146 
1861	-0.531878391451438 
1862	-1.11953528579921 
1863	-3.01852425347794 
1864	 0.257330433068616 
1865	-3.73909304965237E-02 
1866	-0.556692852112754 
1867	-1.29882406793691 
1868	 1.08922210658225 
1869	 0.673043644021627 
1870	 1.36458203308626 
1871	 1.17540542570865 
1872	-12.3900562914789 
1873	-0.409322596942411 
1874	-2.88550961290875 
1875	 8.95205892801298 
1876	-10.9258409931282 
1877	-0.689852503891606 
1878	-0.841951697465339 
1879	 5.92864223766226 
1880	 2.94542477502388 
1881	 1.16853723949446 
1882	 1.11908303488497 
1883	-1.49017510030157 
1884	-0.933127695613391 
1885	-0.908852189713395 
1886	-1.15878420955355 
1887	-1.65707947771878 
1888	-0.122999642815322 
1889	 1.19221401129113 
1890	-0.229411556297204 
1891	-0.227395901747639 
1892	 6.06475902106881E-02 
1893	 0.672656984300274 
1894	 0.760357496485907 
1895	 2.58739144500645 
1896	-3.50987344004292 
1897	-8.5756289783206 
1898	-2.93257576549028 
1899	-0.483173615537666 
1900	-0.214338546485832 
1901	 0.342009018584952 
1902	 0.298887110893427 
1903	 2.34872263872653 
1904	-1.36772284044962 
1905	 5.27151874139028E-02 
1906	 6.0611084319825 
1907	-2.29905584998708 
1908	 1.86520709111473 
1909	 7.96417583235179 
1910	 30.4979838279352 
1911	 5.49537884303257 
1912	-9.33410599944845 
1913	-6.46535135531719 
1914	-0.740553133873636 
1915	-1.44171281618556 
1916	-423.798425394204 
1917	 0.633173083428659 
1918	-0.135934275457258 
1919	-0.209084906795761 
1920	-0.43868554110063 
1921	-1.87761751429303 
1922	-1.18985009094391 
1923	-1.4566707084445 
1924	 151.168171163827 
1925	 1.64456039589209 
1926	-0.512204797981062 
1927	-0.389813491745597 
1928	 6.00047112333429E-02 
1929	 1.41815415811159 
1930	-1.38396676387129 
1931	 0.523962015957381 
1932	 7.68552938627533E-02 
1933	-0.122110803178194 
1934	-2.13629711983484E-02 
1935	 1.31503042226775E-02 
1936	 3.37246695651924E-03 
1937	 0.117269169903664 
1938	 0.138606568546892 
1939	 0.112544110913632 
1940	 3.38033386383476E-02 
1941	 1.71091192286343E-02 
1942	-2.56416674367455E-02 
1943	-3.77587344880935E-02 
1944	-1.50703717533129E-02 
1945	 1.45457949569049E-02 
1946	 3.66990868035091E-02 
1947	 0.049611048925093 
1948	 3.61060943438974E-02 
1949	 2.00869133990327E-02 
1950	 2.89379083387854E-03 
1951	-2.39293296117574E-02 
1952	-2.27206165466853E-02 
1953	-6.72914776285776E-03 
1954	 1.19671781355561E-02 
1955	 3.38830838596446E-02 
1956	 4.62025815625229E-02 
1957	 4.36520622072661E-02 
1958	 4.11543919948067E-02 
1959	 2.94903849396134E-02 
1960	 2.37738564081121E-02 
1961	 2.03924330130101E-02 
1962	 0.010547759830859 
1963	 4.54686969195265E-03 
1964	 2.01432514254192E-03 
1965	 3.85031653050734E-03 
1966	 4.8776129146363E-03 
1967	 7.28117537735178E-03 
1968	 6.74921130505106E-03 
1969	 7.4260329056412E-03 
1970	 7.41931042834086E-03 
1971	 6.18632513905183E-03 
1972	 7.73444789302756E-03 
1973	 9.50938560036033E-03 
1974	 8.85444247906863E-03 
1975	 9.02472061014218E-03 
1976	 0.010195190418033 
1977	 1.01112286102048E-02 
1978	 0.010093877656544 
1979	 1.01388626396979E-02 
1980	 1.05700407738139E-02 
1981	 9.70813390214498E-03 
1982	 8.38728711605194E-03 
1983	 7.85518945471272E-03 
1984	 7.43360506528933E-03 
1985	 6.22216092761405E-03 
1986	 6.12277163921075E-03 
1987	 7.05997437652101E-03 
1988	 7.20016349343103E-03 
1989	 6.93952397768092E-03 
1990	 7.10578262840003E-03 
1991	 7.96311841290114E-03 
1992	 8.41314961982965E-03 
1993	 9.11775409612923E-03 
1994	 9.28406951875761E-03 
1995	 9.35752493713463E-03 
1996	 6.69276706623497E-03 
1997	 6.42290263349601E-03 
1998	 8.44423312592733E-03 
1999	 7.74015235948582E-03 
2000	 9.27253504496526E-03 
2001	 1.09136423898163E-02 
2002	 8.77251043981743E-03 
2003	 9.21011889780974E-03 
2004	 9.26765462783579E-03 
2005	 8.81776273725438E-03 
2006	 1.13240505782272E-02 
2007	 1.37789046035112E-02 
2008	 1.46609822124539E-02 
2009	 1.41343457042172E-02 
2010	 8.25667454864944E-03 
2011	 6.77264199291118E-03 
2012	 6.04110604523527E-03 
2013	 8.41197015222341E-03 
2014	 8.77913264257659E-03 
2015	 7.86335526352857E-03 
2016	 3.90775152421873E-03 
2017	 2.53737856198499E-03 
2018	 5.04625666322496E-03 
2019	 5.97424468580988E-03 
2020	 8.32369003579769E-03 
2021	 9.05741146591839E-03 
2022	 7.44148991478706E-03 
2023	 7.01584908867994E-03 
2024	 7.48414391724492E-03 
2025	 9.05561529786888E-03 
2026	 9.25043479993222E-03 
2027	 9.47913585117008E-03 
2028	 9.52496089947851E-03 
2029	 9.2507909609402E-03 
2030	 8.1551845476914E-03 
2031	 8.24141542189565E-03 
2032	 9.93677361053202E-03 
2033	 1.07491194780511E-02 
2034	 1.12273897951451E-02 
2035	 1.15469860731368E-02 
2036	 1.12707876515435E-02 
2037	 1.18068756749333E-02 
2038	 1.17118996501667E-02 
2039	 1.13300232839191E-02 
2040	 1.10239956858166E-02 
2041	 1.05951816712698E-02 
2042	 8.99315526030981E-03 
2043	 8.63571286604955E-03 
2044	 9.15633153178269E-03 
2045	 9.17235500484423E-03 
2046	 9.78053167732574E-03 
2047	 1.07095738116763E-02 
2048	 1.14931639474955E-02 
2049	 1.20400838639174E-02 
2050	 1.14803985261205E-02 
2051	 1.10934211231673E-02 
2052	 1.03917928707861E-02 
2053	 9.56153902744199E-03 
2054	 9.89369543949574E-03 
2055	 1.02569819956798E-02 
2056	 1.04102170296073E-02 
2057	 0.010549359161196 
2058	 1.12701170940922E-02 
2059	 1.25395980787182E-02 
2060	 0.012752619714161 
2061	 1.29933612885571E-02 
2062	 1.29935990125202E-02 
2063	 1.25831170404326E-02 
2064	 1.19434438158799E-02 
2065	 1.21533088063445E-02 
2066	 1.38294134407767E-02 
2067	 1.46950864129326E-02 
2068	 1.50531061089721E-02 
2069	 1.42624665126625E-02 
2070	 0.01264980258619 
2071	 1.20590571531953E-02 
2072	 1.17369181198028E-02 
2073	 1.14767276592057E-02 
2074	 1.19815427411303E-02 
2075	 1.25990306479719E-02 
2076	 1.30289167891203E-02 
2077	 1.35736912525416E-02 
2078	 1.51518980080453E-02 
2079	 1.57812944550622E-02 
2080	 1.58010047243133E-02 
2081	 1.57307238010299E-02 
2082	 1.56312112968187E-02 
2083	 1.58558474765841E-02 
2084	 1.55041295807331E-02 
2085	 1.45808425551942E-02 
2086	 1.50597280887068E-02 
2087	 1.50865178329108E-02 
2088	 1.44009878984067E-02 
2089	 1.50418001761835E-02 
2090	 1.42808433159425E-02 
2091	 1.35259380173477E-02 
2092	 1.36391514973159E-02 
2093	 1.48118433361719E-02 
2094	 0.014849007352551 
2095	 1.47857603097447E-02 
2096	 1.49638523155371E-02 
2097	 1.49109097500235E-02 
2098	 1.50924196468409E-02 
2099	 1.58524824377844E-02 
2100	 1.56435286811057E-02 
2101	 1.60552137504522E-02 
2102	 1.65221359559391E-02 
2103	 1.62161610406517E-02 
2104	 0.016437869658054 
2105	 1.60876612433544E-02 
2106	 1.53262807333939E-02 
2107	 1.57025078919965E-02 
2108	 1.56762225182496E-02 
2109	 1.59279648635364E-02 
2110	 0.016742193253554 
2111	 1.60707228896739E-02 
2112	 1.57935085462466E-02 
2113	 1.57473617903733E-02 
2114	 1.55378665011515E-02 
2115	 0.015127681489525 
2116	 1.49027716560413E-02 
2117	 1.48750608252545E-02 
2118	 1.39552148907103E-02 
2119	 0.014134500636866 
2120	 1.52561866447278E-02 
2121	 1.67958968243731E-02 
2122	 1.77285665159305E-02 
2123	 1.87509915130743E-02 
2124	 1.82721055379695E-02 
2125	 1.78598462303812E-02 
2126	 1.81210777694685E-02 
2127	 1.80551411886851E-02 
2128	 1.81957383575775E-02 
2129	 1.79145089489897E-02 
2130	 1.72645655115757E-02 
2131	 1.70731096702283E-02 
2132	 1.72097341570495E-02 
2133	 1.78754235681717E-02 
2134	 1.82516623157556E-02 
2135	 1.87150299527568E-02 
2136	 1.86036587291454E-02 
2137	 1.80576005593235E-02 
2138	 1.77480621919092E-02 
2139	 1.68639073948729E-02 
2140	 1.71293431953871E-02 
2141	 1.87899253455615E-02 
2142	 1.91065348103351E-02 
2143	 1.92433513268189E-02 
2144	 1.90819992781239E-02 
2145	 1.92884461809573E-02 
2146	 1.87914337526139E-02 
2147	 1.90140686273307E-02 
2148	 1.98751608027039E-02 
2149	 1.91780853863528E-02 
2150	 1.82406889720548E-02 
2151	 1.88701365442172E-02 
2152	 1.91701781803765E-02 
2153	 1.82948178799241E-02 
2154	 0.018507658793532 
2155	 1.87965153398945E-02 
2156	 1.86430844276575E-02 
2157	 1.84371609852762E-02 
2158	 1.85755704393656E-02 
2159	 1.85583583937389E-02 
2160	 1.80211847706756E-02 
2161	 0.017566377943717 
2162	 1.77595161970234E-02 
2163	 1.73317041227102E-02 
2164	 1.51614512522315E-02 
2165	 1.54547894919602E-02 
2166	 1.79375778246664E-02 
2167	 1.86081434368667E-02 
2168	 1.98086269131794E-02 
2169	 2.04016781883114E-02 
2170	 1.98389010325078E-02 
2171	 1.83597918786435E-02 
2172	 1.75286221277389E-02 
2173	 1.79939507689173E-02 
2174	 1.89079145315652E-02 
2175	 1.95689490184297E-02 
2176	 2.09872809223446E-02 
2177	 2.09395088799554E-02 
2178	 1.90281174772561E-02 
2179	 1.80453560654276E-02 
2180	 0.017862832323685 
2181	 0.018274747578681 
2182	 1.86011619810766E-02 
2183	 1.92259034774843E-02 
2184	 2.07585107729837E-02 
2185	 0.020906055552757 
2186	 2.07072008290757E-02 
2187	 2.06496164302721E-02 
2188	 2.04070370139046E-02 
2189	 1.85202028838379E-02 
2190	 1.82674891185243E-02 
2191	 1.92497601044337E-02 
2192	 1.95536677496507E-02 
2193	 2.05078638457779E-02 
2194	 2.02638537940534E-02 
2195	 1.86716966948385E-02 
2196	 1.85113191013018E-02 
2197	 1.83810251433168E-02 
2198	 0.017770534842968 
2199	 1.76100767686945E-02 
2200	 1.85016723851981E-02 
2201	 1.75505599886839E-02 
2202	 1.69432254934751E-02 
2203	 1.87079569922175E-02 
2204	 2.01463648808138E-02 
2205	 0.019762205499422 
2206	 2.05359008418976E-02 
2207	 2.03215066139726E-02 
2208	 1.84166469088349E-02 
2209	 1.85322691948292E-02 
2210	 1.84373086198098E-02 
2211	 1.84160762529591E-02 
2212	 1.85045628709178E-02 
2213	 1.69530210824859E-02 
2214	 1.65250278456325E-02 
2215	 1.68421957382772E-02 
2216	 1.70771253399354E-02 
2217	 1.80441992239342E-02 
2218	 2.04218902213559E-02 
2219	 2.15129743284964E-02 
2220	 2.36068934875657E-02 
2221	 2.28984799307636E-02 
2222	 1.88735879913732E-02 
2223	 1.86392719382582E-02 
2224	 1.80516893343408E-02 
2225	 1.84943346614091E-02 
2226	 2.32260394208629E-02 
2227	 2.47914780579111E-02 
2228	 2.47866344411342E-02 
2229	 2.40814121528742E-02 
2230	 2.18490210207373E-02 
2231	 2.04331218623168E-02 
2232	 1.76074839378224E-02 
2233	 1.68003835041208E-02 
2234	 1.84096103641907E-02 
2235	 1.77789483639948E-02 
2236	 1.64595225871961E-02 
2237	 1.59440739054444E-02 
2238	 1.48581504356373E-02 
2239	 1.53245201090814E-02 
2240	 1.72201441343344E-02 
2241	 0.019817558017196 
2242	 2.04048597693566E-02 
2243	 1.94001867931128E-02 
2244	 1.89722525317268E-02 
2245	 1.68031379269853E-02 
2246	 1.63253151375208E-02 
2247	 1.87179055046472E-02 
2248	 0.019456129930231 
2249	 2.04530362626986E-02 
2250	 2.21986089845123E-02 
2251	 2.04103256150461E-02 
2252	 0.01998830850682 
2253	 2.18634446261299E-02 
2254	 2.05834146750435E-02 
2255	 1.91188080024122E-02 
2256	 1.87477376038437E-02 
2257	 1.81370157008604E-02 
2258	 1.82944456828391E-02 
2259	 1.97352734554142E-02 
2260	 2.01865197397513E-02 
2261	 2.02359954262525E-02 
2262	 1.96337477935785E-02 
2263	 1.81262715474375E-02 
2264	 1.81792520203243E-02 
2265	 1.88922391555522E-02 
2266	 0.01932672114156 
2267	 2.06797612228283E-02 
2268	 1.93880094885228E-02 
2269	 0.015865979440983 
2270	 1.42157669909043E-02 
2271	 1.21929564485021E-02 
2272	 0.012075681012546 
2273	 1.39708861453543E-02 
2274	 1.44825101867313E-02 
2275	 1.42333172716503E-02 
2276	 1.50739857203951E-02 
2277	 1.80267702116925E-02 
2278	 1.81831799864548E-02 
2279	 1.70731629755198E-02 
2280	 1.74777132867056E-02 
2281	 1.64390824063577E-02 
2282	 1.54761042289927E-02 
2283	 1.87809014520561E-02 
2284	 0.020197167089295 
2285	 1.95747150551598E-02 
2286	 1.74362406326265E-02 
2287	 1.49552911812065E-02 
2288	 1.31026262480554E-02 
2289	 1.18491033129528E-02 
2290	 1.25258875950816E-02 
2291	 1.15872530762365E-02 
2292	 1.01691058395965E-02 
2293	 0.014465839225984 
2294	 1.82655841647978E-02 
2295	 1.96761707258994E-02 
2296	 2.36447160449654E-02 
2297	 2.30562895149691E-02 
2298	 1.84649829417028E-02 
2299	 1.94828071192279E-02 
2300	 2.11563758638292E-02 
2301	 2.32720798991988E-02 
2302	 2.62628934236969E-02 
2303	 2.24505745634844E-02 
2304	 1.95217717151157E-02 
2305	 1.81531096997621E-02 
2306	 1.54213241564197E-02 
2307	 1.70971519706067E-02 
2308	 1.99071138080841E-02 
2309	 1.75329515193894E-02 
2310	 1.38042679585332E-02 
2311	 1.57669554953505E-02 
2312	 1.61606662285975E-02 
2313	 1.31746426369496E-02 
2314	 1.46665180940088E-02 
2315	 1.35369908376643E-02 
2316	 8.80997874099541E-03 
2317	 1.03849913646806E-02 
2318	 1.05220226313086E-02 
2319	 7.95415087832794E-03 
2320	 8.96033311700028E-03 
2321	 6.88942880572834E-03 
2322	 5.19920871310873E-03 
2323	 6.86948763513439E-03 
2324	 6.50421460347553E-03 
2325	 6.89506730885033E-03 
2326	 6.0566280496016E-03 
2327	 1.43630692261531E-03 
2328	 4.11742268787827E-03 
2329	 8.20727643752083E-03 
2330	 7.83186843820656E-03 
2331	 1.18581236223558E-02 
2332	 1.07913917727121E-02 
2333	 6.78727774798042E-03 
2334	 7.10099345094546E-03 
2335	 8.68552651084373E-03 
2336	 0.012950558610107 
2337	 1.08932695253343E-02 
2338	 7.63107850462686E-03 
2339	 1.40731526386322E-02 
2340	 1.50708099993369E-02 
2341	 1.31475422139554E-02 
2342	 1.74316267459869E-02 
2343	 0.014158289988672 
2344	 9.43845479531927E-03 
2345	 9.92169179975196E-03 
2346	 1.08574665995208E-02 
2347	 4.56157704613034E-03 
2348	-8.45917157000749E-03 
2349	-1.30345665368445E-02 
2350	-1.09478352908949E-02 
2351	-3.42839540958924E-03 
2352	 2.18052976876128E-03 
2353	 5.64564076296259E-03 
2354	 1.65515021584745E-03 
2355	-1.12679751611016E-02 
2356	-6.80238541957524E-03 
2357	 4.57895743050139E-03 
2358	 1.06270078051181E-02 
2359	 1.11356933059799E-02 
2360	 6.4340446126578E-03 
2361	 3.568067924243E-04 
2362	-4.96746098632998E-03 
2363	-2.75913611349399E-03 
2364	-1.3544934970129E-03 
2365	 3.35731599784097E-03 
2366	 9.46076322947439E-03 
2367	 1.53083883792327E-02 
2368	 2.52596168180347E-02 
2369	 2.15383225395602E-02 
2370	 1.69017451751944E-02 
2371	 1.65508617025224E-02 
2372	 1.44170047609816E-02 
2373	 2.58685754970312E-02 
2374	 3.20423808584019E-02 
2375	 1.91914366289508E-02 
2376	 9.66453564979979E-03 
2377	-1.35631166673877E-02 
2378	-3.13753816226309E-02 
2379	-9.21777628234861E-03 
2380	 4.36481419026603E-03 
2381	 1.89325412427119E-02 
2382	 3.33125523085322E-02 
2383	 1.46876343678489E-02 
2384	 0.020192032657782 
2385	 3.91660359991687E-02 
2386	 3.49139859741717E-02 
2387	 4.09421082368525E-02 
2388	 3.32268847004956E-02 
2389	 1.78781609200479E-02 
2390	 3.46765183835473E-02 
2391	 4.69869344312101E-02 
2392	 3.32512796424046E-02 
2393	 1.25396054461774E-02 
2394	 9.4652607122724E-03 
2395	 1.76393439018813E-02 
2396	 1.76007036405998E-02 
2397	 1.89240585368909E-02 
2398	 5.05916677589299E-03 
2399	-2.06306292949453E-02 
2400	 3.01322031194859E-03 
2401	 2.09012193367175E-02 
2402	-4.05395056138227E-03 
2403	 1.05479888857182E-02 
2404	 1.13146779035317E-02 
2405	-5.39346832493127E-03 
2406	 3.15999769032636E-02 
2407	 3.78764730240775E-02 
2408	 3.21980257386738E-02 
2409	-4.39750416910205E-03 
2410	-6.60117898071753E-02 
2411	-4.76458083866186E-02 
2412	-2.04935294373625E-02 
2413	 4.01092610047238E-02 
2414	 0.183976565525435 
2415	 0.215555639508999 
2416	 0.114086796689021 
2417	 2.41901572077892E-02 
2418	 5.17977159095265E-02 
2419	 5.85109963204629E-02 
2420	 3.27736075900536E-02 
2421	 7.52788121012358E-02 
2422	 1.96804886872596E-02 
2423	-0.123633705037722 
2424	-0.184522140572597 
2425	-0.160539682345756 
2426	-0.128108252392842 
2427	-0.102311474831086 
2428	-6.43548387436326E-02 
2429	-3.94315526640133E-02 
2430	-1.40534644074338E-02 
2431	 8.35592151599606E-02 
2432	 0.138356754593134 
2433	 0.14518222516314 
2434	 0.105846818531673 
2435	-3.95139682632296E-02 
2436	-8.00064611547294E-02 
2437	-2.70144177567633E-02 
2438	 1.95114775861694E-02 
2439	 0.115794650461993 
2440	 0.189920665295243 
2441	 0.115632090627749 
2442	 5.80877590455188E-02 
2443	 0.108893280264747 
2444	 0.1771657584187 
2445	 0.248540010978227 
2446	 0.28626911936122 
2447	 0.293128256173246 
2448	 0.401196521977814 
2449	 0.453895678755405 
2450	 0.428829512511992 
2451	 0.588434011395256 
2452	 0.937351086602747 
2453	 0.671361005064185 
2454	 0.594360659725592 
2455	 0.396357555050762 
2456	 9.40203873639804E-02 
2457	 9.03419149957614E-03 
2458	 5.20852455191577E-02 
2459	 0.154885990230438 
2460	 0.462321268744283 
2461	 0.483393460454272 
2462	 0.452600825491009 
2463	 1.57361661532595 
2464	 1.17079860230226 
2465	-0.264330223131701 
2466	-0.165009306403889 
2467	-0.45724053883816 
2468	-1.00835698878888 
2469	-1.13296785688747 
2470	-0.510151158669023 
2471	 1.00832220721817 
2472	 2.01159365259153 
2473	 0.913879378459096 
2474	 0.635315195579663 
2475	 5.40252994701053E-02 
2476	 0.758339826730624 
2477	 0.595865724182078 
2478	-0.168835162969565 
2479	-1.93992101273687 
2480	-3.34294844678386 
2481	-1.87828529825218 
2482	-3.74919566142052 
2483	 1.27957842552937 
2484	-6.22677704558217 
2485	-0.757583143870023 
2486	-0.833962253813747 
2487	-0.929046980591039 
2488	-0.885466599004892 
2489	 0.151720035698271 
2490	 0.920238721626252 
2491	 0.930927953536266 
2492	 0.692859021584927 
2493	 7.42198805388753 
2494	-2.81052591468713 
2495	 1.6212523173833 
2496	 1.09303994307283 
2497	 0.788501186723208 
2498	 1.34025194192495 
2499	-387.635189771115 
2500	-1.70130766609505 
