Wavelength	rt0718far00007.asd
350	 3.42499817454077E-02 
351	 3.35956384249864E-02 
352	 3.36516030359613E-02 
353	 3.40064550880947E-02 
354	 3.42176300625619E-02 
355	 0.034502144293326 
356	 3.43135370973797E-02 
357	 3.41505580283832E-02 
358	 3.45044522093365E-02 
359	 3.44076584990144E-02 
360	 3.42160084774477E-02 
361	 3.41923464172361E-02 
362	 3.44451919553654E-02 
363	 3.46051865855005E-02 
364	 0.034392053503046 
365	 3.40885407115513E-02 
366	 0.034787203217152 
367	 3.49302782202588E-02 
368	 0.034680502495906 
369	 3.45429597626159E-02 
370	 3.44698071021987E-02 
371	 3.44469626742742E-02 
372	 3.44852424227749E-02 
373	 3.45914578631667E-02 
374	 3.45932415042533E-02 
375	 3.47586931196231E-02 
376	 3.52321830700779E-02 
377	 3.59197008805441E-02 
378	 0.035638462168276 
379	 3.51878618917669E-02 
380	 3.54486131937534E-02 
381	 3.60408066735257E-02 
382	 3.60431689978308E-02 
383	 3.57242340127813E-02 
384	 3.58776609038773E-02 
385	 3.62860942782641E-02 
386	 3.66381976274614E-02 
387	 3.68070346138448E-02 
388	 3.68880923392207E-02 
389	 3.68376576603969E-02 
390	 3.68864643739159E-02 
391	 3.71165418353927E-02 
392	 3.71018244057366E-02 
393	 3.75746846663409E-02 
394	 3.81077592008115E-02 
395	 3.80721184327994E-02 
396	 3.81583103585337E-02 
397	 3.82375960290633E-02 
398	 3.82857845062092E-02 
399	 3.84015334476529E-02 
400	 3.84874417679956E-02 
401	 0.038536164639763 
402	 3.85663000632002E-02 
403	 3.86039688118063E-02 
404	 3.87622361978748E-02 
405	 0.038919938624707 
406	 3.89427301104766E-02 
407	 3.91722357447767E-02 
408	 3.93474708703822E-02 
409	 3.93770430098013E-02 
410	 0.03937716216477 
411	 3.95548926970625E-02 
412	 0.039716715898363 
413	 0.039743508011701 
414	 3.98534879047638E-02 
415	 4.01208036407961E-02 
416	 4.04010447802852E-02 
417	 4.04994710739962E-02 
418	 4.05166477372594E-02 
419	 4.07002948208133E-02 
420	 4.10574635802338E-02 
421	 4.13338387327376E-02 
422	 4.13733450035507E-02 
423	 4.14666740722118E-02 
424	 0.041789571049773 
425	 4.19171071928862E-02 
426	 4.21584281752518E-02 
427	 4.24596477691632E-02 
428	 4.26396847807056E-02 
429	 4.29574260611035E-02 
430	 4.32584344778717E-02 
431	 0.043464504198418 
432	 4.36324182993037E-02 
433	 4.39704996289132E-02 
434	 4.42818177884205E-02 
435	 4.44306166858761E-02 
436	 4.47423069140724E-02 
437	 4.50109628623755E-02 
438	 4.52488056830056E-02 
439	 4.55664728110742E-02 
440	 4.58207895094295E-02 
441	 4.61179142492839E-02 
442	 4.64572255652565E-02 
443	 4.66417392686442E-02 
444	 0.046917163788538 
445	 4.72133195720404E-02 
446	 4.74360911486247E-02 
447	 4.77583013477772E-02 
448	 4.80712918346915E-02 
449	 4.83155805454358E-02 
450	 4.84823379089376E-02 
451	 4.86316672173309E-02 
452	 4.88095417961252E-02 
453	 4.90298704841941E-02 
454	 0.049258052180892 
455	 4.94089549590943E-02 
456	 4.95319582520992E-02 
457	 4.97164801413365E-02 
458	 4.99718610824723E-02 
459	 0.05011363886547 
460	 0.050166219106062 
461	 5.03606121006901E-02 
462	 5.05359589514087E-02 
463	 5.06994032216686E-02 
464	 5.08559679332693E-02 
465	 5.08918335260632E-02 
466	 5.10958984222889E-02 
467	 5.13645055340492E-02 
468	 0.051449750277683 
469	 5.16326671922426E-02 
470	 5.18416869975515E-02 
471	 5.20007417047523E-02 
472	 5.20696275566027E-02 
473	 5.23314501385641E-02 
474	 0.052585958628505 
475	 5.26474043525608E-02 
476	 5.28593804416172E-02 
477	 5.30462865455642E-02 
478	 5.32303990205589E-02 
479	 5.35435767672505E-02 
480	 5.37072078185102E-02 
481	 0.053900133366949 
482	 5.42191701857821E-02 
483	 5.44709258203344E-02 
484	 5.47219006871588E-02 
485	 5.49639827359028E-02 
486	 5.51957956976405E-02 
487	 0.055578783077513 
488	 5.58619703951626E-02 
489	 5.60556876651372E-02 
490	 5.64248014657511E-02 
491	 5.66575893498407E-02 
492	 5.69105789592434E-02 
493	 5.73014348922342E-02 
494	 5.75908531584557E-02 
495	 5.79611715438405E-02 
496	 5.83542391427739E-02 
497	 5.86327040137412E-02 
498	 5.90911101092511E-02 
499	 5.94694348031994E-02 
500	 5.97210673482328E-02 
501	 0.060212436137784 
502	 6.05604564232203E-02 
503	 6.08786600782489E-02 
504	 6.13372643072574E-02 
505	 6.17450326122083E-02 
506	 6.20601086723191E-02 
507	 0.06236953522556 
508	 6.28359285890758E-02 
509	 6.31867630250951E-02 
510	 6.34768529941355E-02 
511	 6.38142280572487E-02 
512	 6.43214825675556E-02 
513	 6.47530361229725E-02 
514	 6.51607894026578E-02 
515	 6.56999303214662E-02 
516	 6.62623595863309E-02 
517	 6.67771314727754E-02 
518	 6.72168935871333E-02 
519	 6.76070224702361E-02 
520	 6.80676115799757E-02 
521	 6.85816821704308E-02 
522	 6.91078424020711E-02 
523	 6.96401183970415E-02 
524	 7.01784919780609E-02 
525	 7.07235473134964E-02 
526	 7.12746378308928E-02 
527	 7.17834721549874E-02 
528	 7.22830079311745E-02 
529	 7.27962563342753E-02 
530	 7.33031567669161E-02 
531	 0.073826363761554 
532	 7.44082903284163E-02 
533	 7.50525754526948E-02 
534	 7.55104992296425E-02 
535	 7.60322437738542E-02 
536	 0.076672480214442 
537	 7.72298380748573E-02 
538	 7.77949114927908E-02 
539	 7.83857384553768E-02 
540	 0.078996519831949 
541	 0.079606085120672 
542	 8.01393121958448E-02 
543	 8.06540268109455E-02 
544	 8.12672813892724E-02 
545	 8.17483752197145E-02 
546	 8.22586856312145E-02 
547	 8.28510939620833E-02 
548	 0.083261917358065 
549	 8.38105925571687E-02 
550	 8.44054613590168E-02 
551	 8.48702388628791E-02 
552	 8.54436946506678E-02 
553	 8.59561862554663E-02 
554	 8.64133109466781E-02 
555	 0.087033754870531 
556	 8.75803351915378E-02 
557	 0.088085507206903 
558	 8.86190161529385E-02 
559	 8.91714299313208E-02 
560	 8.97073423449975E-02 
561	 9.02178429199805E-02 
562	 9.07143097304656E-02 
563	 9.11910302495323E-02 
564	 9.16438292651625E-02 
565	 9.20648100797253E-02 
566	 9.24434193588073E-02 
567	 9.27444833387752E-02 
568	 9.30335206744071E-02 
569	 9.33666748089058E-02 
570	 9.35230597263621E-02 
571	 9.36728822307458E-02 
572	 9.38603620378148E-02 
573	 9.39704337330065E-02 
574	 9.40783969744783E-02 
575	 9.41352259425363E-02 
576	 9.41140755959287E-02 
577	 9.41524102630093E-02 
578	 9.41328081117492E-02 
579	 0.094054135142694 
580	 9.39797831236312E-02 
581	 9.38367080606289E-02 
582	 9.36733073560992E-02 
583	 9.35019472909208E-02 
584	 9.32394118079551E-02 
585	 0.09298897521708 
586	 9.27481513129159E-02 
587	 9.24615485511467E-02 
588	 9.20456828071305E-02 
589	 9.15468672914426E-02 
590	 0.091024813112608 
591	 9.05012448282032E-02 
592	 8.99937801945553E-02 
593	 8.93335302638427E-02 
594	 8.84412637600461E-02 
595	 8.75875576378794E-02 
596	 8.65575776710511E-02 
597	 8.53874897743949E-02 
598	 8.42531488915166E-02 
599	 8.30827308628746E-02 
600	 8.20447776353211E-02 
601	 8.12474289100978E-02 
602	 8.06483533999346E-02 
603	 8.01836890957125E-02 
604	 7.98634092731078E-02 
605	 7.97057034886075E-02 
606	 7.96200680108779E-02 
607	 7.95419742486708E-02 
608	 7.94508629998524E-02 
609	 7.93718339675693E-02 
610	 7.93159882596596E-02 
611	 7.93074607049328E-02 
612	 7.93226590616767E-02 
613	 7.91916905066829E-02 
614	 7.90678795650218E-02 
615	 7.89831783746915E-02 
616	 7.89092122392343E-02 
617	 7.89361932943956E-02 
618	 7.88884048782913E-02 
619	 7.87138621052076E-02 
620	 7.85962487077761E-02 
621	 7.85352204053198E-02 
622	 7.85009206756339E-02 
623	 7.84400839170682E-02 
624	 7.82732642807789E-02 
625	 7.81571524647744E-02 
626	 7.81078080079221E-02 
627	 7.80036390800101E-02 
628	 7.78928946836436E-02 
629	 7.78228449502537E-02 
630	 7.77872670946648E-02 
631	 7.76324468082466E-02 
632	 0.077567161333664 
633	 7.74866141003523E-02 
634	 7.72037771738906E-02 
635	 0.077148618534984 
636	 7.71148826018146E-02 
637	 7.69889806063852E-02 
638	 7.68783086966492E-02 
639	 7.66894447728275E-02 
640	 7.65105436333335E-02 
641	 7.64266492364469E-02 
642	 7.62947509546894E-02 
643	 7.60859758362642E-02 
644	 7.58564257544398E-02 
645	 7.57225489075371E-02 
646	 7.55670616527427E-02 
647	 7.54415842970237E-02 
648	 7.53236771213096E-02 
649	 7.49362525072324E-02 
650	 7.45976828779348E-02 
651	 7.42833941102224E-02 
652	 7.38664339105758E-02 
653	 7.34535159243756E-02 
654	 0.072878892133482 
655	 7.20876210094337E-02 
656	 7.13184033096089E-02 
657	 7.06772919437321E-02 
658	 7.01201934087698E-02 
659	 6.95824952668864E-02 
660	 6.91100472593504E-02 
661	 6.87192131130467E-02 
662	 6.83863901577292E-02 
663	 6.80744369814232E-02 
664	 6.78191181401035E-02 
665	 6.76442392619916E-02 
666	 6.75064104686021E-02 
667	 6.72461854289662E-02 
668	 0.067057106458459 
669	 6.68969351152366E-02 
670	 6.66864074497722E-02 
671	 6.65667544577649E-02 
672	 6.64899804025535E-02 
673	 6.64236572598192E-02 
674	 6.63622091658111E-02 
675	 0.066378995190033 
676	 6.63111720745999E-02 
677	 6.61034867457021E-02 
678	 6.60786306708434E-02 
679	 0.066066167532073 
680	 6.60406659980014E-02 
681	 0.066026320831491 
682	 6.59489636727536E-02 
683	 6.58170164577032E-02 
684	 6.56989974135436E-02 
685	 6.57310373779168E-02 
686	 6.56466735786635E-02 
687	 0.065492773335863 
688	 6.53356449772758E-02 
689	 6.48415505898368E-02 
690	 6.45146288222666E-02 
691	 0.064261351848122 
692	 6.36665904822276E-02 
693	 6.30990587719966E-02 
694	 6.25144078173223E-02 
695	 0.061839725905884 
696	 6.09702591094944E-02 
697	 6.02269394624338E-02 
698	 5.94986241419355E-02 
699	 5.86292945180372E-02 
700	 5.77414331624407E-02 
701	 5.67371928351998E-02 
702	 5.56613712477219E-02 
703	 5.46407608830289E-02 
704	 5.36174205535558E-02 
705	 0.052488918702406 
706	 0.051265249207304 
707	 5.01607765084909E-02 
708	 4.88498958707013E-02 
709	 0.047449739018949 
710	 4.61566947938385E-02 
711	 4.46166672128284E-02 
712	 0.043066568385747 
713	 4.15903087852475E-02 
714	 0.04004355336674 
715	 3.86143715734647E-02 
716	 0.037197382087437 
717	 3.57487311951543E-02 
718	 3.42838499200043E-02 
719	 0.032672191088219 
720	 3.12255240416548E-02 
721	 3.00190509470219E-02 
722	 2.88741377431926E-02 
723	 0.027719651397369 
724	 2.65994647937989E-02 
725	 2.53369459055792E-02 
726	 2.41498239748846E-02 
727	 2.30118551133169E-02 
728	 2.18731076961208E-02 
729	 2.06973937067633E-02 
730	 1.95753173225729E-02 
731	 1.86582529468268E-02 
732	 1.79987009288127E-02 
733	 1.72965016584224E-02 
734	 1.67773592675976E-02 
735	 1.64715604950786E-02 
736	 1.60941361098341E-02 
737	 1.58912606035811E-02 
738	 1.57080458067717E-02 
739	 1.54390697179233E-02 
740	 0.015424744065682 
741	 1.53231795512245E-02 
742	 1.51906813068087E-02 
743	 1.52432400851434E-02 
744	 1.51398195286134E-02 
745	 1.50290390258866E-02 
746	 1.50033711283413E-02 
747	 1.50120180049433E-02 
748	 1.49478438452468E-02 
749	 0.014869102031433 
750	 0.014856252955379 
751	 1.49225464190454E-02 
752	 1.48278220438216E-02 
753	 1.47034858905477E-02 
754	 1.48173872290628E-02 
755	 1.47324620141406E-02 
756	 1.45334975805539E-02 
757	 1.43843709445878E-02 
758	 1.45499899921636E-02 
759	 1.48484311051851E-02 
760	 1.51470527877385E-02 
761	 1.52208895360841E-02 
762	 1.53411810933342E-02 
763	 1.51586779729206E-02 
764	 1.49406127913632E-02 
765	 1.49694292628245E-02 
766	 1.47770472639897E-02 
767	 1.46680444093709E-02 
768	 1.47075145716104E-02 
769	 1.47318279999016E-02 
770	 1.46483933331948E-02 
771	 1.46388445049667E-02 
772	 1.47884021909592E-02 
773	 1.47638064918655E-02 
774	 1.47487739519637E-02 
775	 0.014784059368425 
776	 1.48423150061873E-02 
777	 1.48740535686709E-02 
778	 1.48998023071322E-02 
779	 1.49466468246051E-02 
780	 1.50394619693381E-02 
781	 1.51636414102915E-02 
782	 1.51886394922476E-02 
783	 1.51234824855323E-02 
784	 1.53467693279028E-02 
785	 1.54209789753847E-02 
786	 1.54303644674547E-02 
787	 1.55872545218671E-02 
788	 1.57218263125619E-02 
789	 0.015856504338529 
790	 1.59603609791354E-02 
791	 1.59751600142399E-02 
792	 1.60243010302243E-02 
793	 1.62420763385956E-02 
794	 0.016541565459193 
795	 1.64791939852571E-02 
796	 1.66244939933038E-02 
797	 1.67618604829538E-02 
798	 0.016670518511448 
799	 1.68866981024322E-02 
800	 1.69838401437155E-02 
801	 1.70529324143665E-02 
802	 1.73770641573307E-02 
803	 1.73425144525629E-02 
804	 1.72494661761287E-02 
805	 0.01724921702327 
806	 1.72357994466244E-02 
807	 1.72831474277312E-02 
808	 0.017339808445144 
809	 1.73391067057187E-02 
810	 1.72370375706618E-02 
811	 1.70895787840001E-02 
812	 1.69791501838159E-02 
813	 1.69799099225015E-02 
814	 1.70345480881764E-02 
815	 1.68293109445043E-02 
816	 1.64345231715051E-02 
817	 1.62266657031376E-02 
818	 1.61880079172887E-02 
819	 1.61050103469806E-02 
820	 1.58332768299157E-02 
821	 1.53273764018559E-02 
822	 1.50276972825936E-02 
823	 1.47631280755174E-02 
824	 1.43465942298153E-02 
825	 1.39322944082598E-02 
826	 1.35925340366126E-02 
827	 1.31989874574883E-02 
828	 1.26667354215266E-02 
829	 1.24892123903973E-02 
830	 1.24023794425608E-02 
831	 1.22536044579857E-02 
832	 1.20281404194425E-02 
833	 1.17732576926195E-02 
834	 1.16781492100155E-02 
835	 1.17208763714732E-02 
836	 1.16046614225237E-02 
837	 1.14156642714923E-02 
838	 1.14041865600992E-02 
839	 1.15921921028417E-02 
840	 1.13052413214319E-02 
841	 1.12341758594115E-02 
842	 1.12802028038294E-02 
843	 1.11333242419887E-02 
844	 1.09602630345151E-02 
845	 1.09674445731637E-02 
846	 1.11319659405822E-02 
847	 1.12401516784529E-02 
848	 1.09634743708985E-02 
849	 1.07542577852765E-02 
850	 1.08063668841414E-02 
851	 1.08593000610537E-02 
852	 1.08558466392658E-02 
853	 1.08699414796845E-02 
854	 1.09125733935764E-02 
855	 1.07948247359715E-02 
856	 1.06701791552558E-02 
857	 1.05612410395034E-02 
858	 1.04680405467545E-02 
859	 1.04448097695645E-02 
860	 0.010549110673745 
861	 1.06292918889022E-02 
862	 1.05054502362876E-02 
863	 1.04990456064138E-02 
864	 1.05841959132565E-02 
865	 1.06020472442136E-02 
866	 1.03594149856328E-02 
867	 1.03230671330415E-02 
868	 1.03373759931573E-02 
869	 0.010285460070134 
870	 1.02215321192517E-02 
871	 1.01979880392325E-02 
872	 1.02725923486879E-02 
873	 1.03420118117721E-02 
874	 9.9325127167494E-03 
875	 9.95089754347991E-03 
876	 0.010114351043229 
877	 9.97427392547093E-03 
878	 9.94606104613894E-03 
879	 9.99787206839645E-03 
880	 9.94216262875021E-03 
881	 0.009638284922073 
882	 9.58034784607863E-03 
883	 9.78339565244883E-03 
884	 9.91208142202084E-03 
885	 9.54124224723937E-03 
886	 9.55683111832483E-03 
887	 9.7485268409284E-03 
888	 9.91869682950723E-03 
889	 1.00152063084423E-02 
890	 9.62660799672772E-03 
891	 9.34986981113362E-03 
892	 9.51218024849231E-03 
893	 9.59560013934674E-03 
894	 9.58612345248274E-03 
895	 9.60797319702891E-03 
896	 9.68178635406166E-03 
897	 9.30717524469752E-03 
898	 9.62187887658573E-03 
899	 9.90828491181578E-03 
900	 9.42424856012087E-03 
901	 9.69620615150258E-03 
902	 9.81237250628941E-03 
903	 0.009543983295155 
904	 9.07593511860862E-03 
905	 9.09933068217196E-03 
906	 9.3841566142997E-03 
907	 9.50927571975863E-03 
908	 9.10388445043956E-03 
909	 9.08821183114444E-03 
910	 9.23451014622272E-03 
911	 9.43012088784082E-03 
912	 9.71866275495329E-03 
913	 9.67500847464293E-03 
914	 9.30351583325002E-03 
915	 8.97144425887847E-03 
916	 9.21318139299556E-03 
917	 8.71653580619132E-03 
918	 8.46010004163009E-03 
919	 8.82074582266113E-03 
920	 8.9557123570713E-03 
921	 8.71862204151238E-03 
922	 8.65834063850396E-03 
923	 8.88964272204102E-03 
924	 8.31926229197627E-03 
925	 8.58710130149559E-03 
926	 9.21185919852999E-03 
927	 9.1209280334377E-03 
928	 7.58740439249357E-03 
929	 7.72172136572569E-03 
930	 8.68864350690394E-03 
931	 8.07205055136208E-03 
932	 1.03470465344298E-02 
933	 9.86830292010154E-03 
934	 7.88086039937129E-03 
935	 8.25052395165106E-03 
936	 6.70789124578642E-03 
937	 7.89839806328507E-03 
938	 9.76818461283284E-03 
939	 9.20225461485458E-03 
940	 6.88615996960489E-03 
941	 7.94445226488039E-03 
942	 9.44455142021523E-03 
943	 6.56205411565229E-03 
944	 9.92455715380611E-03 
945	 0.010860133449049 
946	 8.04038909892881E-03 
947	 6.13450792584558E-03 
948	 1.03366575535351E-02 
949	 9.32204847458858E-03 
950	 5.23603602895019E-03 
951	 7.32359588404526E-03 
952	 9.07105348066599E-03 
953	 8.68330587990241E-03 
954	 7.69514565311593E-03 
955	 8.76744623109778E-03 
956	 7.44411850216647E-03 
957	 6.44319977681953E-03 
958	 6.77767567783366E-03 
959	 7.57953056059347E-03 
960	 7.70590812315566E-03 
961	 7.15921577402358E-03 
962	 6.68186110149409E-03 
963	 7.12319707857151E-03 
964	 7.30969835990706E-03 
965	 7.9669113048543E-03 
966	 8.64160987015528E-03 
967	 8.24136729377266E-03 
968	 8.35240562469089E-03 
969	 8.23879278688757E-03 
970	 7.67654013353894E-03 
971	 7.12296796542067E-03 
972	 7.24518211043316E-03 
973	 7.39082301919298E-03 
974	 7.76998289489083E-03 
975	 9.0091648437125E-03 
976	 6.46524521041619E-03 
977	 6.68883296469748E-03 
978	 9.05097156793924E-03 
979	 7.03928444607273E-03 
980	 8.13470285538449E-03 
981	 9.18132866761779E-03 
982	 8.32362918047095E-03 
983	 6.28827243224681E-03 
984	 7.05982683047953E-03 
985	 7.74811857776513E-03 
986	 7.49869410301229E-03 
987	 7.61493922125825E-03 
988	 8.05394323661335E-03 
989	 8.46382456696676E-03 
990	 8.74048546989509E-03 
991	 8.81571927889593E-03 
992	 7.1221892984668E-03 
993	 6.77585125808792E-03 
994	 7.88816739855318E-03 
995	 8.19908510703999E-03 
996	 6.94562454687273E-03 
997	 6.9663719182345E-03 
998	 7.56898842529039E-03 
999	 6.53500801082394E-03 
1000	 7.25383182362699E-03 
1001	 4.8131878074174E-03 
1002	 4.66675424131674E-03 
1003	 4.49146217626019E-03 
1004	 4.32633250930437E-03 
1005	 4.45186763295486E-03 
1006	 4.71196722009872E-03 
1007	 4.85629172165898E-03 
1008	 5.28293655353647E-03 
1009	 5.79671233918582E-03 
1010	 5.74912918384629E-03 
1011	 5.61798993740333E-03 
1012	 5.45564766232237E-03 
1013	 5.06710079098071E-03 
1014	 4.8981720863376E-03 
1015	 4.72331687308531E-03 
1016	 4.77286453732334E-03 
1017	 5.00827786510678E-03 
1018	 5.20248943453282E-03 
1019	 5.59756937452398E-03 
1020	 5.84019136940092E-03 
1021	 6.04316747804349E-03 
1022	 6.20898791935299E-03 
1023	 6.35803994552325E-03 
1024	 6.24415085387918E-03 
1025	 6.24337451499844E-03 
1026	 6.35045096320769E-03 
1027	 6.18956802307722E-03 
1028	 5.89009622839603E-03 
1029	 5.71163353996725E-03 
1030	 5.29572668143836E-03 
1031	 5.2044847734663E-03 
1032	 5.55534043263331E-03 
1033	 5.43899790626622E-03 
1034	 4.96410836538563E-03 
1035	 4.9443917141567E-03 
1036	 5.0045329795109E-03 
1037	 4.9900087029769E-03 
1038	 5.53534265748706E-03 
1039	 5.50838210019626E-03 
1040	 4.87845042541066E-03 
1041	 4.87545080538912E-03 
1042	 4.67569108741539E-03 
1043	 4.22497334812841E-03 
1044	 4.4708782667791E-03 
1045	 5.21132046360478E-03 
1046	 0.005478990084121 
1047	 6.15518425150072E-03 
1048	 6.27781238169345E-03 
1049	 5.63392310187207E-03 
1050	 5.54714995950176E-03 
1051	 5.65078836418859E-03 
1052	 5.6290728950777E-03 
1053	 5.8199303672094E-03 
1054	 5.80520979649502E-03 
1055	 5.35473302264448E-03 
1056	 5.2510352144282E-03 
1057	 5.2644704522249E-03 
1058	 5.36666303050926E-03 
1059	 5.47669584307824E-03 
1060	 5.85795142586676E-03 
1061	 5.98076380274741E-03 
1062	 5.9754225259263E-03 
1063	 5.98763154899478E-03 
1064	 6.05572420466069E-03 
1065	 5.91521522601176E-03 
1066	 5.47364405540546E-03 
1067	 5.33768613162462E-03 
1068	 5.26294360826174E-03 
1069	 5.12476122243132E-03 
1070	 5.13092157677619E-03 
1071	 5.1413335444708E-03 
1072	 4.94541960555269E-03 
1073	 4.89329775213088E-03 
1074	 5.08999804804938E-03 
1075	 5.65184184983402E-03 
1076	 5.74708945463222E-03 
1077	 5.86600948044587E-03 
1078	 5.82911961075392E-03 
1079	 5.38405135795611E-03 
1080	 5.30549802441358E-03 
1081	 5.36643132446219E-03 
1082	 5.39470939588208E-03 
1083	 5.62194534780629E-03 
1084	 5.60550644865697E-03 
1085	 5.4595658853256E-03 
1086	 5.34924317325666E-03 
1087	 4.85956579828629E-03 
1088	 4.80116890638622E-03 
1089	 5.1026475310813E-03 
1090	 5.3963753158637E-03 
1091	 5.46782969490363E-03 
1092	 5.65481369857968E-03 
1093	 5.71095343104421E-03 
1094	 5.38830452891458E-03 
1095	 5.4364408737068E-03 
1096	 5.8669738073354E-03 
1097	 5.97407934623863E-03 
1098	 5.93011539450874E-03 
1099	 5.86563535409491E-03 
1100	 5.6987601990072E-03 
1101	 5.58679725838143E-03 
1102	 5.36434631039043E-03 
1103	 5.36880818770004E-03 
1104	 5.6782963023683E-03 
1105	 5.56534210310457E-03 
1106	 5.73456536855134E-03 
1107	 5.89806786720002E-03 
1108	 5.77630924053851E-03 
1109	 5.21099085386156E-03 
1110	 4.89016954270791E-03 
1111	 4.42479772029563E-03 
1112	 4.35726222717748E-03 
1113	 4.57648961181855E-03 
1114	 4.77233396966531E-03 
1115	 5.63107504806715E-03 
1116	 5.43934784149675E-03 
1117	 3.79100005589322E-03 
1118	 3.73021298834565E-03 
1119	 4.35704895284953E-03 
1120	 4.52107585588567E-03 
1121	 6.22242440527528E-03 
1122	 7.68944967883188E-03 
1123	 7.85084500059124E-03 
1124	 7.11617771576256E-03 
1125	 6.81526550548886E-03 
1126	 7.92793475576508E-03 
1127	 7.21322678131641E-03 
1128	 5.05161525391192E-03 
1129	 4.33062612686221E-03 
1130	 3.51787936134975E-03 
1131	 3.68047988827019E-03 
1132	 5.54008466409977E-03 
1133	 5.68786654444302E-03 
1134	 4.88125801065966E-03 
1135	 5.32882474867425E-03 
1136	 6.32926228872513E-03 
1137	 5.7769637681009E-03 
1138	 4.84238527438696E-03 
1139	 4.89902372499403E-03 
1140	 3.97625388807197E-03 
1141	 2.33263674632655E-03 
1142	 3.40467017330318E-03 
1143	 5.12198824813864E-03 
1144	 5.06542504552283E-03 
1145	 5.70265239795095E-03 
1146	 5.73459863402202E-03 
1147	 5.63694162645655E-03 
1148	 6.59735350872122E-03 
1149	 6.71012034118078E-03 
1150	 6.38247425812128E-03 
1151	 5.42455801855996E-03 
1152	 5.01379801835218E-03 
1153	 4.29468999191359E-03 
1154	 4.44926507260081E-03 
1155	 5.32083329470194E-03 
1156	 5.51643345485267E-03 
1157	 5.40632851357008E-03 
1158	 5.04950925534615E-03 
1159	 4.76504016343094E-03 
1160	 4.9343414412525E-03 
1161	 5.27542911144194E-03 
1162	 5.59199118203014E-03 
1163	 5.82561128290268E-03 
1164	 5.64741225522242E-03 
1165	 5.19932040283458E-03 
1166	 5.02251412973455E-03 
1167	 5.17543098846076E-03 
1168	 5.59583464616485E-03 
1169	 5.81062204674274E-03 
1170	 5.39537193444861E-03 
1171	 5.32914476724724E-03 
1172	 5.14322552833519E-03 
1173	 4.98468191146947E-03 
1174	 4.86765246745014E-03 
1175	 5.09635371898984E-03 
1176	 5.15656511937672E-03 
1177	 5.03249434116959E-03 
1178	 5.1175146731693E-03 
1179	 5.31230441078275E-03 
1180	 5.60786720687052E-03 
1181	 5.51488661881436E-03 
1182	 5.10996476088901E-03 
1183	 4.91847958799944E-03 
1184	 4.75924839130389E-03 
1185	 4.70956575484038E-03 
1186	 4.7904687689059E-03 
1187	 4.90566886002353E-03 
1188	 5.06332159547382E-03 
1189	 5.04750875549205E-03 
1190	 4.72033503593193E-03 
1191	 4.61065691878252E-03 
1192	 4.70734658966884E-03 
1193	 4.93291175320128E-03 
1194	 0.004834989878853 
1195	 4.93526395003679E-03 
1196	 5.11805442384196E-03 
1197	 4.99327372685791E-03 
1198	 5.02867415849794E-03 
1199	 5.28129767999619E-03 
1200	 5.53497307782625E-03 
1201	 5.37554558151237E-03 
1202	 5.06068254970958E-03 
1203	 5.18092191900042E-03 
1204	 5.30315142650491E-03 
1205	 5.2034950902246E-03 
1206	 5.04906777332704E-03 
1207	 4.95350355980121E-03 
1208	 5.13518185304814E-03 
1209	 5.23136903431201E-03 
1210	 5.20225724054958E-03 
1211	 5.28213401704088E-03 
1212	 5.03535315253982E-03 
1213	 4.87068687126929E-03 
1214	 4.83108450165985E-03 
1215	 5.16345853236451E-03 
1216	 5.13275914949778E-03 
1217	 4.87079518968805E-03 
1218	 4.73974000492759E-03 
1219	 4.86729220257075E-03 
1220	 4.96385666990991E-03 
1221	 4.99026470737648E-03 
1222	 5.25192953692675E-03 
1223	 5.2938558780826E-03 
1224	 5.01245156869381E-03 
1225	 4.94173123817932E-03 
1226	 4.91959107535773E-03 
1227	 4.74461024910469E-03 
1228	 4.79319221758277E-03 
1229	 5.09050558348343E-03 
1230	 5.15591886431853E-03 
1231	 5.02126405083182E-03 
1232	 5.16713753319236E-03 
1233	 5.27602255944533E-03 
1234	 5.01058803678557E-03 
1235	 4.87745029763498E-03 
1236	 4.7640513620147E-03 
1237	 4.73527467003439E-03 
1238	 4.64278928097824E-03 
1239	 4.80598483430478E-03 
1240	 5.03298840234622E-03 
1241	 5.08672584991092E-03 
1242	 5.01617784199263E-03 
1243	 4.8212029721832E-03 
1244	 4.70575541133816E-03 
1245	 4.69652376134823E-03 
1246	 4.72543298680818E-03 
1247	 4.75909208658637E-03 
1248	 4.6507439358012E-03 
1249	 4.72790815262387E-03 
1250	 4.82489071452879E-03 
1251	 4.53563282127633E-03 
1252	 4.54192542614976E-03 
1253	 4.72897298606896E-03 
1254	 4.53653369109692E-03 
1255	 4.54990569584783E-03 
1256	 4.65395044860136E-03 
1257	 4.85867398028929E-03 
1258	 4.82149118413261E-03 
1259	 4.79691433049643E-03 
1260	 4.85531237688662E-03 
1261	 4.70702530683076E-03 
1262	 4.74146339996083E-03 
1263	 5.00147133526312E-03 
1264	 5.16383656764617E-03 
1265	 5.03734718017742E-03 
1266	 5.00721656804477E-03 
1267	 4.94479508203747E-03 
1268	 4.95010113711397E-03 
1269	 5.2285837794781E-03 
1270	 5.25753883019623E-03 
1271	 4.88580375476004E-03 
1272	 4.63000383391837E-03 
1273	 4.71296326786232E-03 
1274	 4.68518807261716E-03 
1275	 4.48520873605473E-03 
1276	 4.57902086608983E-03 
1277	 4.72099486005725E-03 
1278	 4.6984528043129E-03 
1279	 4.78370454350755E-03 
1280	 4.95964506055835E-03 
1281	 5.07182735703123E-03 
1282	 4.99287390344122E-03 
1283	 4.8567249308377E-03 
1284	 4.65899124872677E-03 
1285	 4.65886892762779E-03 
1286	 4.60849160368091E-03 
1287	 4.58556732985653E-03 
1288	 4.92744400189512E-03 
1289	 4.94234099379755E-03 
1290	 4.64454775962201E-03 
1291	 4.36763533189426E-03 
1292	 4.3153202907105E-03 
1293	 4.50022030138165E-03 
1294	 4.69853761610622E-03 
1295	 4.72045448219321E-03 
1296	 4.65267151512396E-03 
1297	 4.71333779980909E-03 
1298	 4.86188750027636E-03 
1299	 4.72977809995563E-03 
1300	 4.54705388681857E-03 
1301	 4.67957283046173E-03 
1302	 4.72273496716311E-03 
1303	 4.65396724701438E-03 
1304	 4.98321143577389E-03 
1305	 5.34898298927421E-03 
1306	 5.37707238668802E-03 
1307	 5.28212045001972E-03 
1308	 5.14922033318215E-03 
1309	 4.5633821801441E-03 
1310	 4.47250118526162E-03 
1311	 4.69959258274361E-03 
1312	 4.76109990696221E-03 
1313	 4.93709801993521E-03 
1314	 5.0984848877497E-03 
1315	 5.2735650472512E-03 
1316	 5.27482818405889E-03 
1317	 5.14786917187076E-03 
1318	 5.14473777558705E-03 
1319	 5.02887443566552E-03 
1320	 4.97053007603471E-03 
1321	 5.09832128841339E-03 
1322	 5.34414641212571E-03 
1323	 5.46842981540499E-03 
1324	 5.54078820548454E-03 
1325	 5.60395318384657E-03 
1326	 5.35793572694469E-03 
1327	 5.09016183734018E-03 
1328	 5.11600374998135E-03 
1329	 5.5010671180548E-03 
1330	 6.0920854211061E-03 
1331	 6.02643370008365E-03 
1332	 5.39598217187345E-03 
1333	 5.35279149542693E-03 
1334	 5.38231209559692E-03 
1335	 5.35489001844687E-03 
1336	 5.96100089198504E-03 
1337	 5.8520242461438E-03 
1338	 5.01556394541361E-03 
1339	 4.62323527907408E-03 
1340	 4.01056827384912E-03 
1341	 3.65030101904373E-03 
1342	 3.56342643428021E-03 
1343	 3.36936370320759E-03 
1344	 3.09696898132531E-03 
1345	 3.4668231146571E-03 
1346	 5.11276674138906E-03 
1347	 5.69611452108227E-03 
1348	 5.97284030727334E-03 
1349	 6.92897316263249E-03 
1350	 5.80387120088628E-03 
1351	 5.38591653371512E-03 
1352	 1.15754769670328E-02 
1353	 1.52361826885362E-02 
1354	 1.48471503445133E-02 
1355	 4.10904606560917E-03 
1356	-1.26123418847003E-02 
1357	-0.02864118382244 
1358	-4.01309801182551E-02 
1359	-6.81998516512774E-02 
1360	-3.40720500864854E-03 
1361	 7.23175932741132E-02 
1362	 4.09132596152928E-02 
1363	 0.111175563071291 
1364	 0.124567527123191 
1365	-2.36914543063753E-03 
1366	 3.69485575182088E-03 
1367	 2.80266181531244E-02 
1368	 7.62478924080516E-02 
1369	 0.201052932261342 
1370	 0.1833097148651 
1371	 0.142152358295895 
1372	 2.92552441670484E-02 
1373	-0.333390790183928 
1374	-0.418215876111735 
1375	-0.422330767577013 
1376	-0.380804304183481 
1377	-0.1909476579651 
1378	-2.88478316462775E-02 
1379	 0.294785499417106 
1380	 0.343436036709705 
1381	 0.360482972414893 
1382	 0.439005590445889 
1383	 0.29934575471424 
1384	 6.86864546868177E-02 
1385	-0.38104311796122 
1386	-0.424940939801518 
1387	-0.122549329409249 
1388	-0.351366694507769 
1389	-0.590167133070153 
1390	-0.440287055248085 
1391	-0.378982591033594 
1392	-0.911559825673316 
1393	-0.985435697049423 
1394	-0.293204651386914 
1395	 0.106696853311283 
1396	-7.33655836082223E-02 
1397	 3.63187852725038E-03 
1398	 0.237713297410145 
1399	-0.189916183340403 
1400	-0.587082314892673 
1401	-0.298807033077397 
1402	-4.98225818556974E-02 
1403	-1.72887877052138E-02 
1404	 7.80008969123579E-02 
1405	 0.156841082361608 
1406	 0.157688270556071 
1407	 0.110617707500933 
1408	 9.50706090632162E-02 
1409	 9.52599013524861E-02 
1410	 6.25384833583734E-02 
1411	 0.042544879608392 
1412	 6.42023321248689E-02 
1413	 3.39963003640482E-02 
1414	-4.58016113467446E-02 
1415	-5.48274611530754E-02 
1416	-5.16049142482169E-02 
1417	-3.93326279998432E-02 
1418	-5.23166480692687E-03 
1419	 9.40325258290027E-03 
1420	 2.02736959895603E-02 
1421	 2.33254927407342E-02 
1422	 2.73851059985974E-02 
1423	 2.07428143850257E-02 
1424	-1.25857989178711E-03 
1425	-1.89435986959213E-03 
1426	 8.79815473778204E-03 
1427	 6.82792495827148E-03 
1428	 4.29250201892693E-03 
1429	 4.74319925763839E-03 
1430	 1.16449210580708E-03 
1431	-4.04007070900029E-03 
1432	-7.79985403481468E-03 
1433	-8.23549496322784E-03 
1434	-1.28607106636689E-02 
1435	-1.33227897100839E-02 
1436	-6.58990602520317E-03 
1437	-1.65477355414892E-03 
1438	-4.84021106209368E-04 
1439	 2.06378599346051E-03 
1440	 1.77907502455209E-03 
1441	 3.44872972032488E-06 
1442	 5.6580105773893E-03 
1443	 7.87291664262746E-03 
1444	 1.70127299292165E-03 
1445	 1.78122174139481E-03 
1446	 4.39791714973396E-03 
1447	 7.13311627837307E-04 
1448	-7.82431872564766E-04 
1449	 2.08513047658686E-03 
1450	 4.56858224563243E-03 
1451	 4.81542818063391E-03 
1452	 5.02216408457832E-03 
1453	 7.04340316789025E-03 
1454	 7.43629361655676E-03 
1455	 5.84440660912371E-03 
1456	 5.45452851264099E-03 
1457	 5.80867989038726E-03 
1458	 5.73488186264322E-03 
1459	 4.94970659549697E-03 
1460	 4.99849620747589E-03 
1461	 6.28308766367283E-03 
1462	 6.12436308498088E-03 
1463	 4.9310618050479E-03 
1464	 4.4999112485762E-03 
1465	 3.79493839741049E-03 
1466	 3.31271547883664E-03 
1467	 3.17270164366196E-03 
1468	 3.80629413351866E-03 
1469	 5.25071760998044E-03 
1470	 5.16979731435861E-03 
1471	 4.53276733987284E-03 
1472	 5.20742505326551E-03 
1473	 6.88482977179251E-03 
1474	 5.34894929083036E-03 
1475	 1.31646781231172E-03 
1476	 2.17515247430107E-03 
1477	 4.35051523031606E-03 
1478	 3.86148854661246E-03 
1479	 4.96865993215359E-03 
1480	 6.04136156636578E-03 
1481	 4.59648344195764E-03 
1482	 3.85197409838987E-03 
1483	 5.13395605155136E-03 
1484	 5.64089437690715E-03 
1485	 4.46812273589454E-03 
1486	 4.14483249443134E-03 
1487	 4.9538662959731E-03 
1488	 5.38057679512426E-03 
1489	 5.5540096482433E-03 
1490	 5.41689960211866E-03 
1491	 5.05343005723221E-03 
1492	 5.0891772772741E-03 
1493	 5.15740789186691E-03 
1494	 5.08832572349161E-03 
1495	 5.39350487927647E-03 
1496	 5.3410853052323E-03 
1497	 4.70283547433879E-03 
1498	 4.47252950174631E-03 
1499	 4.30669857459806E-03 
1500	 4.36847588418369E-03 
1501	 4.8003548788874E-03 
1502	 4.94769131593948E-03 
1503	 5.13571986770698E-03 
1504	 5.25869185013907E-03 
1505	 5.33790670474386E-03 
1506	 5.05089518374121E-03 
1507	 5.12618059202237E-03 
1508	 5.31911154312634E-03 
1509	 5.3295265046114E-03 
1510	 5.36262426274505E-03 
1511	 5.24898134915261E-03 
1512	 5.09464791569968E-03 
1513	 5.09888039956425E-03 
1514	 5.0814697714294E-03 
1515	 5.03218754917601E-03 
1516	 4.81366756656754E-03 
1517	 4.73254172308171E-03 
1518	 5.03902115790516E-03 
1519	 4.89742709832842E-03 
1520	 4.58035894958985E-03 
1521	 4.78952168169682E-03 
1522	 4.75526728223539E-03 
1523	 4.57965967306677E-03 
1524	 4.90587008613317E-03 
1525	 5.02598167444799E-03 
1526	 4.78378146927989E-03 
1527	 4.78041800196796E-03 
1528	 5.00484426218747E-03 
1529	 5.02608310647555E-03 
1530	 4.93478706231989E-03 
1531	 5.13112681502763E-03 
1532	 5.24848219094405E-03 
1533	 5.19629752233088E-03 
1534	 5.20109102106073E-03 
1535	 5.19698036500506E-03 
1536	 5.24287656833743E-03 
1537	 5.16597796495802E-03 
1538	 5.09862997185679E-03 
1539	 5.18495205933068E-03 
1540	 5.02657003933365E-03 
1541	 4.94056368929816E-03 
1542	 5.02799172548424E-03 
1543	 4.80772097485063E-03 
1544	 4.68411713088939E-03 
1545	 4.81532284560248E-03 
1546	 4.95621760889498E-03 
1547	 5.15443398272154E-03 
1548	 5.26034026381717E-03 
1549	 5.37213897704031E-03 
1550	 5.49763655772587E-03 
1551	 5.42819877248417E-03 
1552	 5.41664127975702E-03 
1553	 5.35356066747165E-03 
1554	 5.1821659165307E-03 
1555	 5.28369193516594E-03 
1556	 5.39239119114636E-03 
1557	 5.40281790752927E-03 
1558	 5.45440121633931E-03 
1559	 5.42753295645425E-03 
1560	 5.43453781159468E-03 
1561	 5.57288000333603E-03 
1562	 5.63368879394285E-03 
1563	 5.49764140294942E-03 
1564	 5.36254589536252E-03 
1565	 5.2799393177258E-03 
1566	 5.19370291370081E-03 
1567	 5.08704599774236E-03 
1568	 5.04605595579671E-03 
1569	 5.03742978698455E-03 
1570	 4.85296682092272E-03 
1571	 4.9378031904022E-03 
1572	 5.26867791823239E-03 
1573	 5.30079917641177E-03 
1574	 5.34929896879806E-03 
1575	 5.32927260939482E-03 
1576	 5.17488368749872E-03 
1577	 5.24877858105398E-03 
1578	 5.3227924656036E-03 
1579	 5.36283772674461E-03 
1580	 5.27819266914402E-03 
1581	 5.13655323445747E-03 
1582	 5.23686322930653E-03 
1583	 5.32984264094367E-03 
1584	 5.31388115386171E-03 
1585	 5.21707480983637E-03 
1586	 5.1060463639791E-03 
1587	 5.08042131835118E-03 
1588	 5.15463210167069E-03 
1589	 5.37222538455865E-03 
1590	 5.51144026011179E-03 
1591	 5.36602427193296E-03 
1592	 5.33662613182811E-03 
1593	 5.44864441675223E-03 
1594	 5.1951486201277E-03 
1595	 4.94473793539585E-03 
1596	 5.01139763205334E-03 
1597	 5.04715800847486E-03 
1598	 5.00182032594843E-03 
1599	 5.17861959095477E-03 
1600	 5.3980063942326E-03 
1601	 5.23512799819403E-03 
1602	 5.13808566831984E-03 
1603	 5.34471573592409E-03 
1604	 0.005293203820139 
1605	 5.10573498021215E-03 
1606	 5.04526031048083E-03 
1607	 4.90215083891786E-03 
1608	 4.90351814509371E-03 
1609	 4.99344005278829E-03 
1610	 4.86617625613912E-03 
1611	 4.7703507763905E-03 
1612	 4.66217486390036E-03 
1613	 4.59949148211913E-03 
1614	 4.9638233571763E-03 
1615	 5.2042152375761E-03 
1616	 5.05145323554012E-03 
1617	 4.97320884812087E-03 
1618	 4.99048441704481E-03 
1619	 4.88964072339322E-03 
1620	 4.80008397986811E-03 
1621	 4.96120288268075E-03 
1622	 5.05440056909103E-03 
1623	 5.17904537259214E-03 
1624	 5.47282222658916E-03 
1625	 5.36406010899297E-03 
1626	 4.94711896401666E-03 
1627	 4.7564885878755E-03 
1628	 4.83365392355758E-03 
1629	 5.01243699840882E-03 
1630	 5.17043319478348E-03 
1631	 5.07624559767818E-03 
1632	 4.83498703782497E-03 
1633	 4.74873165581817E-03 
1634	 4.78928560906301E-03 
1635	 5.00811005781708E-03 
1636	 5.08622709791338E-03 
1637	 4.77021117370848E-03 
1638	 4.71343877944356E-03 
1639	 5.01330060108976E-03 
1640	 5.04146861069166E-03 
1641	 4.91840790298513E-03 
1642	 5.00797172120639E-03 
1643	 4.92304920310671E-03 
1644	 4.89479579708418E-03 
1645	 5.37009839714152E-03 
1646	 5.30041425945709E-03 
1647	 4.6921560049181E-03 
1648	 4.7473296585573E-03 
1649	 5.04486972399362E-03 
1650	 4.94098784301895E-03 
1651	 4.91698685279388E-03 
1652	 5.0769014829618E-03 
1653	 4.84474165007604E-03 
1654	 4.78368277969438E-03 
1655	 5.1620815113299E-03 
1656	 5.15523527661643E-03 
1657	 4.68508775142667E-03 
1658	 4.64739564754106E-03 
1659	 4.93748924472198E-03 
1660	 4.90758433563808E-03 
1661	 4.77293986574096E-03 
1662	 4.77763161084929E-03 
1663	 4.78940809382252E-03 
1664	 4.59408548679158E-03 
1665	 4.23752386007716E-03 
1666	 4.29527645492826E-03 
1667	 4.39785802244315E-03 
1668	 4.51486305740876E-03 
1669	 4.78846172311795E-03 
1670	 4.58016354566331E-03 
1671	 4.4274855704626E-03 
1672	 4.58124169686162E-03 
1673	 4.37765217963462E-03 
1674	 4.21913898057167E-03 
1675	 4.25595878130653E-03 
1676	 4.13164065854057E-03 
1677	 4.51203278529143E-03 
1678	 4.83551603049246E-03 
1679	 4.35181276850116E-03 
1680	 4.23603609138114E-03 
1681	 4.28315867090548E-03 
1682	 3.85083877811712E-03 
1683	 3.88427293436883E-03 
1684	 4.14153697830259E-03 
1685	 3.96133883793474E-03 
1686	 3.86897878808039E-03 
1687	 4.18956730381157E-03 
1688	 4.54569870056948E-03 
1689	 4.43322072472154E-03 
1690	 4.49784178011484E-03 
1691	 4.70767799813287E-03 
1692	 3.97349939016347E-03 
1693	 3.70164195852305E-03 
1694	 4.27679716887735E-03 
1695	 4.16550383723779E-03 
1696	 3.98301178644878E-03 
1697	 3.99206126107931E-03 
1698	 3.60612863568084E-03 
1699	 3.51567371540411E-03 
1700	 3.9851357273686E-03 
1701	 4.0919277050868E-03 
1702	 3.92893917503196E-03 
1703	 4.16212825184277E-03 
1704	 4.4571346777542E-03 
1705	 4.68567500295305E-03 
1706	 4.86826171953065E-03 
1707	 4.80435993980089E-03 
1708	 4.69908082684066E-03 
1709	 4.75449318443309E-03 
1710	 4.85296311672883E-03 
1711	 4.39914619902988E-03 
1712	 3.56413704304511E-03 
1713	 3.66747007394819E-03 
1714	 3.66254933019279E-03 
1715	 4.33225682484907E-03 
1716	 4.52088593282138E-03 
1717	 3.76434360648885E-03 
1718	 3.75649220784888E-03 
1719	 4.30735841722148E-03 
1720	 4.31361951147113E-03 
1721	 4.41933436634375E-03 
1722	 4.5449208407467E-03 
1723	 3.97689674700968E-03 
1724	 3.94141073432153E-03 
1725	 4.34803712548668E-03 
1726	 4.17261826829314E-03 
1727	 4.21635566285229E-03 
1728	 4.18429763062415E-03 
1729	 3.89999862276438E-03 
1730	 3.99929022693081E-03 
1731	 4.2096460135498E-03 
1732	 4.44682005333436E-03 
1733	 4.57251020126111E-03 
1734	 4.5702530939547E-03 
1735	 4.42388026179029E-03 
1736	 4.19647350363191E-03 
1737	 4.38822852345425E-03 
1738	 4.54115131235926E-03 
1739	 4.64959816404674E-03 
1740	 4.7448842805465E-03 
1741	 4.31536103666936E-03 
1742	 4.17065357500605E-03 
1743	 4.40374490869246E-03 
1744	 4.44613797321023E-03 
1745	 4.63087046203515E-03 
1746	 4.47275056692632E-03 
1747	 4.3421098170101E-03 
1748	 3.80311677333752E-03 
1749	 3.60575743512714E-03 
1750	 4.09052899634111E-03 
1751	 4.17107012945326E-03 
1752	 4.40419232980096E-03 
1753	 0.004419250090812 
1754	 3.3717124027109E-03 
1755	 3.17793707265711E-03 
1756	 3.64437716278024E-03 
1757	 3.64479376436726E-03 
1758	 4.12786658898623E-03 
1759	 4.29074539594328E-03 
1760	 3.64968205873075E-03 
1761	 3.62990437163071E-03 
1762	 3.57674921304081E-03 
1763	 3.34744349959623E-03 
1764	 3.77649864816484E-03 
1765	 3.3684463534505E-03 
1766	 2.92247928579831E-03 
1767	 3.50558370815306E-03 
1768	 3.15624133886597E-03 
1769	 3.0465350252871E-03 
1770	 3.99525289280802E-03 
1771	 3.31781523043987E-03 
1772	 2.24530192758712E-03 
1773	 2.84851338225258E-03 
1774	 2.8384465267235E-03 
1775	 4.05440855618802E-03 
1776	 4.70889324843311E-03 
1777	 4.28628071215622E-03 
1778	 4.23569371226891E-03 
1779	 3.86759807093768E-03 
1780	 3.69706805577137E-03 
1781	 4.06952810603731E-03 
1782	 4.11998741614374E-03 
1783	 4.44093554207906E-03 
1784	 4.27149970748591E-03 
1785	 3.46236515679942E-03 
1786	 2.72895695039965E-03 
1787	 1.14848616143848E-03 
1788	 7.29257044813791E-04 
1789	 4.14825969768568E-04 
1790	 1.72408567657967E-03 
1791	 5.90319497462036E-03 
1792	 5.66621329528214E-03 
1793	 4.33026936581843E-03 
1794	 4.35158753008253E-03 
1795	-1.15627023216776E-04 
1796	-4.43382371258089E-04 
1797	 3.15590713259853E-03 
1798	 2.53374103446798E-03 
1799	 4.79090622993444E-03 
1800	 9.60240810075949E-03 
1801	 1.14765480662812E-02 
1802	 6.59129490634756E-03 
1803	 6.41165932391495E-03 
1804	 1.02104717430551E-02 
1805	 8.69709815037975E-03 
1806	 6.76692630469602E-03 
1807	 5.9797907285376E-03 
1808	-8.2433639389319E-03 
1809	-1.00639824327361E-02 
1810	 2.06670411744994E-02 
1811	 2.25886630496283E-02 
1812	 3.83670363820456E-03 
1813	-1.81513217743914E-02 
1814	-0.103123300267177 
1815	-0.158552736776446 
1816	-0.167862820807279 
1817	-0.253898692585566 
1818	-0.157663599583651 
1819	-2.63143076435374E-02 
1820	 0.132616162953577 
1821	 0.587327223869982 
1822	 0.846008740660088 
1823	-4.75313375633139E-02 
1824	-0.338811314316536 
1825	-0.623343924256648 
1826	-0.646343239631621 
1827	-0.323244320081635 
1828	-0.235785268372848 
1829	-5.06757347521162E-04 
1830	 7.93097129060744E-03 
1831	 1.60354328221045 
1832	 1.53590143630406 
1833	 0.755907870675082 
1834	 0.575664692325231 
1835	 0.651697525076071 
1836	 0.638307862322584 
1837	 6.75993747373004E-02 
1838	-0.183537105920532 
1839	-8.63483176041151E-02 
1840	 0.232859052001919 
1841	 0.362422615983675 
1842	 0.854677199377141 
1843	 1.45247672052524 
1844	-8.18455988503454 
1845	-4.242452489941 
1846	 2.87590406173493 
1847	 1.63340842003245 
1848	 0.58846888412647 
1849	 1.29244343839733 
1850	 9.02071999646896 
1851	 2.3212653113718 
1852	 1.94233658708403 
1853	 1.49595291147367 
1854	 1.23468210827031 
1855	 0.706909691616101 
1856	 0.47508363505932 
1857	-0.909820334172986 
1858	 2.49077492748971 
1859	 0.147965998234494 
1860	 0.361743425301554 
1861	 0.763508000219912 
1862	-7.23593195881983E-02 
1863	 0.636151984662217 
1864	 1.25743757766753 
1865	 2.48036280972559 
1866	 0.334125242946505 
1867	 0.239021614155973 
1868	 0.320879157968214 
1869	 0.356587036074672 
1870	 0.298897739780883 
1871	-0.17444021486873 
1872	-2.39101088084696 
1873	 9.40117602979137 
1874	-0.549404030524878 
1875	 0.709550510801854 
1876	 1.09095533394206 
1877	 1.84538060753058 
1878	 1.41579642968376 
1879	 0.32826630541224 
1880	-1.6826432874227 
1881	-4.17574427733577 
1882	-4.82456350706356 
1883	 5.48057503072902 
1884	-21.8550792913971 
1885	-3.88859792071814 
1886	 9.19576960829712 
1887	-0.246092560856173 
1888	 0.145383244753026 
1889	 0.209649045496609 
1890	 0.701964293904943 
1891	 0.768076433355708 
1892	-0.211136561879496 
1893	-0.612570839409542 
1894	 0.559840049710575 
1895	-0.112810606796639 
1896	-0.350284616289821 
1897	-0.363427715716681 
1898	-0.401709197538031 
1899	-3.65194265520587E-02 
1900	 0.784995561822668 
1901	 2.91415217045652 
1902	 10.091414123554 
1903	 4.91604425567424 
1904	 2.79023142517471 
1905	 5.80122836203343 
1906	 52.6509245888328 
1907	 1.82168247992419 
1908	 10.3374153741234 
1909	 0.694978530717703 
1910	 1.17545938274345 
1911	 2.55595376834361 
1912	 3.0959637498728 
1913	 1.63749281446547 
1914	 1.27627580627678 
1915	 0.837202404916131 
1916	-5.58515385281545E-02 
1917	 0.111566667037836 
1918	 0.495577793047683 
1919	 1.46797460539225 
1920	-6.40226066589683 
1921	-0.85382553048817 
1922	-8.02135952572658E-02 
1923	 0.399594656614057 
1924	-0.988803463276396 
1925	 2.36154667748615 
1926	 3.12326854317737 
1927	 2.38522994967938 
1928	 1.54210777106299 
1929	 1.04243193204432 
1930	 0.35209316781295 
1931	 0.166496751956945 
1932	 0.150225487065859 
1933	-1.91151058161062E-03 
1934	 5.31320446147355E-02 
1935	 0.112078148275614 
1936	-1.25126788126077E-02 
1937	-3.35866568195176E-02 
1938	 3.78670926258107E-02 
1939	 6.53002800681236E-02 
1940	 7.94617831505028E-02 
1941	 8.86836946851267E-02 
1942	 0.093668028385741 
1943	 9.20900857316772E-02 
1944	 8.03597889652914E-02 
1945	 7.82049248382468E-02 
1946	 6.90273828148228E-02 
1947	 4.02935118485085E-02 
1948	 0.024630876673754 
1949	 1.89282719309475E-02 
1950	 8.1888945947634E-03 
1951	 2.27773546045152E-02 
1952	 2.15162036541417E-02 
1953	 1.47241205262981E-02 
1954	-1.06675195091514E-02 
1955	-0.015166330008111 
1956	-1.93814619895837E-02 
1957	-2.05618642006133E-02 
1958	-1.17423189240786E-02 
1959	-4.81737241669738E-03 
1960	-7.92862271693525E-04 
1961	 1.03845210010488E-03 
1962	 2.21996257925911E-03 
1963	 3.92113931554657E-03 
1964	 1.36820587752765E-03 
1965	-2.24883008039804E-03 
1966	-1.61893909960878E-03 
1967	 8.18092077442624E-04 
1968	 2.49096926996309E-03 
1969	 3.2824810488012E-03 
1970	 5.5293883584516E-03 
1971	 6.39041846769907E-03 
1972	 5.79543718005222E-03 
1973	 5.86509147893664E-03 
1974	 5.41326418687965E-03 
1975	 4.50813654551681E-03 
1976	 3.7875187975599E-03 
1977	 2.74779004483209E-03 
1978	 2.22436157135631E-03 
1979	 2.05835285311417E-03 
1980	 1.84937823166462E-03 
1981	 1.75833761660177E-03 
1982	 2.31348409484153E-03 
1983	 2.58307442364521E-03 
1984	 2.76075379619378E-03 
1985	 2.81210296382221E-03 
1986	 2.78150962628839E-03 
1987	 3.01269483402955E-03 
1988	 3.22448206886813E-03 
1989	 3.27975797827699E-03 
1990	 2.47423130818486E-03 
1991	 2.12972372065339E-03 
1992	 2.62041724447185E-03 
1993	 1.88228435323762E-03 
1994	 1.46803486857421E-03 
1995	 1.32904778290037E-03 
1996	 2.43439285990278E-03 
1997	 2.51926225823716E-03 
1998	 3.04539991394448E-03 
1999	 4.79024059973006E-03 
2000	 3.60724857543128E-03 
2001	 2.91561837508159E-03 
2002	 3.66233409818905E-03 
2003	 2.47771123634236E-03 
2004	 4.36022650766569E-03 
2005	 6.22467120420913E-03 
2006	 6.00728156848433E-03 
2007	 6.73669351908299E-03 
2008	 5.26872589294374E-03 
2009	 4.98330247639698E-03 
2010	 4.01085884351655E-03 
2011	 3.6718041089789E-03 
2012	 3.91152585478119E-03 
2013	 5.51690654573865E-03 
2014	 5.95571125066129E-03 
2015	 3.37011276710655E-03 
2016	 2.29056731791003E-03 
2017	 5.96041985501785E-04 
2018	-1.35937889842696E-03 
2019	-1.09848961254211E-03 
2020	-1.42820878259732E-03 
2021	-1.07188771889504E-03 
2022	 2.04366432552011E-04 
2023	 3.45814370436172E-04 
2024	 2.93130304939494E-04 
2025	-5.24530209836295E-04 
2026	-4.6661183384168E-05 
2027	 4.1761442332927E-04 
2028	 1.88914615033165E-03 
2029	 3.10389840097098E-03 
2030	 3.41454980922015E-03 
2031	 3.58199364801204E-03 
2032	 3.67756804231097E-03 
2033	 3.43289112381302E-03 
2034	 2.84087975415007E-03 
2035	 2.67354076542763E-03 
2036	 2.96088087515793E-03 
2037	 2.93832439473478E-03 
2038	 3.59486117429481E-03 
2039	 3.68390319660001E-03 
2040	 2.82392278779853E-03 
2041	 2.38430659753659E-03 
2042	 1.97232075522564E-03 
2043	 2.18483698770932E-03 
2044	 3.15285597157322E-03 
2045	 3.44274818822664E-03 
2046	 3.81086447911534E-03 
2047	 4.77193972143203E-03 
2048	 4.13362076663036E-03 
2049	 3.45619960416831E-03 
2050	 4.02212470265455E-03 
2051	 3.53379005946585E-03 
2052	 3.91028697860235E-03 
2053	 5.64943148633899E-03 
2054	 0.005911719542827 
2055	 5.10532315498085E-03 
2056	 4.60086798032143E-03 
2057	 3.1712330418903E-03 
2058	 2.62532038452443E-03 
2059	 2.70621722267621E-03 
2060	 2.88947257630527E-03 
2061	 3.32091666934914E-03 
2062	 3.92209657911249E-03 
2063	 4.49289950056892E-03 
2064	 4.2287546451844E-03 
2065	 3.74324453058891E-03 
2066	 3.60786626019277E-03 
2067	 4.57939214946009E-03 
2068	 4.84855047039776E-03 
2069	 3.56855642009801E-03 
2070	 2.88389125023807E-03 
2071	 2.71377322466288E-03 
2072	 2.53162793687888E-03 
2073	 2.36284795294944E-03 
2074	 3.48510465226918E-03 
2075	 3.63531717756625E-03 
2076	 2.48031761753647E-03 
2077	 2.38490263133598E-03 
2078	 3.11506024983162E-03 
2079	 3.40450114253574E-03 
2080	 3.68809843285364E-03 
2081	 3.79615368688894E-03 
2082	 3.8460706263576E-03 
2083	 3.91448337252147E-03 
2084	 3.84089496787073E-03 
2085	 3.44135283807102E-03 
2086	 3.0524217018905E-03 
2087	 2.62352776649309E-03 
2088	 2.17464053510168E-03 
2089	 2.35325787592167E-03 
2090	 3.07367641797183E-03 
2091	 3.13445717410115E-03 
2092	 2.87232061661056E-03 
2093	 1.92581434437782E-03 
2094	 2.00564142004706E-03 
2095	 2.23215588526664E-03 
2096	 2.46048258991309E-03 
2097	 3.66064204068352E-03 
2098	 4.11143409557485E-03 
2099	 4.2568435417765E-03 
2100	 3.49836963800397E-03 
2101	 2.98188581548775E-03 
2102	 3.33419790144334E-03 
2103	 3.34774673873556E-03 
2104	 4.01104341514727E-03 
2105	 5.04213070137309E-03 
2106	 4.8866877292383E-03 
2107	 4.69909364354988E-03 
2108	 4.76576208062649E-03 
2109	 4.70563484775733E-03 
2110	 3.84331757247145E-03 
2111	 2.99643201961082E-03 
2112	 3.12548719183651E-03 
2113	 3.1963807903165E-03 
2114	 3.88461896133777E-03 
2115	 4.21400824493269E-03 
2116	 4.39990426547511E-03 
2117	 4.5885889650032E-03 
2118	 5.05431563349868E-03 
2119	 4.69761003262329E-03 
2120	 3.77255365915294E-03 
2121	 3.11070578735591E-03 
2122	 3.47846385063818E-03 
2123	 4.52965384214931E-03 
2124	 5.12159048306317E-03 
2125	 5.65565965687263E-03 
2126	 5.38920135354539E-03 
2127	 3.72429765102078E-03 
2128	 3.51288921980202E-03 
2129	 3.95185193903796E-03 
2130	 2.55763648113984E-03 
2131	 1.88868574950368E-03 
2132	 1.76339998028178E-03 
2133	 1.61282357806187E-03 
2134	 2.20217460576557E-03 
2135	 4.2639176288974E-03 
2136	 4.54969119330138E-03 
2137	 4.14793777183696E-03 
2138	 4.7254360303204E-03 
2139	 5.40383820454537E-03 
2140	 4.99589023311892E-03 
2141	 4.50566614612583E-03 
2142	 4.44739077822492E-03 
2143	 3.17872438239806E-03 
2144	 2.83338340849546E-03 
2145	 4.39722763031016E-03 
2146	 0.004764574567509 
2147	 4.52597523400129E-03 
2148	 4.69710051361151E-03 
2149	 4.62202651302561E-03 
2150	 4.66333093205741E-03 
2151	 4.42126382952033E-03 
2152	 4.1097816043414E-03 
2153	 4.33177562994663E-03 
2154	 4.36983739522679E-03 
2155	 4.01916341801088E-03 
2156	 4.31984255515668E-03 
2157	 4.02879502316115E-03 
2158	 2.85550790938674E-03 
2159	 2.71294937644624E-03 
2160	 2.9596077534247E-03 
2161	 2.94222620913591E-03 
2162	 3.40143917233809E-03 
2163	 3.69440655060095E-03 
2164	 3.79578098471784E-03 
2165	 4.09701945048733E-03 
2166	 4.47340695471767E-03 
2167	 4.86970722864795E-03 
2168	 5.75686596456054E-03 
2169	 5.45499734338207E-03 
2170	 3.93926516167837E-03 
2171	 4.13837218597251E-03 
2172	 3.77105659152703E-03 
2173	 2.98843233824678E-03 
2174	 2.55850074733869E-03 
2175	 2.36204651250867E-03 
2176	 1.88733435580419E-03 
2177	 8.90083423641556E-04 
2178	 1.57021738290034E-03 
2179	 2.51299646207026E-03 
2180	 2.57621150610407E-03 
2181	 2.45194513681542E-03 
2182	 1.71664369486227E-03 
2183	 9.35276152075516E-04 
2184	 1.20981097116719E-03 
2185	 0.002694122903632 
2186	 3.25586214189465E-03 
2187	 4.03721855801447E-03 
2188	 4.12882287787964E-03 
2189	 3.10256622806528E-03 
2190	 3.18566670748707E-03 
2191	 4.0206221056469E-03 
2192	 4.05512427402511E-03 
2193	 4.6253490208933E-03 
2194	 4.08159318210561E-03 
2195	 1.31117752110709E-03 
2196	 1.92072279457336E-04 
2197	-9.22478915946202E-04 
2198	-9.85080553076752E-04 
2199	-2.48541627717928E-04 
2200	 2.47206320143826E-03 
2201	 4.39036854004068E-03 
2202	 4.51114068840859E-03 
2203	 4.35959908773232E-03 
2204	 4.16872437401105E-03 
2205	 4.25616801478529E-03 
2206	 4.75415702877178E-03 
2207	 3.95458638415605E-03 
2208	 0.002465470866582 
2209	 2.96780353335112E-03 
2210	 2.70630192090677E-03 
2211	 1.44972332896731E-03 
2212	 3.61365148592674E-03 
2213	 5.7015887694833E-03 
2214	 5.06131645537433E-03 
2215	 5.22973098158588E-03 
2216	 5.0853650275392E-03 
2217	 4.46232302082854E-03 
2218	 2.48276677387488E-03 
2219	 2.10209547755782E-03 
2220	 2.35832986637367E-03 
2221	 0.00187515307653 
2222	 1.35575440787859E-03 
2223	 1.44976823834959E-03 
2224	 1.08255051389072E-03 
2225	 2.17711854742176E-03 
2226	 5.64122492336602E-03 
2227	 6.07559353119743E-03 
2228	 5.15214298879283E-03 
2229	 5.1932541401202E-03 
2230	 3.63581489504867E-03 
2231	 3.47905553375561E-03 
2232	 5.83302820329857E-03 
2233	 6.61291346742568E-03 
2234	 6.37168312060166E-03 
2235	 6.5639067405917E-03 
2236	 7.65654361942345E-03 
2237	 7.32828795637986E-03 
2238	 6.17315355806178E-03 
2239	 4.91419555102795E-03 
2240	 2.83973961392051E-03 
2241	 1.17007785268254E-03 
2242	 1.98450575977224E-03 
2243	 3.28438407847697E-03 
2244	 3.42811045538204E-03 
2245	 2.69778201708132E-03 
2246	 2.45578563940554E-03 
2247	 2.52364132722131E-03 
2248	 1.30518795519709E-03 
2249	 1.53084695232695E-03 
2250	 3.6776497563908E-03 
2251	 3.2282072500114E-03 
2252	 3.43143325267916E-03 
2253	 5.73448235859009E-03 
2254	 4.09192008528827E-03 
2255	 1.68458584674802E-03 
2256	 1.47679900124973E-03 
2257	 1.55839093045837E-03 
2258	 2.25437493964818E-03 
2259	 4.0039281510799E-03 
2260	 4.36819973599897E-03 
2261	 3.92608984569982E-03 
2262	 2.88307518045687E-03 
2263	 2.68950196651109E-05 
2264	-2.90256691230283E-04 
2265	 2.51315326945961E-04 
2266	 7.62666932355513E-04 
2267	 3.76496951174956E-03 
2268	 4.14777595776798E-03 
2269	 2.3122943344513E-03 
2270	 1.52817627135814E-03 
2271	 7.77776366164239E-05 
2272	-5.60525181005688E-04 
2273	 3.91756735132302E-04 
2274	 4.0154684011652E-04 
2275	-1.28999033184352E-04 
2276	-5.37914711747589E-04 
2277	-3.01179609580218E-03 
2278	-2.93839311277478E-03 
2279	-6.4133072037575E-04 
2280	 9.227382935469E-04 
2281	 3.64451451237862E-03 
2282	 6.8077412146799E-03 
2283	 6.05831726658097E-03 
2284	 4.47278274411015E-03 
2285	 2.35711211184667E-03 
2286	 6.69896542049823E-04 
2287	 5.73097586352437E-04 
2288	 1.46299188192929E-03 
2289	 3.21700227272835E-03 
2290	 4.62657287879762E-03 
2291	 6.25583503978084E-03 
2292	 6.67537769052467E-03 
2293	 5.04699530559191E-03 
2294	 4.16058724318243E-03 
2295	 4.45415960009775E-03 
2296	 4.73937406809992E-03 
2297	 5.66301258836807E-03 
2298	 4.34345738468243E-03 
2299	 2.54051834678182E-03 
2300	 3.19417571597968E-03 
2301	 6.02300267310163E-03 
2302	 1.05271586749837E-02 
2303	 1.13588214409608E-02 
2304	 9.7694183022262E-03 
2305	 6.57864380003453E-03 
2306	 2.34253043963422E-03 
2307	 4.05202364507476E-04 
2308	-1.97691374053502E-03 
2309	-3.04675682330745E-03 
2310	-2.82935769986924E-03 
2311	-3.62449877441775E-03 
2312	 5.54437541455148E-04 
2313	 4.52762111231828E-03 
2314	 3.01556818863895E-03 
2315	 3.22208790133524E-03 
2316	 4.31402919107877E-03 
2317	 4.38627636463128E-03 
2318	 4.59202828399942E-03 
2319	 4.25491904575047E-03 
2320	 3.83677667888814E-03 
2321	 5.35799715230966E-04 
2322	-4.92541091339114E-03 
2323	-3.4599522052011E-03 
2324	 1.30965419308313E-03 
2325	-6.32845981736338E-04 
2326	-4.00165246415552E-04 
2327	 7.94282855862557E-04 
2328	-2.85023198219163E-03 
2329	-2.23909765810608E-03 
2330	 1.19454877868239E-03 
2331	 7.99294165628211E-04 
2332	-3.99466558052473E-03 
2333	-2.84872180236045E-03 
2334	 8.32513140917544E-04 
2335	-1.41873780563036E-03 
2336	 1.57502637223274E-03 
2337	 6.51003926798222E-03 
2338	 3.67086403066076E-03 
2339	 5.36580795545372E-03 
2340	 1.24283726673279E-02 
2341	 7.8890306190135E-03 
2342	 4.97372018463071E-03 
2343	 9.5458020089447E-03 
2344	 6.70041941174405E-03 
2345	 7.48310227597256E-03 
2346	 0.01451640536153 
2347	 1.27444331484633E-02 
2348	 8.93815958108344E-03 
2349	 7.90144515212872E-03 
2350	 4.90309851929275E-03 
2351	 3.18931925438112E-03 
2352	 3.59613831189301E-03 
2353	 0.00206654551414 
2354	-2.48303085522642E-03 
2355	-1.18527613759358E-03 
2356	 5.13617144575835E-03 
2357	 9.92366291084796E-03 
2358	 1.10832342231833E-02 
2359	 7.52378965198752E-03 
2360	 3.20422163594068E-03 
2361	 4.11968219282311E-03 
2362	 5.06139539099282E-03 
2363	-1.58527711270845E-03 
2364	-4.33408210975968E-03 
2365	-4.32878819091951E-03 
2366	-8.66226704719139E-03 
2367	 1.07362441865372E-04 
2368	 6.28833291616689E-03 
2369	-9.20643999486751E-03 
2370	-1.34042102154016E-02 
2371	-1.19089286787403E-02 
2372	-1.90269811682847E-02 
2373	-9.73715225027464E-03 
2374	 0.0053942046656 
2375	-3.09584623650622E-03 
2376	-1.77082671927932E-02 
2377	-1.35864861908115E-02 
2378	-1.00110661486993E-02 
2379	-1.44632736113816E-02 
2380	-1.72206432247407E-02 
2381	-1.26081030026857E-02 
2382	-1.72473815548376E-02 
2383	-2.18006071703239E-02 
2384	 9.02909648010543E-03 
2385	 0.019501325613709 
2386	-9.02115695289791E-03 
2387	-8.0203556843417E-03 
2388	-2.55033499775377E-03 
2389	-2.99762802417356E-02 
2390	-3.92899964711385E-02 
2391	-3.61767784486175E-02 
2392	-0.054371080993896 
2393	-4.45465752006813E-02 
2394	-0.010449629199661 
2395	-6.99291256717051E-03 
2396	-8.51120237429747E-03 
2397	-4.62759454411443E-03 
2398	-1.78440397985559E-02 
2399	-8.60950236367534E-03 
2400	 7.56698921948002E-03 
2401	 2.94355114937493E-03 
2402	 3.10996769109346E-03 
2403	 1.9582090905189E-03 
2404	 3.92755896901416E-03 
2405	 8.10364240152466E-03 
2406	 5.51208058997646E-03 
2407	-2.48681367697435E-02 
2408	-0.046755910061271 
2409	-1.70431171836624E-02 
2410	-6.86945118719485E-03 
2411	 3.52008868976557E-03 
2412	 1.60208955153152E-02 
2413	 4.41745563266907E-03 
2414	 6.34144952573164E-02 
2415	 0.116415107085914 
2416	 9.03067237080967E-02 
2417	 9.99465308652898E-02 
2418	 2.99531644143066E-02 
2419	-1.98377348458415E-02 
2420	 6.23466913907193E-02 
2421	 1.50614447815461E-02 
2422	-1.90372795886563E-02 
2423	 7.13362716709724E-02 
2424	 3.26157981454054E-02 
2425	 3.62978069476688E-02 
2426	 6.26714976255747E-02 
2427	-1.80651475508737E-02 
2428	-5.15064749103079E-02 
2429	-8.50635279025046E-02 
2430	-0.128529481910104 
2431	-0.10150526809345 
2432	-1.56443788821963E-02 
2433	 3.69509050109538E-02 
2434	 5.25097211821988E-02 
2435	 3.76876704193988E-02 
2436	-7.55961120083546E-02 
2437	-0.121815529151953 
2438	-0.171904742808121 
2439	-0.225165774793344 
2440	-0.180306244779844 
2441	-0.165361977471644 
2442	-9.48562715623865E-02 
2443	-5.52615519053341E-02 
2444	-4.84189699975701E-02 
2445	 0.074126269145207 
2446	 0.108439973747664 
2447	-0.060456141223559 
2448	-2.27333305951221E-02 
2449	-1.04081479992808E-02 
2450	-1.62844201962695E-02 
2451	 0.225597226759784 
2452	 6.12893334675392E-02 
2453	-9.50103215863997E-02 
2454	-9.04559448712169E-02 
2455	-8.89465316391579E-02 
2456	-9.83451145970653E-02 
2457	-0.132429883882496 
2458	-5.04626833485676E-02 
2459	 2.93893961217709E-03 
2460	-7.98571070690144E-02 
2461	-2.62925773498801E-02 
2462	-7.65430856843224E-02 
2463	-0.312353847251352 
2464	 8.70726654679217E-02 
2465	 8.44302285454799E-03 
2466	-0.124651710484716 
2467	-6.25953986886792E-02 
2468	-0.14074566522256 
2469	-7.50292765749661E-02 
2470	 0.402309927534493 
2471	 0.541593175904384 
2472	 0.580132959236463 
2473	 0.769183427848317 
2474	 0.274894996816467 
2475	 9.67688146542846E-02 
2476	 0.242570933027361 
2477	-4.30096201933658E-03 
2478	 0.1155650682045 
2479	-1.04969014062117E-02 
2480	-0.160080204872959 
2481	-0.520080185011627 
2482	-1.7009176972665 
2483	-1.05648908643156 
2484	 43.8563705747684 
2485	-2.33542803938294 
2486	-0.642039237084633 
2487	-0.043669450604655 
2488	 0.219326635367698 
2489	-1.45654742805555 
2490	-1.13851965000064 
2491	-1.36916005019393 
2492	-2.97626046599402 
2493	 2.90530868518159 
2494	 5.98901301616397 
2495	 60.9647599104557 
2496	 11.4251675491189 
2497	-2.24211270818692 
2498	-8.88899026365116E-02 
2499	-0.093754915748644 
2500	 0.145342656562553 
