Wavelength	rt0718west_close00009.asd
350	 2.21433656265023E-02 
351	 2.18793507432769E-02 
352	 0.022708644564167 
353	 2.31184210016751E-02 
354	 2.25416834264912E-02 
355	 2.29501451292126E-02 
356	 2.32327096466059E-02 
357	 2.32255714417565E-02 
358	 2.30726352903763E-02 
359	 2.28908791207572E-02 
360	 2.31843483864114E-02 
361	 2.34680344481512E-02 
362	 2.28457647642696E-02 
363	 2.34919605809247E-02 
364	 0.023769937655576 
365	 2.31443243741513E-02 
366	 2.34041274890405E-02 
367	 0.0239415338112 
368	 2.41656157275401E-02 
369	 2.38691637476355E-02 
370	 2.42069665220581E-02 
371	 2.44401944783385E-02 
372	 2.44173262229205E-02 
373	 2.44091045550712E-02 
374	 0.025026797869062 
375	 2.54327676961201E-02 
376	 2.52327530731304E-02 
377	 2.48510908299628E-02 
378	 2.54031618972218E-02 
379	 2.58681938801476E-02 
380	 2.54708198550837E-02 
381	 0.02583066680471 
382	 2.63626787642819E-02 
383	 2.67144072446072E-02 
384	 2.67513899184095E-02 
385	 2.70247210481365E-02 
386	 2.75024338884528E-02 
387	 0.027802722175748 
388	 2.73017057876631E-02 
389	 2.74577846615573E-02 
390	 2.80270354718613E-02 
391	 2.84208236081354E-02 
392	 2.80507627635321E-02 
393	 2.81243537827103E-02 
394	 2.87586838358914E-02 
395	 2.95010240434937E-02 
396	 2.94832116908519E-02 
397	 2.95795522447111E-02 
398	 2.99076469942907E-02 
399	 2.98883686048931E-02 
400	 3.00718522095447E-02 
401	 3.02762133289266E-02 
402	 3.03565436540918E-02 
403	 3.05010252835198E-02 
404	 3.05895820525212E-02 
405	 3.07916437232282E-02 
406	 3.12368415488181E-02 
407	 3.12251275087982E-02 
408	 3.12517024952298E-02 
409	 3.14946544791778E-02 
410	 3.17514098623217E-02 
411	 3.21046695743605E-02 
412	 3.23706297880628E-02 
413	 3.24594341595104E-02 
414	 0.032569565910489 
415	 3.28490947973246E-02 
416	 3.31984379974738E-02 
417	 3.34461129875804E-02 
418	 3.37138931989435E-02 
419	 3.39684727962685E-02 
420	 3.41994487550267E-02 
421	 3.44309993574113E-02 
422	 3.46160842005745E-02 
423	 0.03494952489638 
424	 3.54787102021013E-02 
425	 3.57187411156086E-02 
426	 3.59656191328743E-02 
427	 3.62931433446783E-02 
428	 3.66714407878305E-02 
429	 3.71633732853233E-02 
430	 3.75506857828461E-02 
431	 3.78453599897491E-02 
432	 3.83485464706442E-02 
433	 3.87110915066205E-02 
434	 3.90252163866128E-02 
435	 3.94282924993984E-02 
436	 3.99025116776898E-02 
437	 4.03182342545031E-02 
438	 4.06558576998083E-02 
439	 4.09740793694225E-02 
440	 0.041409293040085 
441	 4.19025712213503E-02 
442	 0.042368467940356 
443	 4.27195729770845E-02 
444	 0.043034534574943 
445	 4.33805584907596E-02 
446	 4.37767184316245E-02 
447	 4.40850490682406E-02 
448	 4.43460183930566E-02 
449	 4.46113515367846E-02 
450	 4.49284167853545E-02 
451	 4.52064251932525E-02 
452	 0.04541972056518 
453	 4.55996968319033E-02 
454	 4.58703028468755E-02 
455	 4.61348569269809E-02 
456	 4.63733641267067E-02 
457	 4.65855667009254E-02 
458	 0.046727194061995 
459	 4.68751334319874E-02 
460	 4.70432784044863E-02 
461	 4.71772837302667E-02 
462	 4.72896563038971E-02 
463	 4.74794789182619E-02 
464	 4.77409685347075E-02 
465	 4.77133930465529E-02 
466	 0.047864936965201 
467	 4.81500376423721E-02 
468	 4.82959088758923E-02 
469	 4.84061978926922E-02 
470	 4.86026629138954E-02 
471	 4.88874286892598E-02 
472	 4.91025701900063E-02 
473	 4.93231063546766E-02 
474	 4.95565723504491E-02 
475	 4.97858360113768E-02 
476	 0.049956311957775 
477	 5.01346157861896E-02 
478	 5.03877216717611E-02 
479	 5.07565550844314E-02 
480	 0.051021517680689 
481	 0.051259038817092 
482	 0.051547100737585 
483	 5.18832405582752E-02 
484	 5.22029789111137E-02 
485	 5.24757114162231E-02 
486	 5.27430176016248E-02 
487	 5.33315903743984E-02 
488	 5.38142860892377E-02 
489	 5.40716006441214E-02 
490	 5.43281091647086E-02 
491	 5.48153926461478E-02 
492	 5.53561544470673E-02 
493	 5.57769257870911E-02 
494	 5.61479239902988E-02 
495	 0.056608616544936 
496	 5.71557363179614E-02 
497	 0.057703640975761 
498	 5.81881263637541E-02 
499	 5.86951244870135E-02 
500	 5.92533751221422E-02 
501	 5.97797913227281E-02 
502	 0.060315865312241 
503	 6.08603984298055E-02 
504	 6.14145844259783E-02 
505	 6.20404074418751E-02 
506	 6.25829974524622E-02 
507	 6.30985899770227E-02 
508	 6.37917304219423E-02 
509	 6.44017786487552E-02 
510	 6.49756671952916E-02 
511	 6.55783318718498E-02 
512	 0.066198794395304 
513	 6.68524358001105E-02 
514	 6.75093642872497E-02 
515	 6.81406433028838E-02 
516	 6.89086227711188E-02 
517	 6.96856471308178E-02 
518	 7.04256117108332E-02 
519	 0.071216666837756 
520	 7.19615068945991E-02 
521	 7.26723107218015E-02 
522	 7.33947564026673E-02 
523	 7.41852080981192E-02 
524	 7.49296496750603E-02 
525	 7.56675883949211E-02 
526	 7.65346123999932E-02 
527	 7.73533678451323E-02 
528	 0.078249450977234 
529	 7.92256230491878E-02 
530	 7.99481309675574E-02 
531	 0.080799628619688 
532	 8.17239422041898E-02 
533	 8.25491608603841E-02 
534	 8.34734363421152E-02 
535	 8.44336636283269E-02 
536	 0.085357906891942 
537	 8.61797435641729E-02 
538	 8.70719179950456E-02 
539	 8.80569523920855E-02 
540	 8.90942207829339E-02 
541	 9.00932528465899E-02 
542	 0.091026824813894 
543	 9.19398300207336E-02 
544	 9.29174879802427E-02 
545	 9.39219810645033E-02 
546	 9.48783285868286E-02 
547	 9.57942407247763E-02 
548	 9.68564580076766E-02 
549	 0.097816232998218 
550	 9.87158989031744E-02 
551	 9.96853630786823E-02 
552	 0.100699892945481 
553	 0.101656415188179 
554	 0.102553364576134 
555	 0.103500839465496 
556	 0.104454589908484 
557	 0.105422153140211 
558	 0.106395172275234 
559	 0.107323903000306 
560	 0.108193249590629 
561	 0.109010599251442 
562	 0.109808526002234 
563	 0.110645574729757 
564	 0.111490228055161 
565	 0.112287115095259 
566	 0.112953930826988 
567	 0.113670178487542 
568	 0.114407092934459 
569	 0.115077668182548 
570	 0.115758033366695 
571	 0.116428862773248 
572	 0.117066895737441 
573	 0.117651117787357 
574	 0.118183420748979 
575	 0.118694792080208 
576	 0.119199554122208 
577	 0.119653140038626 
578	 0.120027781181736 
579	 0.120393807359445 
580	 0.120853354847284 
581	 0.121197929910251 
582	 0.121393561545334 
583	 0.121527623315771 
584	 0.121878373062971 
585	 0.122056240100667 
586	 0.122085197734807 
587	 0.122119862599987 
588	 0.122116245058385 
589	 0.122196433665003 
590	 0.12231736640176 
591	 0.122273857802869 
592	 0.122224940714102 
593	 0.122130514175397 
594	 0.121950720147035 
595	 0.121780500019438 
596	 0.121442010222112 
597	 0.121006110732246 
598	 0.120665168559082 
599	 0.120231590343421 
600	 0.119880010916401 
601	 0.119688868365819 
602	 0.1194965589982 
603	 0.11937671735044 
604	 0.119349294906579 
605	 0.11940960408762 
606	 0.119511518068305 
607	 0.119602263597128 
608	 0.119697236068229 
609	 0.119875084481656 
610	 0.119989361805472 
611	 0.120089571769835 
612	 0.12021345714872 
613	 0.120215402243291 
614	 0.120354198287588 
615	 0.12055786949399 
616	 0.120585969440298 
617	 0.120543557976 
618	 0.120634650214636 
619	 0.120838026051764 
620	 0.120751413386714 
621	 0.120746461024243 
622	 0.120841661335692 
623	 0.120953564451135 
624	 0.121108298025888 
625	 0.121143865912512 
626	 0.121077803969513 
627	 0.121097261600649 
628	 0.121158818243466 
629	 0.121224548661622 
630	 0.121272557196335 
631	 0.121328359422103 
632	 0.121366233477905 
633	 0.121405550171926 
634	 0.121482521918512 
635	 0.121591024932241 
636	 0.121632990029808 
637	 0.121608014321672 
638	 0.121664270271511 
639	 0.121698622870858 
640	 0.12174399476002 
641	 0.121824607494472 
642	 0.121769183692488 
643	 0.12177335714835 
644	 0.121804584625877 
645	 0.121664365970188 
646	 0.121712035162409 
647	 0.121821566608334 
648	 0.121837055578751 
649	 0.12174960049329 
650	 0.121599767199257 
651	 0.12147210508115 
652	 0.121418523951059 
653	 0.121165267318445 
654	 0.120839085424767 
655	 0.120499593349715 
656	 0.120125344260723 
657	 0.119791737797314 
658	 0.119498758420996 
659	 0.119233223916195 
660	 0.119036545004109 
661	 0.118836807017997 
662	 0.118642695829031 
663	 0.118510659674213 
664	 0.118378187299573 
665	 0.118318447672813 
666	 0.11831586021341 
667	 0.118159970463088 
668	 0.118146900394189 
669	 0.118187003422063 
670	 0.118120686230461 
671	 0.118123257557369 
672	 0.118155742109983 
673	 0.118193596320273 
674	 0.118239798447715 
675	 0.118411052345381 
676	 0.118572463067587 
677	 0.118638711088105 
678	 0.118770856120152 
679	 0.118868974334963 
680	 0.119006314216121 
681	 0.119280775378716 
682	 0.119396549072509 
683	 0.119524690194899 
684	 0.11969372495438 
685	 0.119695447001041 
686	 0.119812356081245 
687	 0.119921144753075 
688	 0.11987042986262 
689	 0.119898528775374 
690	 0.119890766665232 
691	 0.119749035089585 
692	 0.119409295635274 
693	 0.119166456546569 
694	 0.118888939551326 
695	 0.118523767539777 
696	 0.118209983854333 
697	 0.117855766178991 
698	 0.117319774566505 
699	 0.116554965482155 
700	 0.115914140784788 
701	 0.115304859859802 
702	 0.114616617713327 
703	 0.11375340043674 
704	 0.113012826679755 
705	 0.112202197459182 
706	 0.111224766933332 
707	 0.110325410386544 
708	 0.109210337869015 
709	 0.107941640617216 
710	 0.106660190718281 
711	 0.105164625396761 
712	 0.103534619206067 
713	 0.10186053967188 
714	 0.100177188180828 
715	 9.83091124882147E-02 
716	 9.62023283817875E-02 
717	 9.40115039345542E-02 
718	 9.18754968893586E-02 
719	 8.99084862510766E-02 
720	 8.81742389603931E-02 
721	 8.63775277962767E-02 
722	 8.46010993605352E-02 
723	 8.24086833687795E-02 
724	 8.00201519874655E-02 
725	 0.077987950483614 
726	 7.54271835701124E-02 
727	 7.26491839642041E-02 
728	 7.00221192046626E-02 
729	 6.71417607252052E-02 
730	 6.39567270134882E-02 
731	 6.09651297675344E-02 
732	 5.85998734209291E-02 
733	 5.62882050112109E-02 
734	 5.42837560984844E-02 
735	 5.26885240042612E-02 
736	 5.12949659495794E-02 
737	 5.03018804142974E-02 
738	 4.95338312964322E-02 
739	 0.04886714637557 
740	 4.85858758168477E-02 
741	 0.048289028495199 
742	 4.80117713671988E-02 
743	 4.79753411789227E-02 
744	 4.78743097651088E-02 
745	 4.78060253055972E-02 
746	 4.78039927486135E-02 
747	 0.047761417934187 
748	 4.78386445234452E-02 
749	 4.78740753842782E-02 
750	 4.77631982506467E-02 
751	 0.047864150328014 
752	 4.79230820227167E-02 
753	 4.79244945087817E-02 
754	 4.79683402651746E-02 
755	 4.79123973254252E-02 
756	 4.79330778093383E-02 
757	 4.80777423935577E-02 
758	 4.81921371774354E-02 
759	 4.81942569791444E-02 
760	 4.81614630474202E-02 
761	 4.82897347462019E-02 
762	 0.048408534351705 
763	 4.86210460705658E-02 
764	 4.87601113489894E-02 
765	 4.87530331209652E-02 
766	 4.92110150478252E-02 
767	 4.95289646272551E-02 
768	 4.96537846642815E-02 
769	 5.00257640015827E-02 
770	 0.05025497705027 
771	 5.04637624001555E-02 
772	 5.07799694976099E-02 
773	 5.10535499264962E-02 
774	 5.14621582220302E-02 
775	 5.18915656254941E-02 
776	 5.21725601900394E-02 
777	 5.25957963934164E-02 
778	 5.30905099638733E-02 
779	 0.053558945759662 
780	 0.053921851380006 
781	 5.43983284780879E-02 
782	 5.48947330620519E-02 
783	 5.53579706424801E-02 
784	 5.59760720931141E-02 
785	 5.64589666941176E-02 
786	 5.69280348507018E-02 
787	 5.75741730822589E-02 
788	 0.058125393985052 
789	 5.87157045020343E-02 
790	 0.059345129110476 
791	 5.99088620016662E-02 
792	 6.04864090826833E-02 
793	 6.10196298410254E-02 
794	 6.15340383706216E-02 
795	 6.22081304806742E-02 
796	 6.28504958733376E-02 
797	 6.33888432445722E-02 
798	 6.38274966768858E-02 
799	 6.42135925759831E-02 
800	 0.064733380290408 
801	 6.52276143051622E-02 
802	 6.54284061136882E-02 
803	 6.57813473216585E-02 
804	 6.61070219946977E-02 
805	 6.63003733499916E-02 
806	 6.64055307469498E-02 
807	 6.64831389595485E-02 
808	 6.64096168608236E-02 
809	 6.61334022566153E-02 
810	 6.58762011405368E-02 
811	 6.55310234258456E-02 
812	 6.51506571713242E-02 
813	 6.48028989166699E-02 
814	 6.42515190844428E-02 
815	 6.35612547903371E-02 
816	 6.29227275524274E-02 
817	 6.24913067011691E-02 
818	 6.16442827518067E-02 
819	 6.08529828652752E-02 
820	 6.00947371663427E-02 
821	 5.86390567771741E-02 
822	 5.71371686625465E-02 
823	 5.54772358425747E-02 
824	 5.35577261654051E-02 
825	 5.15655559278483E-02 
826	 4.94057864912797E-02 
827	 4.69918795238191E-02 
828	 4.44270467160914E-02 
829	 4.19085599382619E-02 
830	 0.03981061452913 
831	 3.81439686056233E-02 
832	 3.67008368004552E-02 
833	 3.56494272376264E-02 
834	 3.45569913174106E-02 
835	 3.34268843235765E-02 
836	 3.29016463931682E-02 
837	 3.24067078565459E-02 
838	 3.18851893859893E-02 
839	 3.13895750146927E-02 
840	 3.09531275805456E-02 
841	 3.04457632860899E-02 
842	 2.99721299251419E-02 
843	 2.96733476296437E-02 
844	 2.94360023836648E-02 
845	 2.89814632257114E-02 
846	 2.84603201730341E-02 
847	 2.82579442443917E-02 
848	 2.79867777191157E-02 
849	 0.027567217740019 
850	 2.70756469936244E-02 
851	 2.67240720217398E-02 
852	 2.64845276247901E-02 
853	 2.62336561417825E-02 
854	 0.025912409628557 
855	 2.56287894586133E-02 
856	 2.55595052439722E-02 
857	 2.54145204208135E-02 
858	 2.49660978592937E-02 
859	 2.46863286282112E-02 
860	 2.43548037243278E-02 
861	 2.39989994413022E-02 
862	 2.37540728508121E-02 
863	 2.36165233980693E-02 
864	 2.33713203562717E-02 
865	 2.29927572504144E-02 
866	 2.26492121726948E-02 
867	 2.24361389299735E-02 
868	 0.022132335736529 
869	 2.17135594023427E-02 
870	 0.021454594643218 
871	 2.09581053943302E-02 
872	 2.05629307431186E-02 
873	 2.04228633712416E-02 
874	 1.99271445298737E-02 
875	 1.94467118570984E-02 
876	 1.90370514993639E-02 
877	 1.87131107596927E-02 
878	 1.87615510809956E-02 
879	 1.83211414332389E-02 
880	 1.74784791321044E-02 
881	 1.67960490660939E-02 
882	 1.64741568691813E-02 
883	 1.61726821866201E-02 
884	 1.58474359941653E-02 
885	 0.015688428122846 
886	 1.56805689709823E-02 
887	 0.015142894890707 
888	 1.43425172143036E-02 
889	 1.45330624530624E-02 
890	 1.40605055641253E-02 
891	 1.36406971793479E-02 
892	 1.37308062205277E-02 
893	 1.35276987078383E-02 
894	 1.32443929162245E-02 
895	 1.28458316001348E-02 
896	 1.24330490037199E-02 
897	 1.26589142502903E-02 
898	 1.25271373785354E-02 
899	 1.20844444581957E-02 
900	 1.17506240495735E-02 
901	 0.01173554504599 
902	 1.10128085766511E-02 
903	 1.03428645527549E-02 
904	 1.07008516524442E-02 
905	 1.05137553973193E-02 
906	 1.02241989654549E-02 
907	 9.83675991886672E-03 
908	 9.16636901504722E-03 
909	 9.20329188556828E-03 
910	 8.76322507272154E-03 
911	 8.0786190988682E-03 
912	 8.50235198285338E-03 
913	 7.81636146232773E-03 
914	 7.15411334532137E-03 
915	 7.12050769856209E-03 
916	 7.16257171615124E-03 
917	 6.61007472849213E-03 
918	 5.97601009279259E-03 
919	 5.66008551984921E-03 
920	 5.62739629229821E-03 
921	 5.31484806765017E-03 
922	 4.59608958812453E-03 
923	 3.86184144513134E-03 
924	 4.36177672959182E-03 
925	 4.23354559137227E-03 
926	 3.8416889012108E-03 
927	 3.79981214957231E-03 
928	 2.92740258767929E-03 
929	 3.19077856005766E-03 
930	 3.62026257234845E-03 
931	 2.1564212509505E-03 
932	 2.20398536830832E-03 
933	 2.32999583101107E-03 
934	 3.04363251344594E-03 
935	 4.79320775739784E-03 
936	 4.61707543302518E-03 
937	 2.66643964320404E-03 
938	 2.36443514603415E-03 
939	 5.35831734358651E-03 
940	 3.89052926699099E-03 
941	-2.25612248969753E-05 
942	-1.31062407261171E-03 
943	 3.97351553994533E-03 
944	 3.56932945851793E-03 
945	 1.06251612822415E-03 
946	-3.72823977845425E-04 
947	 7.29723752007791E-04 
948	 2.2875150928805E-03 
949	 3.98772187893598E-03 
950	 4.35522920596946E-03 
951	 2.11324482334487E-03 
952	 1.04274291557896E-03 
953	 1.23583115486776E-03 
954	 1.75162422773972E-03 
955	 1.52300905370502E-03 
956	 2.04638797633328E-03 
957	 1.87923287924618E-03 
958	 1.57899520847078E-03 
959	 2.6162264920071E-03 
960	 1.66694087091585E-03 
961	 6.87337334596572E-04 
962	 8.49819036619367E-04 
963	 1.92619133362238E-03 
964	 1.43320042341997E-03 
965	 2.53797997105727E-03 
966	 4.16565015882352E-03 
967	 2.67131735936939E-03 
968	 1.94184096643785E-03 
969	 7.90050077222849E-04 
970	 5.04121134346248E-04 
971	 3.70837487602192E-03 
972	 2.51049529998571E-03 
973	 1.74332300287146E-03 
974	 2.36867605435058E-03 
975	 8.95186614785994E-04 
976	 1.91122563676989E-03 
977	 3.22886929257095E-03 
978	 3.20017848300563E-03 
979	 1.92741893581094E-03 
980	 2.37961867806424E-03 
981	 2.44475765269416E-03 
982	 1.75897874355436E-03 
983	 1.72528098692478E-03 
984	 2.21223921744914E-03 
985	 2.02126013060438E-03 
986	 1.37463268452914E-03 
987	 1.51876588799393E-03 
988	 1.88436768455946E-03 
989	 1.79730401897894E-03 
990	 1.3361491798961E-03 
991	 1.31371962540485E-03 
992	 3.36422685647082E-03 
993	 3.35558971249558E-03 
994	 1.25582336015563E-03 
995	 2.32924930249224E-04 
996	 1.50301614846045E-03 
997	 2.15306966302022E-03 
998	 1.48082389074927E-03 
999	 7.75469892531123E-04 
1000	 0.002093091842568 
1001	 1.42224480863044E-03 
1002	 1.44185858343159E-03 
1003	 1.43371757576723E-03 
1004	 1.50478777577323E-03 
1005	 1.39718409107642E-03 
1006	 1.06316661168763E-03 
1007	 8.92769744252328E-04 
1008	 7.7598043544515E-04 
1009	 4.52197611430768E-04 
1010	 5.75940645558026E-04 
1011	 5.13264060045725E-04 
1012	 5.05966705246114E-04 
1013	 8.60431478861125E-04 
1014	 1.08581501046436E-03 
1015	 1.43772850462224E-03 
1016	 1.71304289249201E-03 
1017	 2.01849599965055E-03 
1018	 2.10482918628184E-03 
1019	 1.99160400797954E-03 
1020	 2.00742441420836E-03 
1021	 2.0427266391452E-03 
1022	 1.9230708808302E-03 
1023	 1.94207269855428E-03 
1024	 1.96049556960663E-03 
1025	 1.17026819840289E-03 
1026	 6.21184376415354E-04 
1027	 5.78100749138327E-04 
1028	 6.20525775842403E-04 
1029	 7.45238497920037E-04 
1030	 1.6146542529197E-03 
1031	 1.79764465066132E-03 
1032	 1.43345937772825E-03 
1033	 1.56291756073887E-03 
1034	 2.07994519291696E-03 
1035	 2.02067783705213E-03 
1036	 1.67443928442654E-03 
1037	 1.54521907183163E-03 
1038	 1.10315507249804E-03 
1039	 7.67101279534281E-04 
1040	 9.38542144669312E-04 
1041	 9.70108006456526E-04 
1042	 9.95174010315202E-04 
1043	 8.65693655517952E-04 
1044	 9.70899514070011E-04 
1045	 1.35357593979576E-03 
1046	 1.39253522997458E-03 
1047	 1.20746747016437E-03 
1048	 1.29618924680192E-03 
1049	 1.40774717516962E-03 
1050	 1.43578421689849E-03 
1051	 1.70197118949634E-03 
1052	 1.77797104028656E-03 
1053	 1.41084463258343E-03 
1054	 1.39300510778366E-03 
1055	 1.72838746358937E-03 
1056	 1.81778086061907E-03 
1057	 1.87009923484411E-03 
1058	 2.01319388338334E-03 
1059	 1.9989782434911E-03 
1060	 1.6609051478484E-03 
1061	 1.68824970171356E-03 
1062	 1.99001566622937E-03 
1063	 1.97654491808089E-03 
1064	 1.8470078366523E-03 
1065	 1.88798939267136E-03 
1066	 1.79964013846097E-03 
1067	 1.83194736578866E-03 
1068	 2.24613144580959E-03 
1069	 2.35755659391599E-03 
1070	 2.19623169106022E-03 
1071	 2.17754226952623E-03 
1072	 2.16190629532427E-03 
1073	 2.10657598480672E-03 
1074	 2.06855905476716E-03 
1075	 2.10914526293692E-03 
1076	 2.08441510184347E-03 
1077	 2.04082802587588E-03 
1078	 1.91644346652397E-03 
1079	 1.65267194776602E-03 
1080	 1.62048176946701E-03 
1081	 1.59942129999909E-03 
1082	 1.62254766643441E-03 
1083	 2.03444462650099E-03 
1084	 2.05155597666394E-03 
1085	 1.68336272140772E-03 
1086	 1.58938862645126E-03 
1087	 1.50690106851211E-03 
1088	 1.36695288155977E-03 
1089	 1.34898534098241E-03 
1090	 1.31074405325637E-03 
1091	 1.27882495058574E-03 
1092	 1.15221678681392E-03 
1093	 1.15209440457012E-03 
1094	 1.16143311019466E-03 
1095	 1.32592529695048E-03 
1096	 1.62792272925579E-03 
1097	 1.79418674512172E-03 
1098	 2.41243536781704E-03 
1099	 2.40343075166929E-03 
1100	 1.47885085346983E-03 
1101	 1.31925849548248E-03 
1102	 1.31777705630639E-03 
1103	 1.19468049126211E-03 
1104	 1.28543508895013E-03 
1105	 1.88089534386234E-03 
1106	 1.96844439721962E-03 
1107	 1.68185982367308E-03 
1108	 1.44613075288174E-03 
1109	 0.001452854598662 
1110	 1.70808145791941E-03 
1111	 2.16347385498665E-03 
1112	 2.44354923869448E-03 
1113	 3.39035961091316E-03 
1114	 3.36726490464764E-03 
1115	 1.78290675319813E-03 
1116	 1.53203937424348E-03 
1117	 2.08310711654511E-03 
1118	 1.85298755603561E-03 
1119	 1.2096623795506E-03 
1120	 1.57121974293734E-03 
1121	 1.46274355196827E-03 
1122	 3.31511059092063E-03 
1123	 5.17345638555044E-03 
1124	 4.09614695858834E-03 
1125	 1.49024735619093E-03 
1126	 4.37355469029439E-04 
1127	-7.95081932908543E-04 
1128	 1.92088025635032E-03 
1129	 4.13803979797341E-03 
1130	 6.77583850838373E-03 
1131	 5.84538429285524E-03 
1132	 4.90110820231171E-03 
1133	 4.36268385441009E-03 
1134	 1.46414418772197E-03 
1135	 9.48406498059416E-04 
1136	 2.58335906240354E-03 
1137	 2.17223200396039E-03 
1138	 6.62945264982247E-04 
1139	 4.17894310027329E-04 
1140	 2.74205464275253E-04 
1141	-8.99896222299093E-05 
1142	 7.26068098537297E-04 
1143	 2.12112410199072E-03 
1144	 2.2914139048668E-03 
1145	 2.4056469864068E-03 
1146	 2.8430936549896E-03 
1147	 2.61500068627857E-03 
1148	 1.15224340338733E-03 
1149	 3.12255879435866E-04 
1150	 4.1631028335789E-04 
1151	 7.5124269012262E-04 
1152	 4.61356579121912E-04 
1153	 8.96094382379082E-04 
1154	 1.51923970685365E-03 
1155	 1.96909678495335E-03 
1156	 1.50029699721376E-03 
1157	 2.12614324886466E-03 
1158	 2.43412517489407E-03 
1159	 9.38080659980717E-04 
1160	 7.2452394000798E-04 
1161	 1.56106153356969E-03 
1162	 9.14756104868902E-04 
1163	 8.64329540635682E-04 
1164	 1.42720427475227E-03 
1165	 9.42715908644884E-04 
1166	 6.12745913464164E-04 
1167	 7.76236191924962E-04 
1168	 7.53905181907183E-04 
1169	 9.23489631471133E-04 
1170	 1.15443080160957E-03 
1171	 1.15571381646201E-03 
1172	 8.93045863302449E-04 
1173	 8.43608652940606E-04 
1174	 7.20766763927945E-04 
1175	 8.25930090803223E-04 
1176	 7.36747839403689E-04 
1177	 7.38809283345115E-04 
1178	 1.06232929037523E-03 
1179	 8.55180750757445E-04 
1180	 8.18722084588489E-04 
1181	 1.14752704730141E-03 
1182	 7.46520004191986E-04 
1183	 6.11550752192954E-04 
1184	 1.15557040705508E-03 
1185	 1.15824852740474E-03 
1186	 8.77121214426915E-04 
1187	 7.50631121349182E-04 
1188	 4.04895765951496E-04 
1189	 2.43276160641999E-04 
1190	 6.48864325524541E-04 
1191	 9.36341695562085E-04 
1192	 9.88023894018601E-04 
1193	 8.93164477658164E-04 
1194	 7.4151577514727E-04 
1195	 5.48055576710148E-04 
1196	 6.28247026438215E-04 
1197	 9.07148750532489E-04 
1198	 1.06300440791721E-03 
1199	 9.49393687836873E-04 
1200	 7.26526444491845E-04 
1201	 8.09119279841188E-04 
1202	 1.12901473532332E-03 
1203	 1.17899902752883E-03 
1204	 9.46461184457594E-04 
1205	 8.25529278685409E-04 
1206	 8.24063331740321E-04 
1207	 8.64532044825681E-04 
1208	 1.10405949859569E-03 
1209	 1.37454701087781E-03 
1210	 1.38790806161702E-03 
1211	 1.27225703779958E-03 
1212	 1.14276173654655E-03 
1213	 9.14522137557646E-04 
1214	 8.39451135675837E-04 
1215	 6.47564698272768E-04 
1216	 7.37092024814522E-04 
1217	 1.03497929014052E-03 
1218	 1.14455912682781E-03 
1219	 9.68698232625231E-04 
1220	 9.47623707792062E-04 
1221	 9.08307670869235E-04 
1222	 7.46252879615375E-04 
1223	 8.4983531358588E-04 
1224	 8.90370702187228E-04 
1225	 6.99822568728676E-04 
1226	 7.28672815435424E-04 
1227	 1.01088229756114E-03 
1228	 1.12544747583131E-03 
1229	 1.00759715605481E-03 
1230	 1.04151450381709E-03 
1231	 1.12972755621245E-03 
1232	 1.07097765364924E-03 
1233	 9.67651598937163E-04 
1234	 1.00489240293484E-03 
1235	 1.11441589664828E-03 
1236	 1.1500867297662E-03 
1237	 1.01048734261404E-03 
1238	 9.11393478332853E-04 
1239	 9.94179769298196E-04 
1240	 8.30774934429273E-04 
1241	 7.07526594193229E-04 
1242	 8.86244467163894E-04 
1243	 1.11318573168856E-03 
1244	 1.08919701578227E-03 
1245	 9.5734107373519E-04 
1246	 9.8490433406043E-04 
1247	 9.13764166500265E-04 
1248	 7.91133514155097E-04 
1249	 8.43069059337144E-04 
1250	 9.97456482631298E-04 
1251	 1.06955131532157E-03 
1252	 1.02689082571721E-03 
1253	 1.08801534246742E-03 
1254	 1.20670913571522E-03 
1255	 1.21529765656631E-03 
1256	 1.17753313769991E-03 
1257	 1.10035578042223E-03 
1258	 1.07067643852637E-03 
1259	 9.44106009788334E-04 
1260	 9.26294112500995E-04 
1261	 1.05244008779384E-03 
1262	 1.14596996171726E-03 
1263	 1.32614985603782E-03 
1264	 1.20028380828558E-03 
1265	 1.07648720387056E-03 
1266	 1.08774026730073E-03 
1267	 1.06232769469824E-03 
1268	 1.1439897842871E-03 
1269	 9.97441703371463E-04 
1270	 8.61456173201081E-04 
1271	 1.07115885216486E-03 
1272	 9.92631204409266E-04 
1273	 7.67721057318989E-04 
1274	 7.5321326564762E-04 
1275	 7.37762433610518E-04 
1276	 7.07304805578809E-04 
1277	 7.24740116417438E-04 
1278	 7.8592388419917E-04 
1279	 8.57312942073088E-04 
1280	 8.61069508226436E-04 
1281	 8.09929797985287E-04 
1282	 1.12274749972712E-03 
1283	 1.19218768136118E-03 
1284	 7.44112328424743E-04 
1285	 6.7820430006324E-04 
1286	 1.00715394936786E-03 
1287	 1.03471504676535E-03 
1288	 9.49707832946807E-04 
1289	 9.53190495749411E-04 
1290	 9.58047569342325E-04 
1291	 7.91084519386954E-04 
1292	 7.91694781641754E-04 
1293	 9.80125736973386E-04 
1294	 1.17718194645036E-03 
1295	 1.26984501649921E-03 
1296	 1.19326296517676E-03 
1297	 1.04239348912525E-03 
1298	 9.35236001186611E-04 
1299	 9.34916564277502E-04 
1300	 9.21933049047666E-04 
1301	 8.15136925445354E-04 
1302	 7.05788466146098E-04 
1303	 7.17648247111198E-04 
1304	 1.08907781514396E-03 
1305	 1.3192011539571E-03 
1306	 1.28789163986125E-03 
1307	 8.82777383718495E-04 
1308	 7.90816122736501E-04 
1309	 5.81131016312884E-04 
1310	 5.69018576810458E-04 
1311	 8.85824482528224E-04 
1312	 9.82919418567205E-04 
1313	 9.35009476099906E-04 
1314	 1.0339986252111E-03 
1315	 1.41528567017542E-03 
1316	 1.38130076945882E-03 
1317	 8.97245047144349E-04 
1318	 9.0492563683574E-04 
1319	 1.07899227614964E-03 
1320	 9.26752311078191E-04 
1321	 7.15484523946013E-04 
1322	 1.07265181222179E-03 
1323	 9.50961819380466E-04 
1324	 3.28228223099691E-04 
1325	 7.00485602968456E-04 
1326	 1.41825410802757E-03 
1327	 9.80969727848338E-04 
1328	 5.00723174689128E-04 
1329	 1.14928055781284E-03 
1330	 9.5702495669219E-04 
1331	 1.09908890110713E-04 
1332	 8.80446434156923E-04 
1333	 1.16982227575558E-03 
1334	 1.93944373525414E-04 
1335	-4.29242436861817E-05 
1336	 7.69732171484425E-04 
1337	 1.18046128278847E-03 
1338	 1.46478698203812E-03 
1339	 1.10880174261518E-03 
1340	 4.39254971676825E-04 
1341	 4.77863386785861E-04 
1342	-1.71017987418495E-04 
1343	-5.5215344901843E-04 
1344	 3.96495776726416E-04 
1345	 1.22997443453781E-03 
1346	 2.01231141177193E-03 
1347	 2.22564977038158E-03 
1348	 2.89423282207323E-03 
1349	 4.02118329024097E-03 
1350	 1.36689482073812E-03 
1351	 8.92141103962201E-04 
1352	 1.13361226440135E-02 
1353	 1.68331613572184E-02 
1354	 1.61887477205484E-02 
1355	 1.03290165046083E-02 
1356	-0.018845878207314 
1357	-3.39326567371267E-02 
1358	 1.41564094603936E-02 
1359	 3.61822593051213E-02 
1360	 2.19172687201554E-02 
1361	 1.86195640461125E-02 
1362	 4.77595519772499E-03 
1363	 1.73632609066906E-02 
1364	 3.15513675242791E-02 
1365	 0.017566359061509 
1366	 0.126517626648578 
1367	 0.258370718529396 
1368	 0.155533083980604 
1369	-0.115366627349996 
1370	-6.81980944701729E-02 
1371	-4.36777117907464E-02 
1372	-0.132151944131971 
1373	 0.226856405664158 
1374	 0.587266208489339 
1375	 0.140419616830104 
1376	 2.75445463807534E-04 
1377	 7.76480748935837E-02 
1378	 0.128911861484613 
1379	-0.136605704838957 
1380	-0.171685678125365 
1381	 0.326251054662777 
1382	 0.421271704065733 
1383	 0.298131065019888 
1384	 0.260399130276885 
1385	 8.06237154495179E-02 
1386	 9.92720858171126E-02 
1387	 0.2295409060859 
1388	 0.252143715655306 
1389	 0.334025774208888 
1390	 0.379510156515046 
1391	 0.422509612985368 
1392	 0.260096645589081 
1393	 0.181906033554756 
1394	 0.222745945725759 
1395	 0.211950315014757 
1396	 0.363641167502595 
1397	 0.632020281222948 
1398	 0.734606405746393 
1399	 0.367958083029418 
1400	 0.147272426716956 
1401	 0.169198424674622 
1402	 0.183474600455719 
1403	 0.308124592053035 
1404	 0.498251189102032 
1405	 0.454920467607452 
1406	 0.240172185120303 
1407	 0.163997934979807 
1408	 0.117924064465053 
1409	 5.82458204542321E-02 
1410	-4.83557815452909E-02 
1411	-4.22117293455017E-02 
1412	 5.21044688631165E-03 
1413	 2.05213583998747E-02 
1414	 7.94139655603962E-02 
1415	 7.91502929599238E-02 
1416	 0.020124424527195 
1417	 1.55327046892787E-02 
1418	 3.25492323997604E-02 
1419	 3.62601723657072E-02 
1420	 5.44719093958179E-02 
1421	 0.042060378018801 
1422	 8.46845414804065E-03 
1423	 5.05874984520751E-03 
1424	 7.20568467670557E-03 
1425	 3.20431920364551E-03 
1426	 4.75370871860434E-03 
1427	 7.44322545236984E-03 
1428	 5.54620347588908E-03 
1429	 3.65015748767608E-03 
1430	 8.83535785436726E-03 
1431	 1.02682746893316E-02 
1432	 3.42288817836251E-04 
1433	 4.05814815720617E-04 
1434	 1.36890455859682E-02 
1435	 0.014550938318775 
1436	 6.80842495118912E-03 
1437	 8.94622173936767E-03 
1438	 8.83905083142386E-03 
1439	 6.49961172789663E-03 
1440	 7.36895736072614E-03 
1441	 5.01817979181958E-03 
1442	 2.61124168915996E-03 
1443	 3.36882524317815E-03 
1444	 3.54737087747028E-03 
1445	 3.36305997731535E-03 
1446	 5.74568265467378E-03 
1447	 4.54023995405358E-03 
1448	 1.59350723886203E-03 
1449	 2.17424242789243E-03 
1450	 1.1132651690011E-03 
1451	-0.001491229074722 
1452	-9.4534145792397E-04 
1453	 8.65419413756624E-04 
1454	 1.32899260875382E-03 
1455	 1.2892304408174E-03 
1456	 1.07160163905357E-03 
1457	 5.06488423636307E-04 
1458	 5.28700264651878E-04 
1459	 4.24146618644738E-04 
1460	 6.03103129361278E-04 
1461	 1.7027234685903E-03 
1462	 1.62992114354757E-03 
1463	 6.21194675737081E-04 
1464	 5.67853998852525E-04 
1465	 3.17601022464335E-04 
1466	 5.31299688646198E-04 
1467	 2.36491721090808E-03 
1468	 2.24352219094844E-03 
1469	 2.71048536488269E-04 
1470	 1.62111086181147E-04 
1471	 4.61557752711032E-04 
1472	 7.43511754380471E-04 
1473	 2.15696491382799E-03 
1474	 2.23091057759698E-03 
1475	 1.62802354207039E-03 
1476	 9.8190387322042E-04 
1477	-8.1645979459522E-04 
1478	-7.8793149952563E-04 
1479	 8.22669416109137E-04 
1480	 6.11126381276353E-04 
1481	-2.68039423372611E-04 
1482	 3.51676527011829E-05 
1483	 2.32457769191418E-04 
1484	-1.14735062878615E-04 
1485	-3.16225039753436E-04 
1486	 2.94241883520821E-04 
1487	 1.15039385250578E-03 
1488	 1.07618374327591E-03 
1489	 1.04750927958719E-03 
1490	 1.26688448901023E-03 
1491	 1.05431735788075E-03 
1492	 8.15063417286993E-04 
1493	 8.22697212201965E-04 
1494	 1.05194420632495E-03 
1495	 1.29698436657105E-03 
1496	 1.1249163927114E-03 
1497	 8.14897202946489E-04 
1498	 9.13259956100525E-04 
1499	 1.07017560010104E-03 
1500	 9.04521876172556E-04 
1501	 8.48472080008443E-04 
1502	 9.43496291847852E-04 
1503	 7.42293418554374E-04 
1504	 5.25895401179445E-04 
1505	 4.28310912249892E-04 
1506	 6.58237070088397E-04 
1507	 5.70299337988112E-04 
1508	 4.54069617323476E-04 
1509	 7.15334925734631E-04 
1510	 8.38688417699146E-04 
1511	 5.20998514110632E-04 
1512	 3.3966753256413E-04 
1513	 4.38445471995722E-04 
1514	 5.25135004031456E-04 
1515	 4.24886929611801E-04 
1516	 2.53075120328829E-04 
1517	 2.1211437115881E-04 
1518	 3.02097491246882E-04 
1519	 4.88528558503346E-04 
1520	 5.78664623167957E-04 
1521	 4.74705720882287E-04 
1522	 4.32425200454781E-04 
1523	 4.70346531269259E-04 
1524	 6.39175513917774E-04 
1525	 9.71051022260253E-04 
1526	 8.88623190344013E-04 
1527	 4.69823429669068E-04 
1528	 5.13584847226202E-04 
1529	 7.12061209360254E-04 
1530	 5.12326986811074E-04 
1531	 3.23426543455142E-04 
1532	 4.45749266220438E-04 
1533	 6.34465392334657E-04 
1534	 6.85913021723069E-04 
1535	 7.15860129048787E-04 
1536	 7.04587663842695E-04 
1537	 6.04820414466913E-04 
1538	 6.49632892022684E-04 
1539	 7.49556712747965E-04 
1540	 7.71256805485995E-04 
1541	 8.09349977770518E-04 
1542	 6.84501193598747E-04 
1543	 6.41218879861141E-04 
1544	 8.25833986209143E-04 
1545	 7.71258746743619E-04 
1546	 7.38108178036649E-04 
1547	 7.90077774446846E-04 
1548	 7.13346594648608E-04 
1549	 8.04355042645602E-04 
1550	 7.65091243706079E-04 
1551	 3.43931979620735E-04 
1552	 9.11321914904761E-05 
1553	 1.18433184059074E-04 
1554	 2.22800220527704E-05 
1555	 2.57757477022839E-04 
1556	 7.81061867181963E-04 
1557	 6.19009952621051E-04 
1558	 3.14805052461455E-04 
1559	 4.30521048197289E-04 
1560	 5.06191008214067E-04 
1561	 4.51709538421556E-04 
1562	 3.12634501637363E-04 
1563	 2.44299214301868E-04 
1564	 2.82237852178667E-04 
1565	 4.49367688720351E-04 
1566	 7.2049724748617E-04 
1567	 8.58571662642784E-04 
1568	 8.54997192884404E-04 
1569	 7.56708289264891E-04 
1570	 7.51731888330861E-04 
1571	 6.31759789872223E-04 
1572	 3.11085114048735E-04 
1573	 2.42020603066628E-04 
1574	 2.75170060396546E-04 
1575	 4.80257919024963E-04 
1576	 6.30881947357097E-04 
1577	 3.31949176073937E-04 
1578	 3.64995772817719E-04 
1579	 5.90830757081313E-04 
1580	 3.81177768157784E-04 
1581	 4.10199047664333E-04 
1582	 7.62331837212681E-04 
1583	 6.21465570627909E-04 
1584	 2.59329221084833E-04 
1585	 4.78147397492406E-04 
1586	 7.72865879346107E-04 
1587	 6.40497589730701E-04 
1588	 7.26797994795618E-04 
1589	 9.03688646182734E-04 
1590	 6.14225207257275E-04 
1591	 4.36927793705684E-04 
1592	 7.13700354379055E-04 
1593	 7.3622494455877E-04 
1594	 5.09947971432465E-04 
1595	 6.14948453975724E-04 
1596	 7.65737128904243E-04 
1597	 8.0042701093714E-04 
1598	 8.04240085364931E-04 
1599	 5.35018054886817E-04 
1600	 2.8906907319324E-04 
1601	 3.80782462067475E-04 
1602	 5.77029096517062E-04 
1603	 8.60264187561253E-04 
1604	 1.07987300940257E-03 
1605	 1.04317572294094E-03 
1606	 8.93615580185672E-04 
1607	 7.82639879568065E-04 
1608	 8.22466797032219E-04 
1609	 7.95581068347289E-04 
1610	 8.11113031961177E-04 
1611	 9.11750291165861E-04 
1612	 7.88997931922073E-04 
1613	 8.33487704218443E-04 
1614	 8.9985191800888E-04 
1615	 6.81702681011378E-04 
1616	 7.09563519567327E-04 
1617	 9.62119353268723E-04 
1618	 8.56575817715009E-04 
1619	 6.56643456969067E-04 
1620	 8.84596916230417E-04 
1621	 9.3343939297586E-04 
1622	 7.34391447057277E-04 
1623	 7.92334037330939E-04 
1624	 8.0588574960859E-04 
1625	 6.5449675621081E-04 
1626	 6.77962667956823E-04 
1627	 9.52050078123561E-04 
1628	 1.01891478186233E-03 
1629	 1.03989746145981E-03 
1630	 1.17478753498987E-03 
1631	 9.1316635606756E-04 
1632	 8.6031771318416E-04 
1633	 1.12701062453578E-03 
1634	 9.28076735500559E-04 
1635	 7.21414185878759E-04 
1636	 7.44930466870841E-04 
1637	 5.96158051540607E-04 
1638	 6.10266113750887E-04 
1639	 9.27529929680243E-04 
1640	 9.6653797575403E-04 
1641	 6.44650550135096E-04 
1642	 3.44413633662865E-04 
1643	 3.67388073113384E-04 
1644	 6.05959212517408E-04 
1645	 7.07327444864257E-04 
1646	 7.81719379889464E-04 
1647	 8.36324937077841E-04 
1648	 6.97710034286675E-04 
1649	 5.61667849270571E-04 
1650	 5.20880801136215E-04 
1651	 4.13016873253802E-04 
1652	 5.55102740108529E-04 
1653	 1.14914034953758E-03 
1654	 1.25586599959522E-03 
1655	 1.17325182788482E-03 
1656	 1.12713355266848E-03 
1657	 7.43590034712244E-04 
1658	 5.47726607998854E-04 
1659	 5.49984882721137E-04 
1660	 5.66438677957326E-04 
1661	 6.43737331777875E-04 
1662	 6.18258458312299E-04 
1663	 5.93355255469795E-04 
1664	 5.29516486640516E-04 
1665	 2.3664714550961E-04 
1666	 1.52164496787524E-04 
1667	 2.51410295071738E-04 
1668	 5.64832019083776E-04 
1669	 8.57753994393612E-04 
1670	 8.874497192528E-04 
1671	 8.9231498978613E-04 
1672	 8.04950023052919E-04 
1673	 5.40719237942846E-04 
1674	 7.52394392150701E-04 
1675	 1.03316821516262E-03 
1676	 8.02846619902069E-04 
1677	 7.32947771342499E-04 
1678	 6.31267011522351E-04 
1679	 2.90318209033633E-04 
1680	 3.57741533034728E-04 
1681	 5.75064824308362E-04 
1682	 6.87008281108218E-04 
1683	 6.77538774893042E-04 
1684	 6.15658871136498E-04 
1685	 9.0595586906386E-04 
1686	 1.01277687563087E-03 
1687	 6.87850423996289E-04 
1688	 6.08509778555084E-04 
1689	 5.15681097197817E-04 
1690	 3.25302378280433E-04 
1691	 7.86338680112218E-04 
1692	 1.31427017142321E-03 
1693	 1.05071466765478E-03 
1694	 7.14742016744236E-04 
1695	 7.01564269886933E-04 
1696	 2.79534505734625E-04 
1697	-1.7953618693047E-04 
1698	 2.06664832250648E-04 
1699	 4.72880557183464E-04 
1700	 2.22812226790867E-04 
1701	 3.4172140111531E-04 
1702	 5.53459912189717E-04 
1703	 5.53802794834139E-04 
1704	 6.89125254208123E-04 
1705	 9.91370289323225E-04 
1706	 1.06694949897465E-03 
1707	 6.73121147683808E-04 
1708	 2.86868268106567E-04 
1709	 2.36287182518525E-04 
1710	 9.03665361637048E-05 
1711	 1.85615133598635E-04 
1712	 9.04007961947771E-04 
1713	 5.84251026578231E-04 
1714	 7.11358882299863E-04 
1715	 1.02779016223472E-03 
1716	 6.53488428304446E-04 
1717	 6.42857486079043E-04 
1718	 6.43535482846386E-04 
1719	 2.84411939229893E-04 
1720	 4.69371944517839E-04 
1721	 1.09011377375596E-03 
1722	 1.28344156668359E-03 
1723	 9.8174034931549E-04 
1724	 5.00951414354306E-04 
1725	-3.33146254506421E-05 
1726	-3.75845476170163E-04 
1727	 5.85963001758601E-05 
1728	 1.0838816396484E-03 
1729	 1.40912675369794E-03 
1730	 1.08642477339032E-03 
1731	 7.62650163425406E-04 
1732	 7.47225096454265E-05 
1733	 2.71851738863989E-04 
1734	 1.54113713950588E-03 
1735	 1.22091757775458E-03 
1736	 1.57323010914339E-04 
1737	 3.38859947294261E-04 
1738	 3.12230077442191E-04 
1739	 4.12441373454402E-04 
1740	 1.36816436474021E-03 
1741	 1.21241558305079E-03 
1742	 2.72887128530187E-05 
1743	 9.8643383920011E-05 
1744	 1.32958923364588E-03 
1745	 1.53161157974214E-03 
1746	 8.73243159031491E-04 
1747	 9.36065240294358E-04 
1748	 5.59880253120004E-04 
1749	 4.3109441439905E-04 
1750	 1.19235993004016E-03 
1751	 1.31380064619118E-03 
1752	 6.95520329695387E-04 
1753	 7.1705561030817E-04 
1754	 1.29846573299529E-03 
1755	 1.29818589608141E-03 
1756	 8.37595703683951E-04 
1757	 9.25668097068636E-04 
1758	 1.27912270992564E-03 
1759	 1.79263092151113E-03 
1760	 2.2124805262502E-03 
1761	 1.68692202651998E-03 
1762	 8.62152638564651E-04 
1763	 5.77217269537785E-04 
1764	-2.60509865661262E-04 
1765	-5.14711092596705E-04 
1766	 8.33896472916957E-04 
1767	 1.36797938257303E-03 
1768	 1.6018462847833E-03 
1769	 1.85270615718841E-03 
1770	 1.114615264197E-04 
1771	-1.52024730878982E-03 
1772	-1.70778971826597E-03 
1773	-1.33477494020527E-03 
1774	-3.80291583516027E-04 
1775	 1.62696860074597E-03 
1776	 1.68334766662182E-03 
1777	-1.22487967293407E-03 
1778	-1.61122864943506E-03 
1779	-1.77859354744317E-03 
1780	-1.67719149723605E-03 
1781	 1.60616903697059E-03 
1782	 2.5687974643349E-03 
1783	 1.49441886526511E-03 
1784	 1.53055705562565E-03 
1785	 1.25211459732202E-03 
1786	 1.41397597719328E-03 
1787	 2.50351615159053E-03 
1788	 1.88881462318021E-03 
1789	-5.38645556778984E-05 
1790	-9.14260661638498E-05 
1791	-8.16469312521838E-04 
1792	 1.52111382276706E-04 
1793	 1.61066852383332E-03 
1794	-1.92913552850684E-03 
1795	-2.74553605660368E-03 
1796	 1.41058076101495E-03 
1797	 9.99164817872495E-04 
1798	-3.89681457471845E-03 
1799	-8.27648592847948E-03 
1800	-6.44034455543884E-03 
1801	-8.36063127593324E-03 
1802	 1.55211369998835E-03 
1803	 8.40723015598826E-03 
1804	-5.53389688927706E-03 
1805	-6.64273934275876E-03 
1806	 1.75337609927982E-02 
1807	 2.11683348588211E-02 
1808	 8.76967758428276E-03 
1809	 4.86495495424444E-03 
1810	-2.58075879797083E-02 
1811	-2.38443779399973E-02 
1812	 4.11460475486752E-02 
1813	 6.07236578261896E-02 
1814	 7.08289967154522E-02 
1815	 0.11825782084768 
1816	 0.140198868044008 
1817	 0.192458670400822 
1818	 3.70190515899171E-02 
1819	-0.203024433419659 
1820	-0.318535520348236 
1821	 0.154274076882989 
1822	 0.404705839748889 
1823	 0.711999428737169 
1824	 0.788156837577314 
1825	 0.26701417067489 
1826	 0.233836102215299 
1827	 0.599225658771598 
1828	 0.487958504850929 
1829	 0.350459540167459 
1830	 0.313173471411905 
1831	 2.57110218119014 
1832	-1.2628863848156 
1833	-0.416005157635339 
1834	-0.443066948884551 
1835	-0.690878237340742 
1836	-0.995050566397083 
1837	-1.78125325433356 
1838	-3.23284108551081 
1839	 5.34338208184901 
1840	 2.19151189954912 
1841	 1.19429522225474 
1842	 0.751213884317547 
1843	 0.725104439063361 
1844	 1.76282304410193 
1845	 2.2800159785861 
1846	 2.8914956944842 
1847	 2.02167822615433 
1848	 0.853797504927013 
1849	 0.231868848708237 
1850	-0.278751112717481 
1851	-0.205517761437692 
1852	 0.137197821238827 
1853	-1.23816464466884 
1854	-0.392707966001415 
1855	-0.425108729128505 
1856	-0.350965506004983 
1857	-2.18503901874067E-02 
1858	-0.389209345816214 
1859	 26.6943891312085 
1860	 23.4021845032506 
1861	-1.03931343331406 
1862	-0.462882937189728 
1863	 0.018651287873682 
1864	 15.5995500793556 
1865	 2.14036141019067 
1866	 0.409974605491271 
1867	-2.66367246734815E-02 
1868	-0.348619981229101 
1869	-0.175344042016258 
1870	 0.457952667871227 
1871	 2.52299233939026E-02 
1872	-5.08471647701518E-02 
1873	 0.185013548106713 
1874	-0.149181630445017 
1875	 0.410110202395604 
1876	 0.865292117205761 
1877	 1.89912650759966 
1878	 1.50243558767212 
1879	 0.108246415267879 
1880	 4.07703850701406E-02 
1881	 0.079225709645239 
1882	 0.291505646843666 
1883	 0.906938926748227 
1884	 2.98337192827752 
1885	-6.40422338755693 
1886	 11.3103904483411 
1887	 0.283921525672749 
1888	 0.647911321957081 
1889	 0.797973256779875 
1890	 0.683823228016207 
1891	 0.557531939187876 
1892	 0.35664250676117 
1893	 3.79314085981191 
1894	 1.09602932265062 
1895	-2.49810484534101 
1896	-0.120978589789399 
1897	-0.612414901300429 
1898	-1.17189056931221 
1899	-0.548827576614636 
1900	-0.495564885191322 
1901	-0.706370635487642 
1902	-0.892711277814807 
1903	-1.24115260737839 
1904	-34.3028908573346 
1905	 0.870721788839866 
1906	 1.09211935169205 
1907	 1.04629540223832 
1908	 2.25280651882347 
1909	-2.78013582046903 
1910	-22.380900833736 
1911	 0.223963875012123 
1912	 0.975335107677046 
1913	 1.22606586805665 
1914	-3.63701037024645 
1915	-4.69597844946252 
1916	-0.80487308142384 
1917	-0.73736559361425 
1918	-2.71747446069215 
1919	-7.85482296540125 
1920	-7.19090592050634 
1921	-1.6888725807838 
1922	-1.06124447524636 
1923	 17.8899522864211 
1924	 1.92490485269371 
1925	 0.147661220282433 
1926	-0.199832928184078 
1927	-1.18389877647306 
1928	-1.0914450113139 
1929	-0.869038717777209 
1930	-0.216007828372596 
1931	-0.195636697472884 
1932	-0.178551876676979 
1933	 0.109170749002429 
1934	 8.80639161748353E-02 
1935	 0.109048583388594 
1936	 0.175604279456217 
1937	 0.125755518272704 
1938	-9.76063551428601E-04 
1939	-3.03397555249881E-02 
1940	-3.46053264246843E-02 
1941	 6.41211404699949E-03 
1942	-1.40318856153078E-03 
1943	-1.82469273356249E-03 
1944	 1.02712164266185E-02 
1945	-1.19716373589279E-02 
1946	-2.41128188572783E-02 
1947	-1.60919599915677E-02 
1948	-2.81259379102902E-02 
1949	-2.83907417221235E-02 
1950	-5.56817913537767E-03 
1951	 1.36307296121583E-02 
1952	 1.77466920600886E-02 
1953	 2.45590953160437E-02 
1954	 1.37006145822832E-02 
1955	-3.44953653026195E-03 
1956	-1.03472621553163E-02 
1957	-1.18637181704176E-02 
1958	-1.03459546421945E-02 
1959	-1.57864725405154E-02 
1960	-1.66656635622267E-02 
1961	-8.46499160262872E-03 
1962	-6.59137589870631E-03 
1963	-2.2858428114114E-03 
1964	 1.74724283965007E-03 
1965	-3.30359103427284E-03 
1966	-4.42920008731722E-03 
1967	-4.8152712488068E-03 
1968	-2.36142343132405E-03 
1969	-1.82848220243779E-03 
1970	-8.98563095377101E-04 
1971	 8.69970381857554E-05 
1972	 1.44147398856261E-03 
1973	 2.95746200583523E-03 
1974	 4.15334979102917E-03 
1975	 4.08963169800167E-03 
1976	 2.00235883418537E-03 
1977	 6.78631066915689E-04 
1978	-3.06540026214504E-04 
1979	-1.25007593905883E-03 
1980	-1.45586998471106E-03 
1981	-1.22098324217471E-03 
1982	-1.74866771347209E-03 
1983	-1.72623386236621E-03 
1984	-1.44405943426143E-03 
1985	-2.07641292194772E-04 
1986	 1.30853673735558E-03 
1987	 1.76504316489585E-03 
1988	 2.40063356289671E-03 
1989	 1.56036333230851E-03 
1990	-1.31217349072614E-03 
1991	-2.60040180368009E-03 
1992	-2.04243159249714E-03 
1993	-1.6291694140796E-03 
1994	-1.15349417220577E-03 
1995	 8.36254878625763E-04 
1996	 2.05035526620235E-03 
1997	 9.66705695294804E-04 
1998	 2.32651409904452E-05 
1999	-6.50406634123357E-04 
2000	-2.66925775848942E-03 
2001	-4.30651648768697E-03 
2002	-5.34950982859031E-03 
2003	-6.26464702245927E-03 
2004	-5.45133968474421E-03 
2005	-4.25695308121958E-03 
2006	-2.88532252118919E-03 
2007	-1.41758692594875E-03 
2008	-2.78567336766569E-04 
2009	-3.22615577516528E-04 
2010	-3.43731968961104E-03 
2011	-3.73224328549899E-03 
2012	-2.78094771787884E-03 
2013	-2.88092975287084E-03 
2014	-1.81101060462447E-03 
2015	 6.14399275038068E-04 
2016	 6.51998925577728E-06 
2017	-9.69666527501137E-05 
2018	 1.16554213303821E-03 
2019	 1.20199382455094E-03 
2020	 1.90350419076309E-03 
2021	 2.33615655930848E-03 
2022	 1.04501285040275E-03 
2023	 1.5955065733525E-04 
2024	-7.21485027746483E-04 
2025	-2.23006160603204E-03 
2026	-2.48087981837901E-03 
2027	-2.27795457378117E-03 
2028	-2.00060531592504E-03 
2029	-1.23495072735851E-03 
2030	-8.04840171253081E-04 
2031	-9.73781649619275E-04 
2032	-1.17345820638808E-03 
2033	-1.50013818118264E-03 
2034	-1.78361689628916E-03 
2035	-1.40065082253568E-03 
2036	-1.28076337216028E-03 
2037	-1.0579916137873E-03 
2038	-2.95968335729597E-05 
2039	 1.66670107995698E-04 
2040	-5.14350143769393E-05 
2041	-1.62561090484175E-04 
2042	-1.22672459712315E-03 
2043	-1.50188912519455E-03 
2044	-1.42296087542583E-03 
2045	-6.49619417524903E-04 
2046	-5.3692667452331E-04 
2047	 5.51964911477858E-04 
2048	 1.22804640300703E-03 
2049	 7.91207246974631E-05 
2050	-1.13748891421774E-03 
2051	-1.98145903783583E-03 
2052	-2.62000182885596E-03 
2053	-3.36024881842372E-03 
2054	-2.92522030310693E-03 
2055	-1.00924335695208E-03 
2056	-2.65831104168189E-04 
2057	 3.94814840478333E-04 
2058	 3.54887035944845E-04 
2059	-1.44716721020546E-03 
2060	-1.5512085924339E-03 
2061	-1.34356123892847E-03 
2062	-3.59387108905197E-05 
2063	-3.87740914038154E-04 
2064	-9.41662681836412E-04 
2065	-1.43490951421563E-03 
2066	-1.52953762225442E-03 
2067	 1.24339828471874E-04 
2068	 0.00166782335211 
2069	 1.94645183083169E-03 
2070	 2.30734547198112E-03 
2071	 3.18046307981523E-03 
2072	 3.3928341357643E-03 
2073	 2.65809578254083E-03 
2074	 3.6424431352121E-04 
2075	-3.45340998929943E-04 
2076	-1.13509614849084E-03 
2077	-1.55692132505487E-03 
2078	-8.18935645172271E-04 
2079	-5.23817676590398E-04 
2080	-9.44325044952389E-04 
2081	-2.44139877259477E-04 
2082	 5.59424543480312E-04 
2083	-1.51392680366427E-04 
2084	-4.31769851876159E-04 
2085	-8.00873623074117E-04 
2086	-1.52659454156407E-03 
2087	-9.23315974653658E-04 
2088	-1.31863931579109E-04 
2089	 5.0558973330007E-05 
2090	 9.47998852813427E-04 
2091	 1.5915400940945E-03 
2092	 1.45375516505012E-03 
2093	 4.70925975746664E-04 
2094	 4.67291000258116E-05 
2095	-8.75561057922193E-04 
2096	-1.19220131973636E-03 
2097	-8.4551225725442E-04 
2098	-8.39271346916052E-04 
2099	-7.64762256738049E-04 
2100	-1.16110950852349E-03 
2101	-1.12007123114221E-03 
2102	-7.71016009278255E-04 
2103	-1.27902197935205E-03 
2104	-1.2998458959294E-03 
2105	-9.6111082526399E-04 
2106	-0.001040768796916 
2107	-6.69312547436956E-04 
2108	-2.68676498727109E-04 
2109	-4.50713230186243E-04 
2110	-1.15129405557483E-03 
2111	-1.54465198077665E-03 
2112	-1.69033991113109E-03 
2113	-2.20725799871504E-03 
2114	-3.49516999361852E-03 
2115	-3.18349945347038E-03 
2116	-1.82227594439464E-03 
2117	-1.61407173236176E-03 
2118	-8.96412940920827E-04 
2119	-3.76998403715009E-04 
2120	-6.05449493765455E-04 
2121	-1.18766089031817E-03 
2122	-1.11269773672487E-03 
2123	-6.24465292975777E-04 
2124	 9.58842412008977E-05 
2125	 2.83115176778601E-04 
2126	 2.40477715649466E-04 
2127	 3.54705704716182E-04 
2128	-6.94690147179583E-05 
2129	-1.35724889956611E-06 
2130	 1.30574742011351E-04 
2131	 3.62428566074693E-04 
2132	 6.9950018591023E-04 
2133	-2.56842817673651E-04 
2134	-6.1579930126232E-05 
2135	 1.59192652229512E-03 
2136	 1.58384732629838E-03 
2137	 1.00603934387683E-03 
2138	 9.16327866985015E-04 
2139	 2.36427098195103E-04 
2140	-2.45110324862697E-04 
2141	-3.51857658859403E-04 
2142	-7.17960710959292E-04 
2143	-1.55803833812779E-03 
2144	-2.14273328678599E-03 
2145	-1.74657629821286E-03 
2146	-9.37014787752583E-04 
2147	 7.58748712902811E-06 
2148	 5.02483385320138E-04 
2149	 2.44393366598484E-04 
2150	 2.57113450800082E-04 
2151	 7.49574536282021E-04 
2152	 8.97896153278648E-04 
2153	 1.31092252890582E-03 
2154	 2.23539143030721E-03 
2155	 2.02140634408214E-03 
2156	 1.91633303249697E-03 
2157	 2.02605075626276E-03 
2158	 1.96519198676372E-03 
2159	 1.66651599821187E-03 
2160	 1.64469494581091E-03 
2161	 0.001465182004765 
2162	 9.81300799875297E-04 
2163	 6.00738919824116E-04 
2164	-6.06584079109638E-05 
2165	-1.93191549313164E-04 
2166	 1.07966413415719E-04 
2167	 5.98731324539577E-05 
2168	-1.11450426745862E-05 
2169	 4.57405387245406E-04 
2170	 1.24824257444404E-03 
2171	 1.39205446839412E-03 
2172	 1.9198525725604E-03 
2173	 1.38785633952433E-03 
2174	-5.2404645914573E-05 
2175	-1.2014585877602E-04 
2176	-6.82691847756263E-04 
2177	-8.5497633465248E-04 
2178	 6.87823709951158E-05 
2179	-5.36084812932797E-04 
2180	-0.001605404522198 
2181	-1.57204369598381E-03 
2182	-1.71848266518516E-03 
2183	-2.49029156508637E-03 
2184	-1.57538373049172E-03 
2185	 5.57354198108691E-04 
2186	 2.89470202259659E-04 
2187	-2.17156591312709E-03 
2188	-2.58213626516999E-03 
2189	-3.80079947124802E-03 
2190	-3.92006982182447E-03 
2191	-1.09999418334401E-03 
2192	 1.15487157408803E-04 
2193	 1.13942158105217E-04 
2194	 7.0296084690339E-04 
2195	 1.45825825689542E-03 
2196	 1.65554147710489E-03 
2197	 2.33842773171657E-03 
2198	 1.95379027951801E-03 
2199	 2.30247830641226E-04 
2200	-1.43371810130489E-03 
2201	-6.0540296417533E-04 
2202	 1.04070281245599E-04 
2203	 7.50122040917989E-04 
2204	 2.48058407919768E-03 
2205	 1.83890082919261E-03 
2206	-5.96183678497197E-04 
2207	-1.3310527260772E-03 
2208	-9.27472688473854E-05 
2209	-4.95042895501284E-04 
2210	-1.97030776531929E-03 
2211	-2.47736353495329E-03 
2212	-3.31420306044368E-03 
2213	-3.94157271906006E-03 
2214	-1.93881705480827E-03 
2215	 6.28780430335833E-04 
2216	-2.71234624584259E-04 
2217	-5.31418328875739E-04 
2218	-7.08928701729778E-04 
2219	-8.64191792464357E-04 
2220	-1.65051239677141E-03 
2221	-1.69702952966005E-03 
2222	-1.17898757505518E-03 
2223	-1.22111577753127E-03 
2224	-2.11713963000775E-03 
2225	-1.9934471896277E-03 
2226	-8.84821562305855E-04 
2227	-6.15161607154134E-04 
2228	-2.73831965986611E-04 
2229	 1.92802190164115E-04 
2230	 6.72902861589996E-04 
2231	 4.14981048094282E-04 
2232	-1.03200922446447E-03 
2233	-9.88363524297471E-04 
2234	-6.51723321649059E-04 
2235	-2.73329652767021E-04 
2236	 2.50132105443009E-04 
2237	 1.72675164317391E-03 
2238	 1.38296941497132E-03 
2239	-3.95975796712234E-04 
2240	-7.81371478467928E-04 
2241	 3.1330393084208E-04 
2242	 1.10512242113964E-03 
2243	 5.23565771501139E-04 
2244	 3.20529439450536E-04 
2245	 1.75124271633639E-04 
2246	 6.07819733471806E-05 
2247	 2.80114464686938E-04 
2248	 1.19465744148317E-04 
2249	-8.71719818828022E-04 
2250	-1.57502523918686E-03 
2251	-8.65488338986435E-04 
2252	-2.36501977301119E-04 
2253	 1.53932128987548E-03 
2254	 1.68973406017427E-03 
2255	 3.21705359507733E-04 
2256	 1.32064859105582E-03 
2257	-1.39198535858577E-04 
2258	-3.67658933451607E-03 
2259	-4.46158785045146E-03 
2260	-3.95145474899947E-03 
2261	-2.58398389602199E-03 
2262	-1.75893071035811E-03 
2263	 1.8168627376441E-03 
2264	 2.69549859378451E-03 
2265	 8.24822880684131E-04 
2266	 4.62366362153547E-04 
2267	 4.788538267212E-04 
2268	 2.63959110566163E-04 
2269	-8.04198432696538E-04 
2270	-5.34815502711878E-04 
2271	 1.93782968580911E-03 
2272	 2.0870395078384E-03 
2273	 1.84148402547663E-03 
2274	 1.32200430631418E-03 
2275	-2.16461697399274E-03 
2276	-3.50964643875022E-03 
2277	-2.77461847181407E-03 
2278	-3.42044356728162E-03 
2279	-4.72262718473993E-03 
2280	-4.58365688961963E-03 
2281	-4.46298455290608E-03 
2282	-3.87119879496472E-03 
2283	-9.11165522258485E-04 
2284	 6.19680298067847E-04 
2285	 1.22863377944148E-03 
2286	 2.59443866863145E-04 
2287	-2.71252244306963E-03 
2288	-3.49455742124668E-03 
2289	-4.21289386623578E-03 
2290	-5.39103556444263E-03 
2291	-4.69093073490509E-03 
2292	-3.44113258596283E-03 
2293	-4.81509337115603E-03 
2294	-3.62462471356322E-03 
2295	 1.04545347603723E-04 
2296	-1.92170528920167E-04 
2297	 2.01942123780351E-03 
2298	 2.84923229067967E-03 
2299	-2.47626538743756E-05 
2300	 1.10809100050904E-03 
2301	 1.17991175310157E-03 
2302	 2.47415597270419E-03 
2303	 4.40958912339226E-03 
2304	 2.15786424463557E-03 
2305	-2.28088631165589E-04 
2306	-2.33697028051123E-03 
2307	-4.10263041750612E-03 
2308	-5.23195945550253E-03 
2309	-1.73630547187055E-03 
2310	 2.67975968440199E-03 
2311	 9.20051471972107E-04 
2312	-9.13876971646109E-04 
2313	-1.26655613149628E-03 
2314	-2.41450035299451E-03 
2315	-3.74906945170414E-03 
2316	-2.78491486196531E-04 
2317	 3.81032193624562E-03 
2318	-1.22107959116159E-03 
2319	-3.38553893669629E-03 
2320	-1.21896197043288E-03 
2321	-2.96453927855612E-03 
2322	-2.79903669883256E-03 
2323	-1.26829887202001E-03 
2324	-9.46775447430833E-04 
2325	 1.32431431884571E-03 
2326	 7.15211781295283E-03 
2327	 1.23933768299036E-02 
2328	 9.01029161417255E-03 
2329	 1.25503739144238E-03 
2330	-4.14946603223778E-03 
2331	-9.72144017671735E-03 
2332	-0.010685113994741 
2333	-8.9895369287616E-03 
2334	-0.011780547099189 
2335	-1.28564455481346E-02 
2336	-1.35576167874869E-02 
2337	-1.51471595498617E-02 
2338	-1.01933408900397E-02 
2339	-8.01229851558554E-03 
2340	-1.33124253864168E-02 
2341	-9.81983787298698E-03 
2342	-7.75575127423893E-03 
2343	-1.63206387141412E-02 
2344	-1.34374597204722E-02 
2345	-0.013874373805789 
2346	-2.54658552914452E-02 
2347	-1.90380490986629E-02 
2348	-4.10646323463737E-03 
2349	 5.97753404577831E-03 
2350	 1.39154562612911E-02 
2351	 1.10416753100786E-02 
2352	 1.78780523302136E-03 
2353	-7.01038402553527E-03 
2354	-1.47341947050546E-02 
2355	-1.67283204084984E-02 
2356	-1.75825212674523E-02 
2357	-1.64551067084591E-02 
2358	-8.00640422370186E-03 
2359	 8.48850571553225E-04 
2360	 5.34196885419152E-03 
2361	 4.9725561386922E-03 
2362	 4.43962867539285E-03 
2363	 9.82003302195761E-04 
2364	-4.13900472711375E-03 
2365	-6.41813783283214E-03 
2366	-7.13666681851817E-03 
2367	-4.55269137691192E-03 
2368	-5.78471092571124E-03 
2369	-3.15240249306783E-03 
2370	-6.8271476275838E-03 
2371	-2.39703861677606E-02 
2372	-0.022190809826258 
2373	-9.19932723926218E-03 
2374	-1.53485143590731E-03 
2375	 1.14263696232853E-02 
2376	 2.81251282240582E-02 
2377	 2.71777342837011E-02 
2378	 2.57386850704238E-03 
2379	-3.41694261259224E-02 
2380	-5.14806246523375E-02 
2381	-4.67436189096056E-02 
2382	-5.21940048038397E-02 
2383	-3.20055971953434E-02 
2384	-2.76555650048458E-02 
2385	-5.38077955320618E-02 
2386	-2.35153870332631E-02 
2387	-5.89635993123577E-03 
2388	-1.79792686421069E-02 
2389	 3.8122478032519E-03 
2390	 1.20339484622482E-02 
2391	-3.11279723346751E-03 
2392	 7.32302439892352E-03 
2393	 1.61882008357582E-02 
2394	-4.71975440734092E-03 
2395	-8.86388214498665E-03 
2396	-1.48193068906184E-02 
2397	-4.72652713500909E-02 
2398	-4.31125403060088E-02 
2399	-2.12499862329699E-02 
2400	-3.19221735565142E-02 
2401	-2.10821277575662E-02 
2402	 6.00564318767964E-03 
2403	-4.00176838392252E-02 
2404	-8.81261175309844E-02 
2405	-0.089135853775919 
2406	-0.169241095620612 
2407	-0.189327381002998 
2408	-0.101530032098566 
2409	-7.52143879327365E-02 
2410	-3.65110075072225E-02 
2411	 1.46894723298937E-02 
2412	-1.94708974220823E-02 
2413	-5.13383297589032E-02 
2414	-3.83432316824928E-02 
2415	 9.24377704444669E-03 
2416	 3.16944325365889E-02 
2417	 0.02290941784287 
2418	 4.92981817916884E-03 
2419	-0.119190111601666 
2420	-0.242879633401388 
2421	-0.256801440413529 
2422	-0.197347040283861 
2423	-0.149266047512881 
2424	-8.08921133441519E-02 
2425	-4.51640107380431E-02 
2426	-8.48916982366877E-02 
2427	-8.19833263614593E-02 
2428	-6.33611451219476E-02 
2429	-3.11776295564926E-02 
2430	-3.54449096097478E-02 
2431	-0.173205351474151 
2432	-0.179375319169012 
2433	-8.04011923652038E-02 
2434	-7.63527786544329E-02 
2435	-1.60564883043935E-02 
2436	-7.99621273675731E-03 
2437	-0.212605396819561 
2438	-0.22094316482959 
2439	-0.177594041817803 
2440	-0.224348989887847 
2441	-0.183447860261167 
2442	-0.234346820046222 
2443	-0.202754654353823 
2444	 2.10718379773023E-02 
2445	 7.15847625899806E-02 
2446	-5.82564170108325E-02 
2447	-0.181227038776202 
2448	-0.396239256889642 
2449	-0.538277648317281 
2450	-0.706002281378867 
2451	-1.70318540261577 
2452	-1.07729435480004 
2453	-1.69033975279814 
2454	-1.15816119811095 
2455	-0.234052389574255 
2456	-0.230438550163536 
2457	-1.24758572962047E-02 
2458	 0.107069597301003 
2459	-0.223578606976732 
2460	-0.163855809021866 
2461	-9.81476667725685E-02 
2462	-0.231445571861816 
2463	-0.26606939946782 
2464	-0.279083775556266 
2465	-0.473497056353901 
2466	-0.771851434122267 
2467	-0.68038436330653 
2468	-1.08085563942714 
2469	-0.155142856721789 
2470	 0.242699939246381 
2471	 0.522656961907612 
2472	-0.175143683530637 
2473	-0.345921077043444 
2474	-1.07756244160263 
2475	-1.38458885412968 
2476	-1.66428048710532 
2477	-9.54651499119212 
2478	-6.51625546691487 
2479	 5.08000108079088 
2480	 0.476668301378129 
2481	 3.74167521656487E-02 
2482	 0.437569578861808 
2483	 0.464595268380532 
2484	 0.775466373501036 
2485	 1.30904726602759 
2486	 0.595544129281323 
2487	 0.232196124682159 
2488	 0.26989858089667 
2489	 6.51302801080745E-02 
2490	-0.12637901390628 
2491	 0.398679224405205 
2492	 0.568680864839279 
2493	 0.336907065758109 
2494	 0.265458422399081 
2495	 0.109830431245462 
2496	 0.259356868186407 
2497	 0.88850800420689 
2498	 1.1199220471874 
2499	 0.355173976793949 
2500	 0.462201172372181 
